30
1
30
 -0.0926548   -0.170204   0.0715591   -0.157432  -0.0299143  -0.0376334   -0.246943   -0.169767 -0.00646441    0.496927    0.240679   0.0870287   0.0236965  -0.0606844  0.00130896    0.299375  -0.0591687   -0.229045   -0.167754    0.076376   -0.167526  -0.0728478  -0.0951705   -0.188227    0.120451   -0.396517    0.136616    0.197573   0.0375815   -0.188241
 -74.661 -49.0859 -44.5171 -22.0386 -49.0018  -24.275 -35.5444 -9.82734 -18.0088  -23.352 -26.1192 -33.6416 -34.5647  -43.577 -46.6681 -35.4815 -33.0958 -18.2245 -40.7102 -38.2349 -29.1715 -26.6546 -24.9094 -39.5479 -38.1514 -56.8208 -40.1789 -28.6449 -47.5391 -26.0331
-49.0859  -63.928 -37.4382 -24.3416 -25.3329 -24.9321 -31.3577 -17.4867 -23.9599 -20.2332 -24.5027 -25.6284 -40.2971 -46.1247 -46.3956 -33.6563 -29.3092 -23.1701 -42.6285 -42.4478 -47.7181 -34.7713  -27.733 -33.4464 -33.9806 -36.7396 -34.6595 -22.3442 -44.8538 -25.1114
-44.5171 -37.4382 -84.0514 -29.0978  -31.526   -36.15 -39.5047 -26.8858 -23.2182 -29.5802 -11.4473 -35.9528 -44.0839 -43.2545 -26.7562 -28.9265 -27.8739 -20.4159 -42.6742 -46.6302 -46.3363 -27.1145 -35.8313 -17.8089 -42.6611 -41.0896 -42.7351 -27.5008 -45.4963 -12.8832
-22.0386 -24.3416 -29.0978 -55.9972 -13.2874 -29.9312 -38.2004 -13.7781 -40.0625 -20.4711 -20.8038 -30.2844 -24.7327 -26.9729 -26.8375 -34.9748 -22.1691 -30.6553 -28.3079 -28.2891 -26.8907 -24.8788 -24.4391 -20.0547 -25.1469 -32.3607 -29.7987 -6.16938  -32.433  -16.052
-49.0018 -25.3329  -31.526 -13.2874 -69.9948 -23.6118 -32.7958  -19.036 -13.7581 -23.0632 -16.4279 -40.9113  -23.261 -25.1995 -34.2134 -23.6896 -35.3507 -17.0678 -34.1011 -12.8671  -26.573 -11.8799 -25.6388 -26.7555 -34.2092 -43.3527 -31.6742 -35.4132 -36.9256 -27.1084
 -24.275 -24.9321   -36.15 -29.9312 -23.6118 -64.2384 -34.2142 -27.1644 -30.3654 -20.8585 -14.2212 -33.9277 -34.7933 -24.1634 -20.3451 -30.5946 -23.8421 -24.2473 -38.7913 -24.8938 -19.2821 -16.5582 -19.2043 -23.9297 -27.2007 -26.5776 -22.1769 -25.8046 -23.2287 -7.38576
-35.5444 -31.3577 -39.5047 -38.2004 -32.7958 -34.2142 -70.0147 -15.6803 -26.8274 -37.1258 -18.7707  -41.413 -17.3075 -33.9209 -28.3779 -31.8681 -27.8216 -25.5868 -37.3287  -35.772 -36.4278 -25.7272 -11.9523 -22.8747 -35.5964 -34.9281 -46.0953 -22.3274 -33.9277 -26.0661
-9.82734 -17.4867 -26.8858 -13.7781  -19.036 -27.1644 -15.6803 -55.3224 -23.9379  -8.5417 -8.66172 -11.8332  -27.194 -19.1269 -20.7356 -14.3207  -22.817 -28.6394 -29.0232 -16.7132 -25.8503 -15.5992 -29.4697  -14.098 -18.3193 -10.2125 -16.1101 -17.8858 -10.8396 -5.89273
-18.0088 -23.9599 -23.2182 -40.0625 -13.7581 -30.3654 -26.8274 -23.9379 -57.8018 -23.5451 -20.8219 -21.8591 -31.9165 -21.4681  -32.158 -30.9216 -28.2489 -31.6314 -34.7184 -18.7641 -26.5144 -19.5703 -25.7872 -22.2417 -29.1869  -24.059 -23.4394  6.04022 -25.9603 -14.0738
 -23.352 -20.2332 -29.5802 -20.4711 -23.0632 -20.8585 -37.1258  -8.5417 -23.5451 -80.1048 -17.1966 -36.8992  -21.314 -34.0105  -20.238 -30.8226 -38.0818 -19.6394 -42.2489 -38.2916 -30.1457 -27.6857 -15.7173 -20.5285 -24.9329 -23.7049   -42.45 -12.2054   -38.95 -37.8167
-26.1192 -24.5027 -11.4473 -20.8038 -16.4279 -14.2212 -18.7707 -8.66172 -20.8219 -17.1966 -44.6892 -28.7083 -18.7282 -34.7211 -20.5497 -17.3712  -17.203 -8.13581  -19.862 -23.0327 -10.5885 -15.4363   1.2006 -20.9624 -19.5109 -19.7192 -21.8489 -9.12593 -25.9528 -16.2229
-33.6416 -25.6284 -35.9528 -30.2844 -40.9113 -33.9277  -41.413 -11.8332 -21.8591 -36.8992 -28.7083 -74.9812 -23.9181  -40.113 -22.1697 -30.1897  -26.111 -19.6816 -33.4138 -37.4498 -27.7892 -30.2987 -15.0383 -22.7632 -44.0716 -37.5263 -44.3072 -29.0335 -35.2136 -34.9493
-34.5647 -40.2971 -44.0839 -24.7327  -23.261 -34.7933 -17.3075  -27.194 -31.9165  -21.314 -18.7282 -23.9181 -83.4184 -38.0519 -51.8645 -32.6982 -32.7927 -27.1056 -39.6763 -28.7655 -42.8947 -14.4132 -41.2223  -23.082 -12.6523  -34.171 -27.9766 -14.4746  -36.109 -10.4868
 -43.577 -46.1247 -43.2545 -26.9729 -25.1995 -24.1634 -33.9209 -19.1269 -21.4681 -34.0105 -34.7211  -40.113 -38.0519 -85.6625 -41.2676 -35.6315 -28.3001 -17.1722 -44.2062 -47.9193 -46.4761 -34.7178 -24.8717 -36.3788 -33.6166 -41.1525 -38.2445 -21.3868 -39.9534 -17.9805
-46.6681 -46.3956 -26.7562 -26.8375 -34.2134 -20.3451 -28.3779 -20.7356  -32.158  -20.238 -20.5497 -22.1697 -51.8645 -41.2676 -77.1133 -41.1343 -40.2133 -30.3226 -42.5313 -27.0493 -40.5685 -23.4764  -38.438 -35.0556 -22.6206 -39.8385 -32.3553 -16.0935 -39.5997 -25.4388
-35.4815 -33.6563 -28.9265 -34.9748 -23.6896 -30.5946 -31.8681 -14.3207 -30.9216 -30.8226 -17.3712 -30.1897 -32.6982 -35.6315 -41.1343 -63.6737 -42.0576 -26.2715 -41.7463 -36.9414 -24.2963 -27.3379 -34.6296 -25.7424 -19.5311 -31.1739 -25.4213 -22.6605 -43.0177 -17.2417
-33.0958 -29.3092 -27.8739 -22.1691 -35.3507 -23.8421 -27.8216  -22.817 -28.2489 -38.0818  -17.203  -26.111 -32.7927 -28.3001 -40.2133 -42.0576 -67.8166 -18.4847 -45.4889 -27.3151 -29.1729 -14.2259 -25.1048 -19.9938 -16.7681  -29.415 -34.4191 -30.0697 -38.1554 -28.9397
  -18.2245   -23.1701   -20.4159   -30.6553   -17.0678   -24.2473   -25.5868   -28.6394   -31.6314   -19.6394   -8.13581   -19.6816   -27.1056   -17.1722   -30.3226   -26.2715   -18.4847   -72.8059   -26.2822   -18.3668   -21.9619   -38.9994   -34.3434   -41.5056   -22.9943   -21.9492    -27.637 0.00321169   -11.4367   -11.2168
-40.7102 -42.6285 -42.6742 -28.3079 -34.1011 -38.7913 -37.3287 -29.0232 -34.7184 -42.2489  -19.862 -33.4138 -39.6763 -44.2062 -42.5313 -41.7463 -45.4889 -26.2822 -71.8364 -39.0181 -40.5087 -35.5856 -39.8854 -25.0198 -25.4334 -40.4935 -45.0953 -26.8115 -52.6217 -23.5023
-38.2349 -42.4478 -46.6302 -28.2891 -12.8671 -24.8938  -35.772 -16.7132 -18.7641 -38.2916 -23.0327 -37.4498 -28.7655 -47.9193 -27.0493 -36.9414 -27.3151 -18.3668 -39.0181 -71.8784 -35.6532 -43.8563 -22.1852 -23.4429 -33.7514 -36.3306 -43.3119 -25.9867 -40.1535 -23.5187
-29.1715 -47.7181 -46.3363 -26.8907  -26.573 -19.2821 -36.4278 -25.8503 -26.5144 -30.1457 -10.5885 -27.7892 -42.8947 -46.4761 -40.5685 -24.2963 -29.1729 -21.9619 -40.5087 -35.6532 -75.9914 -25.4627 -38.1134 -23.7328 -37.5093 -34.1855 -38.6614 -19.3101 -42.5469 -30.3648
-26.6546 -34.7713 -27.1145 -24.8788 -11.8799 -16.5582 -25.7272 -15.5992 -19.5703 -27.6857 -15.4363 -30.2987 -14.4132 -34.7178 -23.4764 -27.3379 -14.2259 -38.9994 -35.5856 -43.8563 -25.4627 -64.5976 -26.7021 -30.0428 -31.2295 -37.7569 -34.4062 -7.96239 -31.5686 -23.9606
-24.9094  -27.733 -35.8313 -24.4391 -25.6388 -19.2043 -11.9523 -29.4697 -25.7872 -15.7173   1.2006 -15.0383 -41.2223 -24.8717  -38.438 -34.6296 -25.1048 -34.3434 -39.8854 -22.1852 -38.1134 -26.7021 -62.6095 -21.2217 -14.0671 -33.4879 -22.9805 -16.2268  -37.116 -9.40012
-39.5479 -33.4464 -17.8089 -20.0547 -26.7555 -23.9297 -22.8747  -14.098 -22.2417 -20.5285 -20.9624 -22.7632  -23.082 -36.3788 -35.0556 -25.7424 -19.9938 -41.5056 -25.0198 -23.4429 -23.7328 -30.0428 -21.2217 -67.7538 -37.2573 -40.0371 -33.0132 -7.83344 -16.5762 -17.9963
-38.1514 -33.9806 -42.6611 -25.1469 -34.2092 -27.2007 -35.5964 -18.3193 -29.1869 -24.9329 -19.5109 -44.0716 -12.6523 -33.6166 -22.6206 -19.5311 -16.7681 -22.9943 -25.4334 -33.7514 -37.5093 -31.2295 -14.0671 -37.2573 -75.9522 -34.7867 -42.5319   -11.16 -26.4755 -35.0737
-56.8208 -36.7396 -41.0896 -32.3607 -43.3527 -26.5776 -34.9281 -10.2125  -24.059 -23.7049 -19.7192 -37.5263  -34.171 -41.1525 -39.8385 -31.1739  -29.415 -21.9492 -40.4935 -36.3306 -34.1855 -37.7569 -33.4879 -40.0371 -34.7867  -89.792 -45.2672 -25.0041 -47.8687 -28.3166
-40.1789 -34.6595 -42.7351 -29.7987 -31.6742 -22.1769 -46.0953 -16.1101 -23.4394   -42.45 -21.8489 -44.3072 -27.9766 -38.2445 -32.3553 -25.4213 -34.4191  -27.637 -45.0953 -43.3119 -38.6614 -34.4062 -22.9805 -33.0132 -42.5319 -45.2672  -75.358 -19.9653 -38.6725 -39.5452
  -28.6449   -22.3442   -27.5008   -6.16938   -35.4132   -25.8046   -22.3274   -17.8858    6.04022   -12.2054   -9.12593   -29.0335   -14.4746   -21.3868   -16.0935   -22.6605   -30.0697 0.00321169   -26.8115   -25.9867   -19.3101   -7.96239   -16.2268   -7.83344     -11.16   -25.0041   -19.9653   -53.0186    -29.551   -15.3715
-47.5391 -44.8538 -45.4963  -32.433 -36.9256 -23.2287 -33.9277 -10.8396 -25.9603   -38.95 -25.9528 -35.2136  -36.109 -39.9534 -39.5997 -43.0177 -38.1554 -11.4367 -52.6217 -40.1535 -42.5469 -31.5686  -37.116 -16.5762 -26.4755 -47.8687 -38.6725  -29.551 -76.0536 -32.5083
-26.0331 -25.1114 -12.8832  -16.052 -27.1084 -7.38576 -26.0661 -5.89273 -14.0738 -37.8167 -16.2229 -34.9493 -10.4868 -17.9805 -25.4388 -17.2417 -28.9397 -11.2168 -23.5023 -23.5187 -30.3648 -23.9606 -9.40012 -17.9963 -35.0737 -28.3166 -39.5452 -15.3715 -32.5083   -56.44
 0.776514 -0.020201 -0.751163  0.245545   2.14981   1.39765   2.72354   2.90268 -0.803639  0.250377   1.67494  0.816911 -0.528101  0.529814  0.998547        -0        -0        -0        -0        -0        -0        -0        -0        -0        -0        -0        -0        -0        -0        -0
 -0.020201  -0.631616     1.1439  -0.227757 -0.0456167    2.97605      2.685    1.96986   0.720847    2.28014    2.47892    1.18176    1.25483   0.381048   0.488875         -0         -0         -0         -0         -0         -0         -0         -0         -0         -0         -0         -0         -0         -0         -0
-0.751163    1.1439   1.41354    2.7777  -0.74887  0.687155   2.69066 -0.339524   1.22538 -0.639765   1.10916  0.376384  0.223452  0.821359 -0.490034        -0        -0        -0        -0        -0        -0        -0        -0        -0        -0        -0        -0        -0        -0        -0
  0.245545  -0.227757     2.7777    1.67597   0.563357    1.17536    2.97467   0.589832    2.88702   0.910853 -0.0996718    1.17715    1.58105     1.9062      2.222         -0         -0         -0         -0         -0         -0         -0         -0         -0         -0         -0         -0         -0         -0         -0
   2.14981 -0.0456167   -0.74887   0.563357    1.80976    1.65202   0.248358   0.145217   0.695515  -0.130026    2.36595   -0.90739    2.15516    2.55819  -0.930071         -0         -0         -0         -0         -0         -0         -0         -0         -0         -0         -0         -0         -0         -0         -0
  1.39765   2.97605  0.687155   1.17536   1.65202   2.93333   1.50042   2.31249   2.47374  0.505452   2.80467   1.24636 -0.410601  0.913968   2.66513        -0        -0        -0        -0        -0        -0        -0        -0        -0        -0        -0        -0        -0        -0        -0
  2.72354     2.685   2.69066   2.97467  0.248358   1.50042 -0.171111  0.523158   1.38745  0.223346 -0.625929    2.6826   1.38572  0.152556    2.8114        -0        -0        -0        -0        -0        -0        -0        -0        -0        -0        -0        -0        -0        -0        -0
  2.90268   1.96986 -0.339524  0.589832  0.145217   2.31249  0.523158 -0.495458    1.5244   1.39313  0.753396  0.315956   2.52923   2.24079   1.45565        -0        -0        -0        -0        -0        -0        -0        -0        -0        -0        -0        -0        -0        -0        -0
-0.803639  0.720847   1.22538   2.88702  0.695515   2.47374   1.38745    1.5244    2.2343   1.00999   1.32907  -0.36051    1.3428   2.22992   2.19436        -0        -0        -0        -0        -0        -0        -0        -0        -0        -0        -0        -0        -0        -0        -0
 0.250377   2.28014 -0.639765  0.910853 -0.130026  0.505452  0.223346   1.39313   1.00999   1.12937   2.60837  0.692593 -0.285202  0.792046   1.15419        -0        -0        -0        -0        -0        -0        -0        -0        -0        -0        -0        -0        -0        -0        -0
   1.67494    2.47892    1.10916 -0.0996718    2.36595    2.80467  -0.625929   0.753396    1.32907    2.60837  -0.634572    2.44532     2.1376 -0.0666139    2.17045         -0         -0         -0         -0         -0         -0         -0         -0         -0         -0         -0         -0         -0         -0         -0
0.816911  1.18176 0.376384  1.17715 -0.90739  1.24636   2.6826 0.315956 -0.36051 0.692593  2.44532  1.46197  1.70822  1.67525  1.33195       -0       -0       -0       -0       -0       -0       -0       -0       -0       -0       -0       -0       -0       -0       -0
-0.528101   1.25483  0.223452   1.58105   2.15516 -0.410601   1.38572   2.52923    1.3428 -0.285202    2.1376   1.70822   2.43357 -0.745984 -0.137584        -0        -0        -0        -0        -0        -0        -0        -0        -0        -0        -0        -0        -0        -0        -0
  0.529814   0.381048   0.821359     1.9062    2.55819   0.913968   0.152556    2.24079    2.22992   0.792046 -0.0666139    1.67525  -0.745984  0.0169769    1.60402         -0         -0         -0         -0         -0         -0         -0         -0         -0         -0         -0         -0         -0         -0         -0
 0.998547  0.488875 -0.490034     2.222 -0.930071   2.66513    2.8114   1.45565   2.19436   1.15419   2.17045   1.33195 -0.137584   1.60402  0.896091        -0        -0        -0        -0        -0        -0        -0        -0        -0        -0        -0        -0        -0        -0        -0
       -0        -0        -0        -0        -0        -0        -0        -0        -0        -0        -0        -0        -0        -0        -0 -0.776514  0.020201  0.751163 -0.245545  -2.14981  -1.39765  -2.72354  -2.90268  0.803639 -0.250377  -1.67494 -0.816911  0.528101 -0.529814 -0.998547
       -0        -0        -0        -0        -0        -0        -0        -0        -0        -0        -0        -0        -0        -0        -0  0.020201  0.631616   -1.1439  0.227757 0.0456167  -2.97605    -2.685  -1.96986 -0.720847  -2.28014  -2.47892  -1.18176  -1.25483 -0.381048 -0.488875
       -0        -0        -0        -0        -0        -0        -0        -0        -0        -0        -0        -0        -0        -0        -0  0.751163   -1.1439  -1.41354   -2.7777   0.74887 -0.687155  -2.69066  0.339524  -1.22538  0.639765  -1.10916 -0.376384 -0.223452 -0.821359  0.490034
       -0        -0        -0        -0        -0        -0        -0        -0        -0        -0        -0        -0        -0        -0        -0 -0.245545  0.227757   -2.7777  -1.67597 -0.563357  -1.17536  -2.97467 -0.589832  -2.88702 -0.910853 0.0996718  -1.17715  -1.58105   -1.9062    -2.222
       -0        -0        -0        -0        -0        -0        -0        -0        -0        -0        -0        -0        -0        -0        -0  -2.14981 0.0456167   0.74887 -0.563357  -1.80976  -1.65202 -0.248358 -0.145217 -0.695515  0.130026  -2.36595   0.90739  -2.15516  -2.55819  0.930071
       -0        -0        -0        -0        -0        -0        -0        -0        -0        -0        -0        -0        -0        -0        -0  -1.39765  -2.97605 -0.687155  -1.17536  -1.65202  -2.93333  -1.50042  -2.31249  -2.47374 -0.505452  -2.80467  -1.24636  0.410601 -0.913968  -2.66513
       -0        -0        -0        -0        -0        -0        -0        -0        -0        -0        -0        -0        -0        -0        -0  -2.72354    -2.685  -2.69066  -2.97467 -0.248358  -1.50042  0.171111 -0.523158  -1.38745 -0.223346  0.625929   -2.6826  -1.38572 -0.152556   -2.8114
       -0        -0        -0        -0        -0        -0        -0        -0        -0        -0        -0        -0        -0        -0        -0  -2.90268  -1.96986  0.339524 -0.589832 -0.145217  -2.31249 -0.523158  0.495458   -1.5244  -1.39313 -0.753396 -0.315956  -2.52923  -2.24079  -1.45565
       -0        -0        -0        -0        -0        -0        -0        -0        -0        -0        -0        -0        -0        -0        -0  0.803639 -0.720847  -1.22538  -2.88702 -0.695515  -2.47374  -1.38745   -1.5244   -2.2343  -1.00999  -1.32907   0.36051   -1.3428  -2.22992  -2.19436
       -0        -0        -0        -0        -0        -0        -0        -0        -0        -0        -0        -0        -0        -0        -0 -0.250377  -2.28014  0.639765 -0.910853  0.130026 -0.505452 -0.223346  -1.39313  -1.00999  -1.12937  -2.60837 -0.692593  0.285202 -0.792046  -1.15419
       -0        -0        -0        -0        -0        -0        -0        -0        -0        -0        -0        -0        -0        -0        -0  -1.67494  -2.47892  -1.10916 0.0996718  -2.36595  -2.80467  0.625929 -0.753396  -1.32907  -2.60837  0.634572  -2.44532   -2.1376 0.0666139  -2.17045
       -0        -0        -0        -0        -0        -0        -0        -0        -0        -0        -0        -0        -0        -0        -0 -0.816911  -1.18176 -0.376384  -1.17715   0.90739  -1.24636   -2.6826 -0.315956   0.36051 -0.692593  -2.44532  -1.46197  -1.70822  -1.67525  -1.33195
       -0        -0        -0        -0        -0        -0        -0        -0        -0        -0        -0        -0        -0        -0        -0  0.528101  -1.25483 -0.223452  -1.58105  -2.15516  0.410601  -1.38572  -2.52923   -1.3428  0.285202   -2.1376  -1.70822  -2.43357  0.745984  0.137584
        -0         -0         -0         -0         -0         -0         -0         -0         -0         -0         -0         -0         -0         -0         -0  -0.529814  -0.381048  -0.821359    -1.9062   -2.55819  -0.913968  -0.152556   -2.24079   -2.22992  -0.792046  0.0666139   -1.67525   0.745984 -0.0169769   -1.60402
       -0        -0        -0        -0        -0        -0        -0        -0        -0        -0        -0        -0        -0        -0        -0 -0.998547 -0.488875  0.490034    -2.222  0.930071  -2.66513   -2.8114  -1.45565  -2.19436  -1.15419  -2.17045  -1.33195  0.137584  -1.60402 -0.896091
-0.497982 -0.602346   2.99515   2.21974   2.38816 -0.919696 0.0775656 -0.461032   1.37737 -0.614523  0.200655 -0.834602 -0.280214   1.39992   1.43237        -0        -0        -0        -0        -0        -0        -0        -0        -0        -0        -0        -0        -0        -0        -0
-0.602346   -0.7628   1.78923   2.35739   1.69906    1.6757 0.0534657   1.98164 -0.204033   0.92183   2.86617  0.897716   1.64709 -0.871282   2.01269        -0        -0        -0        -0        -0        -0        -0        -0        -0        -0        -0        -0        -0        -0        -0
  2.99515   1.78923  0.949259  0.642377    1.8734  -0.52971   2.58089 -0.974426   2.97893  0.196596 -0.331138   2.36116 -0.683858  0.362091 0.0918209        -0        -0        -0        -0        -0        -0        -0        -0        -0        -0        -0        -0        -0        -0        -0
   2.21974    2.35739   0.642377  -0.264892   0.337422   0.722681    2.95096 0.00925859   0.958261  -0.588949   0.179582   0.361994   0.388647   0.761079    1.74851         -0         -0         -0         -0         -0         -0         -0         -0         -0         -0         -0         -0         -0         -0         -0
  2.38816   1.69906    1.8734  0.337422  0.971346   2.41081   1.39089 -0.295682 -0.253072   1.93109  0.824432   1.30877   2.82667  0.490712 -0.598661        -0        -0        -0        -0        -0        -0        -0        -0        -0        -0        -0        -0        -0        -0        -0
-0.919696    1.6757  -0.52971  0.722681   2.41081 -0.264699  0.552238   2.43639   1.36981  0.900913   0.41579   1.29225   1.14057   2.67086 -0.081509        -0        -0        -0        -0        -0        -0        -0        -0        -0        -0        -0        -0        -0        -0        -0
0.0775656 0.0534657   2.58089   2.95096   1.39089  0.552238   2.93696   0.74456    2.5105   2.84744    2.5494   2.26291   1.80444 -0.946671 -0.110918        -0        -0        -0        -0        -0        -0        -0        -0        -0        -0        -0        -0        -0        -0        -0
 -0.461032    1.98164  -0.974426 0.00925859  -0.295682    2.43639    0.74456    2.52858  -0.316112  -0.324351   0.334931     1.1562    2.37607   -0.24638    2.20578         -0         -0         -0         -0         -0         -0         -0         -0         -0         -0         -0         -0         -0         -0         -0
  1.37737 -0.204033   2.97893  0.958261 -0.253072   1.36981    2.5105 -0.316112   2.08742  0.429488   1.09968    1.9679   2.47551   0.82706 -0.705443        -0        -0        -0        -0        -0        -0        -0        -0        -0        -0        -0        -0        -0        -0        -0
 -0.614523    0.92183   0.196596  -0.588949    1.93109   0.900913    2.84744  -0.324351   0.429488   0.015036    1.63681  -0.307604 -0.0958853    2.02123  -0.635413         -0         -0         -0         -0         -0         -0         -0         -0         -0         -0         -0         -0         -0         -0         -0
 0.200655   2.86617 -0.331138  0.179582  0.824432   0.41579    2.5494  0.334931   1.09968   1.63681   1.47663   2.17124   1.01288  0.446015 -0.890109        -0        -0        -0        -0        -0        -0        -0        -0        -0        -0        -0        -0        -0        -0        -0
  -0.834602    0.897716     2.36116    0.361994     1.30877     1.29225     2.26291      1.1562      1.9679   -0.307604     2.17124     1.96117    0.952137 -0.00170102     1.30744          -0          -0          -0          -0          -0          -0          -0          -0          -0          -0          -0          -0          -0          -0          -0
 -0.280214    1.64709  -0.683858   0.388647    2.82667    1.14057    1.80444    2.37607    2.47551 -0.0958853    1.01288   0.952137  -0.039415   0.982395    1.31672         -0         -0         -0         -0         -0         -0         -0         -0         -0         -0         -0         -0         -0         -0         -0
    1.39992   -0.871282    0.362091    0.761079    0.490712     2.67086   -0.946671    -0.24638     0.82706     2.02123    0.446015 -0.00170102    0.982395     1.29291   0.0704756          -0          -0          -0          -0          -0          -0          -0          -0          -0          -0          -0          -0          -0          -0          -0
  1.43237   2.01269 0.0918209   1.74851 -0.598661 -0.081509 -0.110918   2.20578 -0.705443 -0.635413 -0.890109   1.30744   1.31672 0.0704756   1.27076        -0        -0        -0        -0        -0        -0        -0        -0        -0        -0        -0        -0        -0        -0        -0
        -0         -0         -0         -0         -0         -0         -0         -0         -0         -0         -0         -0         -0         -0         -0   0.497982   0.602346   -2.99515   -2.21974   -2.38816   0.919696 -0.0775656   0.461032   -1.37737   0.614523  -0.200655   0.834602   0.280214   -1.39992   -1.43237
        -0         -0         -0         -0         -0         -0         -0         -0         -0         -0         -0         -0         -0         -0         -0   0.602346     0.7628   -1.78923   -2.35739   -1.69906    -1.6757 -0.0534657   -1.98164   0.204033   -0.92183   -2.86617  -0.897716   -1.64709   0.871282   -2.01269
        -0         -0         -0         -0         -0         -0         -0         -0         -0         -0         -0         -0         -0         -0         -0   -2.99515   -1.78923  -0.949259  -0.642377    -1.8734    0.52971   -2.58089   0.974426   -2.97893  -0.196596   0.331138   -2.36116   0.683858  -0.362091 -0.0918209
         -0          -0          -0          -0          -0          -0          -0          -0          -0          -0          -0          -0          -0          -0          -0    -2.21974    -2.35739   -0.642377    0.264892   -0.337422   -0.722681    -2.95096 -0.00925859   -0.958261    0.588949   -0.179582   -0.361994   -0.388647   -0.761079    -1.74851
       -0        -0        -0        -0        -0        -0        -0        -0        -0        -0        -0        -0        -0        -0        -0  -2.38816  -1.69906   -1.8734 -0.337422 -0.971346  -2.41081  -1.39089  0.295682  0.253072  -1.93109 -0.824432  -1.30877  -2.82667 -0.490712  0.598661
       -0        -0        -0        -0        -0        -0        -0        -0        -0        -0        -0        -0        -0        -0        -0  0.919696   -1.6757   0.52971 -0.722681  -2.41081  0.264699 -0.552238  -2.43639  -1.36981 -0.900913  -0.41579  -1.29225  -1.14057  -2.67086  0.081509
        -0         -0         -0         -0         -0         -0         -0         -0         -0         -0         -0         -0         -0         -0         -0 -0.0775656 -0.0534657   -2.58089   -2.95096   -1.39089  -0.552238   -2.93696   -0.74456    -2.5105   -2.84744    -2.5494   -2.26291   -1.80444   0.946671   0.110918
         -0          -0          -0          -0          -0          -0          -0          -0          -0          -0          -0          -0          -0          -0          -0    0.461032    -1.98164    0.974426 -0.00925859    0.295682    -2.43639    -0.74456    -2.52858    0.316112    0.324351   -0.334931     -1.1562    -2.37607     0.24638    -2.20578
       -0        -0        -0        -0        -0        -0        -0        -0        -0        -0        -0        -0        -0        -0        -0  -1.37737  0.204033  -2.97893 -0.958261  0.253072  -1.36981   -2.5105  0.316112  -2.08742 -0.429488  -1.09968   -1.9679  -2.47551  -0.82706  0.705443
       -0        -0        -0        -0        -0        -0        -0        -0        -0        -0        -0        -0        -0        -0        -0  0.614523  -0.92183 -0.196596  0.588949  -1.93109 -0.900913  -2.84744  0.324351 -0.429488 -0.015036  -1.63681  0.307604 0.0958853  -2.02123  0.635413
       -0        -0        -0        -0        -0        -0        -0        -0        -0        -0        -0        -0        -0        -0        -0 -0.200655  -2.86617  0.331138 -0.179582 -0.824432  -0.41579   -2.5494 -0.334931  -1.09968  -1.63681  -1.47663  -2.17124  -1.01288 -0.446015  0.890109
        -0         -0         -0         -0         -0         -0         -0         -0         -0         -0         -0         -0         -0         -0         -0   0.834602  -0.897716   -2.36116  -0.361994   -1.30877   -1.29225   -2.26291    -1.1562    -1.9679   0.307604   -2.17124   -1.96117  -0.952137 0.00170102   -1.30744
       -0        -0        -0        -0        -0        -0        -0        -0        -0        -0        -0        -0        -0        -0        -0  0.280214  -1.64709  0.683858 -0.388647  -2.82667  -1.14057  -1.80444  -2.37607  -2.47551 0.0958853  -1.01288 -0.952137  0.039415 -0.982395  -1.31672
        -0         -0         -0         -0         -0         -0         -0         -0         -0         -0         -0         -0         -0         -0         -0   -1.39992   0.871282  -0.362091  -0.761079  -0.490712   -2.67086   0.946671    0.24638   -0.82706   -2.02123  -0.446015 0.00170102  -0.982395   -1.29291 -0.0704756
        -0         -0         -0         -0         -0         -0         -0         -0         -0         -0         -0         -0         -0         -0         -0   -1.43237   -2.01269 -0.0918209   -1.74851   0.598661   0.081509   0.110918   -2.20578   0.705443   0.635413   0.890109   -1.30744   -1.31672 -0.0704756   -1.27076
 0.781099 -0.915862    1.9672 -0.626784  0.863248   2.81047   1.67243   -0.7612   2.14662   2.48606  0.495374  0.832972 -0.974188  0.576619  0.480911        -0        -0        -0        -0        -0        -0        -0        -0        -0        -0        -0        -0        -0        -0        -0
-0.915862 -0.279211 -0.179212  0.142675   1.46573   2.35364  -0.20081  -0.85517   2.52105 -0.054191  0.583415 -0.528447   2.98357  0.158265   2.50173        -0        -0        -0        -0        -0        -0        -0        -0        -0        -0        -0        -0        -0        -0        -0
   1.9672 -0.179212   2.65329  0.484804  0.895918   1.25826   0.75634 -0.997983   1.80268   2.60253  -0.64686   1.19679   1.75748  0.826815  0.826526        -0        -0        -0        -0        -0        -0        -0        -0        -0        -0        -0        -0        -0        -0        -0
 -0.626784   0.142675   0.484804    2.76863    0.51654   0.295276  -0.431656    1.49706 -0.0970373    2.48807  -0.701942   0.435507  -0.621048    2.77341  -0.761607         -0         -0         -0         -0         -0         -0         -0         -0         -0         -0         -0         -0         -0         -0         -0
 0.863248   1.46573  0.895918   0.51654   2.83241   2.12228   1.31573  0.440106 -0.910602   2.44287   1.48638   2.95963 -0.718369   1.59377   2.88068        -0        -0        -0        -0        -0        -0        -0        -0        -0        -0        -0        -0        -0        -0        -0
  2.81047   2.35364   1.25826  0.295276   2.12228 -0.423102  0.588748   2.12429  0.118415 0.0426405 -0.557462  0.639663   0.24386  0.786442   1.10816        -0        -0        -0        -0        -0        -0        -0        -0        -0        -0        -0        -0        -0        -0        -0
  1.67243  -0.20081   0.75634 -0.431656   1.31573  0.588748   1.42824   2.07396   1.49171   1.61237  0.416473   1.47815  -0.17851  0.413072  0.482253        -0        -0        -0        -0        -0        -0        -0        -0        -0        -0        -0        -0        -0        -0        -0
   -0.7612   -0.85517  -0.997983    1.49706   0.440106    2.12429    2.07396    2.68948    1.51764    1.51683 -0.0219113    1.57199   0.698104  0.0719181  -0.297831         -0         -0         -0         -0         -0         -0         -0         -0         -0         -0         -0         -0         -0         -0         -0
   2.14662    2.52105    1.80268 -0.0970373  -0.910602   0.118415    1.49171    1.51764   0.835448  -0.267878    1.96018  -0.843503    1.22195  -0.641565    2.80626         -0         -0         -0         -0         -0         -0         -0         -0         -0         -0         -0         -0         -0         -0         -0
  2.48606 -0.054191   2.60253   2.48807   2.44287 0.0426405   1.61237   1.51683 -0.267878 -0.575674   2.25192   2.21027   2.78167   0.56957    2.7042        -0        -0        -0        -0        -0        -0        -0        -0        -0        -0        -0        -0        -0        -0        -0
  0.495374   0.583415   -0.64686  -0.701942    1.48638  -0.557462   0.416473 -0.0219113    1.96018    2.25192    1.14782    1.99632 -0.0499757  -0.717813  -0.516166         -0         -0         -0         -0         -0         -0         -0         -0         -0         -0         -0         -0         -0         -0         -0
 0.832972 -0.528447   1.19679  0.435507   2.95963  0.639663   1.47815   1.57199 -0.843503   2.21027   1.99632   1.73727 -0.630235   2.35475 -0.243715        -0        -0        -0        -0        -0        -0        -0        -0        -0        -0        -0        -0        -0        -0        -0
 -0.974188    2.98357    1.75748  -0.621048  -0.718369    0.24386   -0.17851   0.698104    1.22195    2.78167 -0.0499757  -0.630235  -0.674362  -0.693156  -0.926033         -0         -0         -0         -0         -0         -0         -0         -0         -0         -0         -0         -0         -0         -0         -0
 0.576619  0.158265  0.826815   2.77341   1.59377  0.786442  0.413072 0.0719181 -0.641565   0.56957 -0.717813   2.35475 -0.693156   2.47591 -0.190528        -0        -0        -0        -0        -0        -0        -0        -0        -0        -0        -0        -0        -0        -0        -0
 0.480911   2.50173  0.826526 -0.761607   2.88068   1.10816  0.482253 -0.297831   2.80626    2.7042 -0.516166 -0.243715 -0.926033 -0.190528 -0.918423        -0        -0        -0        -0        -0        -0        -0        -0        -0        -0        -0        -0        -0        -0        -0
       -0        -0        -0        -0        -0        -0        -0        -0        -0        -0        -0        -0        -0        -0        -0 -0.781099  0.915862   -1.9672  0.626784 -0.863248  -2.81047  -1.67243    0.7612  -2.14662  -2.48606 -0.495374 -0.832972  0.974188 -0.576619 -0.480911
       -0        -0        -0        -0        -0        -0        -0        -0        -0        -0        -0        -0        -0        -0        -0  0.915862  0.279211  0.179212 -0.142675  -1.46573  -2.35364   0.20081   0.85517  -2.52105  0.054191 -0.583415  0.528447  -2.98357 -0.158265  -2.50173
       -0        -0        -0        -0        -0        -0        -0        -0        -0        -0        -0        -0        -0        -0        -0   -1.9672  0.179212  -2.65329 -0.484804 -0.895918  -1.25826  -0.75634  0.997983  -1.80268  -2.60253   0.64686  -1.19679  -1.75748 -0.826815 -0.826526
       -0        -0        -0        -0        -0        -0        -0        -0        -0        -0        -0        -0        -0        -0        -0  0.626784 -0.142675 -0.484804  -2.76863  -0.51654 -0.295276  0.431656  -1.49706 0.0970373  -2.48807  0.701942 -0.435507  0.621048  -2.77341  0.761607
       -0        -0        -0        -0        -0        -0        -0        -0        -0        -0        -0        -0        -0        -0        -0 -0.863248  -1.46573 -0.895918  -0.51654  -2.83241  -2.12228  -1.31573 -0.440106  0.910602  -2.44287  -1.48638  -2.95963  0.718369  -1.59377  -2.88068
        -0         -0         -0         -0         -0         -0         -0         -0         -0         -0         -0         -0         -0         -0         -0   -2.81047   -2.35364   -1.25826  -0.295276   -2.12228   0.423102  -0.588748   -2.12429  -0.118415 -0.0426405   0.557462  -0.639663   -0.24386  -0.786442   -1.10816
       -0        -0        -0        -0        -0        -0        -0        -0        -0        -0        -0        -0        -0        -0        -0  -1.67243   0.20081  -0.75634  0.431656  -1.31573 -0.588748  -1.42824  -2.07396  -1.49171  -1.61237 -0.416473  -1.47815   0.17851 -0.413072 -0.482253
        -0         -0         -0         -0         -0         -0         -0         -0         -0         -0         -0         -0         -0         -0         -0     0.7612    0.85517   0.997983   -1.49706  -0.440106   -2.12429   -2.07396   -2.68948   -1.51764   -1.51683  0.0219113   -1.57199  -0.698104 -0.0719181   0.297831
       -0        -0        -0        -0        -0        -0        -0        -0        -0        -0        -0        -0        -0        -0        -0  -2.14662  -2.52105  -1.80268 0.0970373  0.910602 -0.118415  -1.49171  -1.51764 -0.835448  0.267878  -1.96018  0.843503  -1.22195  0.641565  -2.80626
        -0         -0         -0         -0         -0         -0         -0         -0         -0         -0         -0         -0         -0         -0         -0   -2.48606   0.054191   -2.60253   -2.48807   -2.44287 -0.0426405   -1.61237   -1.51683   0.267878   0.575674   -2.25192   -2.21027   -2.78167   -0.56957    -2.7042
       -0        -0        -0        -0        -0        -0        -0        -0        -0        -0        -0        -0        -0        -0        -0 -0.495374 -0.583415   0.64686  0.701942  -1.48638  0.557462 -0.416473 0.0219113  -1.96018  -2.25192  -1.14782  -1.99632 0.0499757  0.717813  0.516166
       -0        -0        -0        -0        -0        -0        -0        -0        -0        -0        -0        -0        -0        -0        -0 -0.832972  0.528447  -1.19679 -0.435507  -2.95963 -0.639663  -1.47815  -1.57199  0.843503  -2.21027  -1.99632  -1.73727  0.630235  -2.35475  0.243715
       -0        -0        -0        -0        -0        -0        -0        -0        -0        -0        -0        -0        -0        -0        -0  0.974188  -2.98357  -1.75748  0.621048  0.718369  -0.24386   0.17851 -0.698104  -1.22195  -2.78167 0.0499757  0.630235  0.674362  0.693156  0.926033
        -0         -0         -0         -0         -0         -0         -0         -0         -0         -0         -0         -0         -0         -0         -0  -0.576619  -0.158265  -0.826815   -2.77341   -1.59377  -0.786442  -0.413072 -0.0719181   0.641565   -0.56957   0.717813   -2.35475   0.693156   -2.47591   0.190528
       -0        -0        -0        -0        -0        -0        -0        -0        -0        -0        -0        -0        -0        -0        -0 -0.480911  -2.50173 -0.826526  0.761607  -2.88068  -1.10816 -0.482253  0.297831  -2.80626   -2.7042  0.516166  0.243715  0.926033  0.190528  0.918423
 0.429229   1.59863   2.17744   2.00777   2.24093 -0.532058   1.63447    2.6924   2.34317 -0.340313   2.74966   1.78349   2.25149   2.78669  0.914126        -0        -0        -0        -0        -0        -0        -0        -0        -0        -0        -0        -0        -0        -0        -0
  1.59863    1.9299  0.857943    1.9117   1.48303  0.659533 -0.540452   1.98411  0.613517  0.963966   2.85367   2.03847   2.29115   1.30422  0.128138        -0        -0        -0        -0        -0        -0        -0        -0        -0        -0        -0        -0        -0        -0        -0
  2.17744  0.857943 -0.572396    2.6807   1.14094 -0.806442   2.39894   1.06936 -0.348771   2.46232   0.94561   1.85037 -0.585992   1.19306   1.17528        -0        -0        -0        -0        -0        -0        -0        -0        -0        -0        -0        -0        -0        -0        -0
  2.00777    1.9117    2.6807   2.17313   2.66853 -0.851353 -0.224586   2.88596    1.7421   1.72905 -0.599107   1.24581  0.197097   1.63706   1.32813        -0        -0        -0        -0        -0        -0        -0        -0        -0        -0        -0        -0        -0        -0        -0
  2.24093   1.48303   1.14094   2.66853   1.90031 -0.167336 -0.871921   2.13275   1.38893  0.849927   1.59577   0.76751   2.69204 -0.449971   1.32523        -0        -0        -0        -0        -0        -0        -0        -0        -0        -0        -0        -0        -0        -0        -0
-0.532058  0.659533 -0.806442 -0.851353 -0.167336   2.53041   1.29925   1.90202 -0.220693   1.59507 -0.665459 -0.299706   2.00978   2.96057   0.86732        -0        -0        -0        -0        -0        -0        -0        -0        -0        -0        -0        -0        -0        -0        -0
  1.63447 -0.540452   2.39894 -0.224586 -0.871921   1.29925 -0.969656   2.41637 0.0413503  0.631068    0.1802  -0.15912  0.531638   2.33736  0.337914        -0        -0        -0        -0        -0        -0        -0        -0        -0        -0        -0        -0        -0        -0        -0
   2.6924   1.98411   1.06936   2.88596   2.13275   1.90202   2.41637    1.1304   1.41928  0.266299   2.63712   2.39858 -0.127761   0.39091   2.85687        -0        -0        -0        -0        -0        -0        -0        -0        -0        -0        -0        -0        -0        -0        -0
  2.34317  0.613517 -0.348771    1.7421   1.38893 -0.220693 0.0413503   1.41928   2.16302 -0.274532   1.75382  0.966593    1.6469   2.35915   1.73956        -0        -0        -0        -0        -0        -0        -0        -0        -0        -0        -0        -0        -0        -0        -0
-0.340313  0.963966   2.46232   1.72905  0.849927   1.59507  0.631068  0.266299 -0.274532 -0.415078 -0.656778  0.566348 -0.714545  0.303948   2.98482        -0        -0        -0        -0        -0        -0        -0        -0        -0        -0        -0        -0        -0        -0        -0
  2.74966   2.85367   0.94561 -0.599107   1.59577 -0.665459    0.1802   2.63712   1.75382 -0.656778   1.12892    2.9835  0.215461   1.95726 -0.857672        -0        -0        -0        -0        -0        -0        -0        -0        -0        -0        -0        -0        -0        -0        -0
