30
1
30
  0.021405  0.0413313   0.170268 -0.0883624   0.196941   0.165523   0.179762  -0.299271  -0.122319   0.058422   0.134939   0.238645   0.153139 -0.0270736  -0.215968    0.42516 -0.0785019 -0.0701356  -0.363791  -0.173948 -0.0511848   0.163164  -0.149191  0.0226243   0.281809  -0.167947 -0.0504761   0.131865  -0.045782  -0.269259
-64.3657 -33.2083 -35.7776 -46.1022 -44.0399 -16.7838 -43.1287 -11.6291 -43.5752 -29.9724 -31.7853 -41.1811 -37.1283 -30.8576 -39.7459  -40.118 -29.3552 -33.7125 -45.2947 -42.6143  -30.878  -24.114 -39.2147 -28.1433 -30.2199  -18.934 -42.3017  -31.099 -23.3024 -47.2945
-33.2083 -85.7434 -31.2968 -47.5682 -40.8095  -24.711 -51.4672 -20.6264 -54.9539 -16.5827 -55.0386 -44.9735 -35.0829 -28.1416 -51.0094 -34.8351 -35.4115 -38.6404 -46.9514 -31.1221 -47.0722 -38.9124 -36.3062 -37.5739 -14.9548 -18.9059 -44.3034  -38.377 -39.1492 -34.7135
-35.7776 -31.2968 -70.0816 -46.9689 -40.0101 -21.8321 -36.8543 -22.5853 -42.1853 -37.3858 -34.8512 -44.8859 -36.0872 -20.9913 -41.7142 -26.6838 -37.8746 -38.4082  -38.128  -49.647 -33.9806 -28.3376  -45.491 -21.2507 -23.7721 -24.6185 -47.9603 -39.6567 -38.4042 -30.3392
-46.1022 -47.5682 -46.9689 -91.6708 -44.9733 -24.1319  -47.248 -19.5492 -63.1352 -31.8443  -42.316 -43.8665 -45.3279 -36.9563 -47.9638 -32.5342 -29.1156  -40.902 -46.7675 -54.6845 -44.7222 -37.6625 -46.7571 -30.0447 -26.9262 -38.9576 -48.3443 -54.5273 -38.1163 -28.6414
-44.0399 -40.8095 -40.0101 -44.9733 -79.7817 -22.9307 -52.9882 -29.2877 -44.5864 -22.9558 -50.1119 -47.2747 -26.8788  -30.936 -55.9469 -33.4953 -37.8045 -62.8789 -40.2133 -31.9692 -32.2635 -36.4892 -41.5852 -35.8494 -22.2388 -31.4074 -54.8639 -39.9816 -39.4119 -53.4914
-16.7838  -24.711 -21.8321 -24.1319 -22.9307  -40.486 -21.6418  -9.3986 -40.5331 -11.2761 -17.3863 -31.8608 -28.7059 -23.9873 -28.3135 -11.1362 -23.6925 -22.8209 -18.7445 -17.5122 -12.1479 -13.3306 -16.1956 -12.0551 -14.7755 -7.24555 -28.5789 -23.9114 -21.6688 -14.6088
-43.1287 -51.4672 -36.8543  -47.248 -52.9882 -21.6418 -84.3552 -9.48754 -46.2792 -13.0434 -42.3579 -42.9152 -37.6876 -33.1329 -47.1939 -38.6199 -39.8361  -53.278 -43.4335 -46.6689  -35.486 -37.9797 -36.1438 -38.1525 -32.7888 -13.0002 -53.1106  -44.798 -41.1101 -39.4158
-11.6291 -20.6264 -22.5853 -19.5492 -29.2877  -9.3986 -9.48754 -53.9003 -11.0823 -16.7173 -28.7251 -27.4032 -12.6232  -9.7671 -23.7781 -8.66263 -11.9235  -31.866 -26.9677 -23.4065 -18.7993 -14.2435  -20.031 -10.5236 -8.97172 -19.8283 -22.5761 -5.84024 -29.7897 -21.7911
-43.5752 -54.9539 -42.1853 -63.1352 -44.5864 -40.5331 -46.2792 -11.0823 -85.8411 -18.0073 -38.0063 -45.5848 -49.5787 -39.8178 -52.9434 -27.7483 -43.9245 -39.9968 -45.2514 -43.5302 -32.3701 -31.6592  -37.788 -40.6632 -26.5944 -19.1425  -60.689 -44.0899  -42.281 -27.3315
-29.9724 -16.5827 -37.3858 -31.8443 -22.9558 -11.2761 -13.0434 -16.7173 -18.0073  -53.785 -21.1979 -30.9487 -25.0118 -8.91047 -16.6666 -19.2544 -20.7223 -19.1928 -29.0466 -40.4194 -25.1302 -15.9281 -29.0532  -16.302 -17.0883  -23.761 -21.6775 -33.7914  -21.148 -37.4061
-31.7853 -55.0386 -34.8512  -42.316 -50.1119 -17.3863 -42.3579 -28.7251 -38.0063 -21.1979 -78.8927 -49.7246 -22.7289 -19.4198 -54.8278 -35.1832 -21.3217 -55.1101 -51.3554 -36.4568 -38.3318 -41.1676 -30.2326 -23.5296 -9.83453 -33.6971 -40.2349  -28.365 -39.9091 -46.3981
-41.1811 -44.9735 -44.8859 -43.8665 -47.2747 -31.8608 -42.9152 -27.4032 -45.5848 -30.9487 -49.7246 -91.1813 -46.7733 -38.2655 -43.7216 -35.4058 -38.0678 -53.9515 -45.3021 -52.3723  -43.925  -46.498 -46.7978  -35.495  -17.519 -30.7599 -59.8105 -32.9886 -56.0165 -52.2536
-37.1283 -35.0829 -36.0872 -45.3279 -26.8788 -28.7059 -37.6876 -12.6232 -49.5787 -25.0118 -22.7289 -46.7733 -73.0237 -40.8402 -32.7118 -26.7531 -40.9374 -43.6655 -34.6368 -42.4435 -21.2947 -31.2392 -23.1979 -40.6522 -30.6073 -12.1735 -49.9823  -43.661 -24.6207 -40.9202
-30.8576 -28.1416 -20.9913 -36.9563  -30.936 -23.9873 -33.1329  -9.7671 -39.8178 -8.91047 -19.4198 -38.2655 -40.8402 -69.4194 -25.1225 -24.0971 -20.9798 -33.1373 -31.0782   -36.27 -27.5309 -25.2792 -26.0877 -27.4113  -25.057 -27.0838 -44.2536 -46.2535 -13.1855 -27.6984
-39.7459 -51.0094 -41.7142 -47.9638 -55.9469 -28.3135 -47.1939 -23.7781 -52.9434 -16.6666 -54.8278 -43.7216 -32.7118 -25.1225  -81.114 -21.4286 -27.5044 -56.4453  -35.937 -24.0251 -31.8596  -35.882 -42.2434 -20.6718 -27.0806 -34.9627 -47.5609 -26.0403 -32.9612 -37.9601
 -40.118 -34.8351 -26.6838 -32.5342 -33.4953 -11.1362 -38.6199 -8.66263 -27.7483 -19.2544 -35.1832 -35.4058 -26.7531 -24.0971 -21.4286 -65.6718 -16.3039 -22.4707 -46.0894 -42.7722 -13.6358 -39.0189 -26.9076 -28.5612 -15.3116 -13.4903  -22.889 -32.1042 -25.4415 -41.7851
 -29.3552  -35.4115  -37.8746  -29.1156  -37.8045  -23.6925  -39.8361  -11.9235  -43.9245  -20.7223  -21.3217  -38.0678  -40.9374  -20.9798  -27.5044  -16.3039  -65.9109  -41.1762  -24.7558   -29.396  -18.8264  -19.5598  -24.1575  -40.4006  -14.3814 -0.530863  -53.3078  -28.7886  -25.9592  -35.3775
-33.7125 -38.6404 -38.4082  -40.902 -62.8789 -22.8209  -53.278  -31.866 -39.9968 -19.1928 -55.1101 -53.9515 -43.6655 -33.1373 -56.4453 -22.4707 -41.1762 -89.2264 -32.2121 -43.4026 -32.6774 -40.4327   -37.53 -42.0486 -20.0906 -37.1944 -61.2343  -35.465 -38.1678  -57.295
-45.2947 -46.9514  -38.128 -46.7675 -40.2133 -18.7445 -43.4335 -26.9677 -45.2514 -29.0466 -51.3554 -45.3021 -34.6368 -31.0782  -35.937 -46.0894 -24.7558 -32.2121 -73.5329 -55.5544 -35.1013 -37.5192  -30.955 -29.4609 -28.0596 -19.7743 -41.1135  -38.012 -41.3519 -41.4088
-42.6143 -31.1221  -49.647 -54.6845 -31.9692 -17.5122 -46.6689 -23.4065 -43.5302 -40.4194 -36.4568 -52.3723 -42.4435   -36.27 -24.0251 -42.7722  -29.396 -43.4026 -55.5544  -94.742 -37.8223 -38.1897  -46.511 -42.5195 -31.3202 -30.0669  -53.778 -44.9969 -53.7689 -43.8706
 -30.878 -47.0722 -33.9806 -44.7222 -32.2635 -12.1479  -35.486 -18.7993 -32.3701 -25.1302 -38.3318  -43.925 -21.2947 -27.5309 -31.8596 -13.6358 -18.8264 -32.6774 -35.1013 -37.8223 -70.5177 -25.1615 -46.4004 -27.9182 -16.1165 -36.2488 -35.2787 -33.9667 -34.5295 -22.3137
 -24.114 -38.9124 -28.3376 -37.6625 -36.4892 -13.3306 -37.9797 -14.2435 -31.6592 -15.9281 -41.1676  -46.498 -31.2392 -25.2792  -35.882 -39.0189 -19.5598 -40.4327 -37.5192 -38.1897 -25.1615  -73.394 -36.2667 -30.9809 -8.91722 -33.0563 -36.2271 -24.0059 -30.1661 -34.6366
-39.2147 -36.3062  -45.491 -46.7571 -41.5852 -16.1956 -36.1438  -20.031  -37.788 -29.0532 -30.2326 -46.7978 -23.1979 -26.0877 -42.2434 -26.9076 -24.1575   -37.53  -30.955  -46.511 -46.4004 -36.2667 -76.3936 -26.1399 -21.5405 -39.6566 -44.1902 -27.1464 -33.8155 -35.8121
-28.1433 -37.5739 -21.2507 -30.0447 -35.8494 -12.0551 -38.1525 -10.5236 -40.6632  -16.302 -23.5296  -35.495 -40.6522 -27.4113 -20.6718 -28.5612 -40.4006 -42.0486 -29.4609 -42.5195 -27.9182 -30.9809 -26.1399 -69.7604 -14.6712 -15.9067 -48.8477 -37.5135 -31.9587 -40.4882
-30.2199 -14.9548 -23.7721 -26.9262 -22.2388 -14.7755 -32.7888 -8.97172 -26.5944 -17.0883 -9.83453  -17.519 -30.6073  -25.057 -27.0806 -15.3116 -14.3814 -20.0906 -28.0596 -31.3202 -16.1165 -8.91722 -21.5405 -14.6712 -52.3522 0.368465 -27.5163 -22.4271 -20.3493 -18.1283
  -18.934  -18.9059  -24.6185  -38.9576  -31.4074  -7.24555  -13.0002  -19.8283  -19.1425   -23.761  -33.6971  -30.7599  -12.1735  -27.0838  -34.9627  -13.4903 -0.530863  -37.1944  -19.7743  -30.0669  -36.2488  -33.0563  -39.6566  -15.9067  0.368465  -67.2839  -21.5437  -30.2887  -14.6143  -28.5876
-42.3017 -44.3034 -47.9603 -48.3443 -54.8639 -28.5789 -53.1106 -22.5761  -60.689 -21.6775 -40.2349 -59.8105 -49.9823 -44.2536 -47.5609  -22.889 -53.3078 -61.2343 -41.1135  -53.778 -35.2787 -36.2271 -44.1902 -48.8477 -27.5163 -21.5437 -84.6939 -38.7652 -45.7062 -48.0361
 -31.099  -38.377 -39.6567 -54.5273 -39.9816 -23.9114  -44.798 -5.84024 -44.0899 -33.7914  -28.365 -32.9886  -43.661 -46.2535 -26.0403 -32.1042 -28.7886  -35.465  -38.012 -44.9969 -33.9667 -24.0059 -27.1464 -37.5135 -22.4271 -30.2887 -38.7652 -84.6604  -25.659 -33.8891
-23.3024 -39.1492 -38.4042 -38.1163 -39.4119 -21.6688 -41.1101 -29.7897  -42.281  -21.148 -39.9091 -56.0165 -24.6207 -13.1855 -32.9612 -25.4415 -25.9592 -38.1678 -41.3519 -53.7689 -34.5295 -30.1661 -33.8155 -31.9587 -20.3493 -14.6143 -45.7062  -25.659 -84.5114 -27.5738
-47.2945 -34.7135 -30.3392 -28.6414 -53.4914 -14.6088 -39.4158 -21.7911 -27.3315 -37.4061 -46.3981 -52.2536 -40.9202 -27.6984 -37.9601 -41.7851 -35.3775  -57.295 -41.4088 -43.8706 -22.3137 -34.6366 -35.8121 -40.4882 -18.1283 -28.5876 -48.0361 -33.8891 -27.5738 -81.0515
  0.529745    2.06458    1.53237     2.0286  -0.393211   0.224393 -0.0964393   0.265106    2.11624    2.60686      1.117    1.18091   0.610109      0.676  -0.329249         -0         -0         -0         -0         -0         -0         -0         -0         -0         -0         -0         -0         -0         -0         -0
  2.06458   2.37381  0.276205 -0.543523   2.89359 -0.683136 -0.628899   1.45395   1.19175  0.876517 -0.109336   1.55278   2.74528 -0.863769 -0.930372        -0        -0        -0        -0        -0        -0        -0        -0        -0        -0        -0        -0        -0        -0        -0
  1.53237  0.276205   2.37721 -0.573303   1.45242  0.333591  0.230644   1.83921   1.25111   2.36188   2.77095   2.35068 -0.321921   2.28675   1.32044        -0        -0        -0        -0        -0        -0        -0        -0        -0        -0        -0        -0        -0        -0        -0
   2.0286 -0.543523 -0.573303 -0.330995     2.984  0.651089   2.35598    1.5987 -0.653113   1.44606 -0.631893   0.54279  0.381062 0.0266821   0.34883        -0        -0        -0        -0        -0        -0        -0        -0        -0        -0        -0        -0        -0        -0        -0
 -0.393211    2.89359    1.45242      2.984    2.19591 -0.0141315  -0.644901  -0.894958    0.54773  -0.524787   0.237551 -0.0011516   -0.88661   0.679021    0.45069         -0         -0         -0         -0         -0         -0         -0         -0         -0         -0         -0         -0         -0         -0         -0
  0.224393  -0.683136   0.333591   0.651089 -0.0141315    2.11796  -0.573449    2.82508    1.60621    2.46692   0.318683     2.8259    0.91563  -0.714403    1.43383         -0         -0         -0         -0         -0         -0         -0         -0         -0         -0         -0         -0         -0         -0         -0
-0.0964393  -0.628899   0.230644    2.35598  -0.644901  -0.573449   0.772921   0.716656  -0.226561    1.27114    1.97431 0.00970892    1.69975  -0.147423    2.26446         -0         -0         -0         -0         -0         -0         -0         -0         -0         -0         -0         -0         -0         -0         -0
 0.265106   1.45395   1.83921    1.5987 -0.894958   2.82508  0.716656   2.26326   2.32065   1.19187   1.01099   2.26999    2.0877   1.68873 -0.849565        -0        -0        -0        -0        -0        -0        -0        -0        -0        -0        -0        -0        -0        -0        -0
  2.11624   1.19175   1.25111 -0.653113   0.54773   1.60621 -0.226561   2.32065   1.62031   1.73018 -0.360665   1.01776   2.92662   2.55559  0.521534        -0        -0        -0        -0        -0        -0        -0        -0        -0        -0        -0        -0        -0        -0        -0
  2.60686  0.876517   2.36188   1.44606 -0.524787   2.46692   1.27114   1.19187   1.73018    1.1213  0.594625   2.73988   2.33908   1.87034   2.19108        -0        -0        -0        -0        -0        -0        -0        -0        -0        -0        -0        -0        -0        -0        -0
    1.117 -0.109336   2.77095 -0.631893  0.237551  0.318683   1.97431   1.01099 -0.360665  0.594625  0.861417  0.391289 -0.317671   1.42861   2.48952        -0        -0        -0        -0        -0        -0        -0        -0        -0        -0        -0        -0        -0        -0        -0
   1.18091    1.55278    2.35068    0.54279 -0.0011516     2.8259 0.00970892    2.26999    1.01776    2.73988   0.391289    1.01299   0.788036 -0.0531245    1.20386         -0         -0         -0         -0         -0         -0         -0         -0         -0         -0         -0         -0         -0         -0         -0
  0.610109    2.74528  -0.321921   0.381062   -0.88661    0.91563    1.69975     2.0877    2.92662    2.33908  -0.317671   0.788036  -0.798165  -0.116664 -0.0208843         -0         -0         -0         -0         -0         -0         -0         -0         -0         -0         -0         -0         -0         -0         -0
     0.676  -0.863769    2.28675  0.0266821   0.679021  -0.714403  -0.147423    1.68873    2.55559    1.87034    1.42861 -0.0531245  -0.116664    1.45952    2.69135         -0         -0         -0         -0         -0         -0         -0         -0         -0         -0         -0         -0         -0         -0         -0
 -0.329249  -0.930372    1.32044    0.34883    0.45069    1.43383    2.26446  -0.849565   0.521534    2.19108    2.48952    1.20386 -0.0208843    2.69135   -0.84082         -0         -0         -0         -0         -0         -0         -0         -0         -0         -0         -0         -0         -0         -0         -0
       -0        -0        -0        -0        -0        -0        -0        -0        -0        -0        -0        -0        -0        -0        -0 -0.529745  -2.06458  -1.53237   -2.0286  0.393211 -0.224393 0.0964393 -0.265106  -2.11624  -2.60686    -1.117  -1.18091 -0.610109    -0.676  0.329249
       -0        -0        -0        -0        -0        -0        -0        -0        -0        -0        -0        -0        -0        -0        -0  -2.06458  -2.37381 -0.276205  0.543523  -2.89359  0.683136  0.628899  -1.45395  -1.19175 -0.876517  0.109336  -1.55278  -2.74528  0.863769  0.930372
       -0        -0        -0        -0        -0        -0        -0        -0        -0        -0        -0        -0        -0        -0        -0  -1.53237 -0.276205  -2.37721  0.573303  -1.45242 -0.333591 -0.230644  -1.83921  -1.25111  -2.36188  -2.77095  -2.35068  0.321921  -2.28675  -1.32044
        -0         -0         -0         -0         -0         -0         -0         -0         -0         -0         -0         -0         -0         -0         -0    -2.0286   0.543523   0.573303   0.330995     -2.984  -0.651089   -2.35598    -1.5987   0.653113   -1.44606   0.631893   -0.54279  -0.381062 -0.0266821   -0.34883
       -0        -0        -0        -0        -0        -0        -0        -0        -0        -0        -0        -0        -0        -0        -0  0.393211  -2.89359  -1.45242    -2.984  -2.19591 0.0141315  0.644901  0.894958  -0.54773  0.524787 -0.237551 0.0011516   0.88661 -0.679021  -0.45069
       -0        -0        -0        -0        -0        -0        -0        -0        -0        -0        -0        -0        -0        -0        -0 -0.224393  0.683136 -0.333591 -0.651089 0.0141315  -2.11796  0.573449  -2.82508  -1.60621  -2.46692 -0.318683   -2.8259  -0.91563  0.714403  -1.43383
         -0          -0          -0          -0          -0          -0          -0          -0          -0          -0          -0          -0          -0          -0          -0   0.0964393    0.628899   -0.230644    -2.35598    0.644901    0.573449   -0.772921   -0.716656    0.226561    -1.27114    -1.97431 -0.00970892    -1.69975    0.147423    -2.26446
       -0        -0        -0        -0        -0        -0        -0        -0        -0        -0        -0        -0        -0        -0        -0 -0.265106  -1.45395  -1.83921   -1.5987  0.894958  -2.82508 -0.716656  -2.26326  -2.32065  -1.19187  -1.01099  -2.26999   -2.0877  -1.68873  0.849565
       -0        -0        -0        -0        -0        -0        -0        -0        -0        -0        -0        -0        -0        -0        -0  -2.11624  -1.19175  -1.25111  0.653113  -0.54773  -1.60621  0.226561  -2.32065  -1.62031  -1.73018  0.360665  -1.01776  -2.92662  -2.55559 -0.521534
       -0        -0        -0        -0        -0        -0        -0        -0        -0        -0        -0        -0        -0        -0        -0  -2.60686 -0.876517  -2.36188  -1.44606  0.524787  -2.46692  -1.27114  -1.19187  -1.73018   -1.1213 -0.594625  -2.73988  -2.33908  -1.87034  -2.19108
       -0        -0        -0        -0        -0        -0        -0        -0        -0        -0        -0        -0        -0        -0        -0    -1.117  0.109336  -2.77095  0.631893 -0.237551 -0.318683  -1.97431  -1.01099  0.360665 -0.594625 -0.861417 -0.391289  0.317671  -1.42861  -2.48952
         -0          -0          -0          -0          -0          -0          -0          -0          -0          -0          -0          -0          -0          -0          -0    -1.18091    -1.55278    -2.35068    -0.54279   0.0011516     -2.8259 -0.00970892    -2.26999    -1.01776    -2.73988   -0.391289    -1.01299   -0.788036   0.0531245    -1.20386
       -0        -0        -0        -0        -0        -0        -0        -0        -0        -0        -0        -0        -0        -0        -0 -0.610109  -2.74528  0.321921 -0.381062   0.88661  -0.91563  -1.69975   -2.0877  -2.92662  -2.33908  0.317671 -0.788036  0.798165  0.116664 0.0208843
        -0         -0         -0         -0         -0         -0         -0         -0         -0         -0         -0         -0         -0         -0         -0     -0.676   0.863769   -2.28675 -0.0266821  -0.679021   0.714403   0.147423   -1.68873   -2.55559   -1.87034   -1.42861  0.0531245   0.116664   -1.45952   -2.69135
       -0        -0        -0        -0        -0        -0        -0        -0        -0        -0        -0        -0        -0        -0        -0  0.329249  0.930372  -1.32044  -0.34883  -0.45069  -1.43383  -2.26446  0.849565 -0.521534  -2.19108  -2.48952  -1.20386 0.0208843  -2.69135   0.84082
   0.71308  -0.636955 0.00189301  -0.422026   0.607039     2.0085    1.34217    1.04443    2.99847    1.50475  -0.770094   0.541819    1.10003    2.17527  -0.365556         -0         -0         -0         -0         -0         -0         -0         -0         -0         -0         -0         -0         -0         -0         -0
-0.636955   2.67104    1.1676    2.4448   2.72906   2.83765 -0.389217  0.971053 -0.213417  0.865664 -0.151128   1.19468 -0.506731   2.64164 -0.643935        -0        -0        -0        -0        -0        -0        -0        -0        -0        -0        -0        -0        -0        -0        -0
0.00189301     1.1676    2.77026    1.19918   0.600898  0.0416045    1.75617    2.41096  -0.831284    2.10228  -0.346983    2.88421   0.621835    1.00915   0.941166         -0         -0         -0         -0         -0         -0         -0         -0         -0         -0         -0         -0         -0         -0         -0
-0.422026    2.4448   1.19918    1.1989  0.377303  0.207679   2.94306   2.08603   1.75464  0.915707 -0.601378   -0.3559   1.75305   2.05948   1.25628        -0        -0        -0        -0        -0        -0        -0        -0        -0        -0        -0        -0        -0        -0        -0
 0.607039   2.72906  0.600898  0.377303 0.0263628   1.03655  0.988086   2.17873 -0.270354 -0.048303   2.60351 -0.889611 -0.108108 -0.714263   2.10912        -0        -0        -0        -0        -0        -0        -0        -0        -0        -0        -0        -0        -0        -0        -0
   2.0085   2.83765 0.0416045  0.207679   1.03655   2.16989   2.78253  0.447509    1.1568   1.28101  0.382663 -0.164093  0.225349   1.11954   1.83306        -0        -0        -0        -0        -0        -0        -0        -0        -0        -0        -0        -0        -0        -0        -0
  1.34217 -0.389217   1.75617   2.94306  0.988086   2.78253 -0.288609   1.25592   1.53717   2.36322   1.55542   1.92511 -0.864286   2.89539   2.48163        -0        -0        -0        -0        -0        -0        -0        -0        -0        -0        -0        -0        -0        -0        -0
 1.04443 0.971053  2.41096  2.08603  2.17873 0.447509  1.25592  2.60546 0.441037  2.20762  1.14069  2.47361  2.44732  2.21085  2.24483       -0       -0       -0       -0       -0       -0       -0       -0       -0       -0       -0       -0       -0       -0       -0
  2.99847 -0.213417 -0.831284   1.75464 -0.270354    1.1568   1.53717  0.441037   2.68649  0.886469    1.8237 -0.956472   2.36604  0.593144   1.28037        -0        -0        -0        -0        -0        -0        -0        -0        -0        -0        -0        -0        -0        -0        -0
  1.50475  0.865664   2.10228  0.915707 -0.048303   1.28101   2.36322   2.20762  0.886469 -0.882215   1.24191 -0.188418   1.95941   2.93892   1.84767        -0        -0        -0        -0        -0        -0        -0        -0        -0        -0        -0        -0        -0        -0        -0
-0.770094 -0.151128 -0.346983 -0.601378   2.60351  0.382663   1.55542   1.14069    1.8237   1.24191 -0.241504   2.59139  0.689228 -0.977568   1.20424        -0        -0        -0        -0        -0        -0        -0        -0        -0        -0        -0        -0        -0        -0        -0
 0.541819   1.19468   2.88421   -0.3559 -0.889611 -0.164093   1.92511   2.47361 -0.956472 -0.188418   2.59139   2.92256 -0.875467  0.184533    2.9696        -0        -0        -0        -0        -0        -0        -0        -0        -0        -0        -0        -0        -0        -0        -0
  1.10003 -0.506731  0.621835   1.75305 -0.108108  0.225349 -0.864286   2.44732   2.36604   1.95941  0.689228 -0.875467  0.156725   2.86148    1.9722        -0        -0        -0        -0        -0        -0        -0        -0        -0        -0        -0        -0        -0        -0        -0
  2.17527   2.64164   1.00915   2.05948 -0.714263   1.11954   2.89539   2.21085  0.593144   2.93892 -0.977568  0.184533   2.86148   1.25603   2.36097        -0        -0        -0        -0        -0        -0        -0        -0        -0        -0        -0        -0        -0        -0        -0
-0.365556 -0.643935  0.941166   1.25628   2.10912   1.83306   2.48163   2.24483   1.28037   1.84767   1.20424    2.9696    1.9722   2.36097   1.06942        -0        -0        -0        -0        -0        -0        -0        -0        -0        -0        -0        -0        -0        -0        -0
         -0          -0          -0          -0          -0          -0          -0          -0          -0          -0          -0          -0          -0          -0          -0    -0.71308    0.636955 -0.00189301    0.422026   -0.607039     -2.0085    -1.34217    -1.04443    -2.99847    -1.50475    0.770094   -0.541819    -1.10003    -2.17527    0.365556
       -0        -0        -0        -0        -0        -0        -0        -0        -0        -0        -0        -0        -0        -0        -0  0.636955  -2.67104   -1.1676   -2.4448  -2.72906  -2.83765  0.389217 -0.971053  0.213417 -0.865664  0.151128  -1.19468  0.506731  -2.64164  0.643935
         -0          -0          -0          -0          -0          -0          -0          -0          -0          -0          -0          -0          -0          -0          -0 -0.00189301     -1.1676    -2.77026    -1.19918   -0.600898  -0.0416045    -1.75617    -2.41096    0.831284    -2.10228    0.346983    -2.88421   -0.621835    -1.00915   -0.941166
       -0        -0        -0        -0        -0        -0        -0        -0        -0        -0        -0        -0        -0        -0        -0  0.422026   -2.4448  -1.19918   -1.1989 -0.377303 -0.207679  -2.94306  -2.08603  -1.75464 -0.915707  0.601378    0.3559  -1.75305  -2.05948  -1.25628
        -0         -0         -0         -0         -0         -0         -0         -0         -0         -0         -0         -0         -0         -0         -0  -0.607039   -2.72906  -0.600898  -0.377303 -0.0263628   -1.03655  -0.988086   -2.17873   0.270354   0.048303   -2.60351   0.889611   0.108108   0.714263   -2.10912
        -0         -0         -0         -0         -0         -0         -0         -0         -0         -0         -0         -0         -0         -0         -0    -2.0085   -2.83765 -0.0416045  -0.207679   -1.03655   -2.16989   -2.78253  -0.447509    -1.1568   -1.28101  -0.382663   0.164093  -0.225349   -1.11954   -1.83306
       -0        -0        -0        -0        -0        -0        -0        -0        -0        -0        -0        -0        -0        -0        -0  -1.34217  0.389217  -1.75617  -2.94306 -0.988086  -2.78253  0.288609  -1.25592  -1.53717  -2.36322  -1.55542  -1.92511  0.864286  -2.89539  -2.48163
       -0        -0        -0        -0        -0        -0        -0        -0        -0        -0        -0        -0        -0        -0        -0  -1.04443 -0.971053  -2.41096  -2.08603  -2.17873 -0.447509  -1.25592  -2.60546 -0.441037  -2.20762  -1.14069  -2.47361  -2.44732  -2.21085  -2.24483
       -0        -0        -0        -0        -0        -0        -0        -0        -0        -0        -0        -0        -0        -0        -0  -2.99847  0.213417  0.831284  -1.75464  0.270354   -1.1568  -1.53717 -0.441037  -2.68649 -0.886469   -1.8237  0.956472  -2.36604 -0.593144  -1.28037
       -0        -0        -0        -0        -0        -0        -0        -0        -0        -0        -0        -0        -0        -0        -0  -1.50475 -0.865664  -2.10228 -0.915707  0.048303  -1.28101  -2.36322  -2.20762 -0.886469  0.882215  -1.24191  0.188418  -1.95941  -2.93892  -1.84767
       -0        -0        -0        -0        -0        -0        -0        -0        -0        -0        -0        -0        -0        -0        -0  0.770094  0.151128  0.346983  0.601378  -2.60351 -0.382663  -1.55542  -1.14069   -1.8237  -1.24191  0.241504  -2.59139 -0.689228  0.977568  -1.20424
       -0        -0        -0        -0        -0        -0        -0        -0        -0        -0        -0        -0        -0        -0        -0 -0.541819  -1.19468  -2.88421    0.3559  0.889611  0.164093  -1.92511  -2.47361  0.956472  0.188418  -2.59139  -2.92256  0.875467 -0.184533   -2.9696
       -0        -0        -0        -0        -0        -0        -0        -0        -0        -0        -0        -0        -0        -0        -0  -1.10003  0.506731 -0.621835  -1.75305  0.108108 -0.225349  0.864286  -2.44732  -2.36604  -1.95941 -0.689228  0.875467 -0.156725  -2.86148   -1.9722
       -0        -0        -0        -0        -0        -0        -0        -0        -0        -0        -0        -0        -0        -0        -0  -2.17527  -2.64164  -1.00915  -2.05948  0.714263  -1.11954  -2.89539  -2.21085 -0.593144  -2.93892  0.977568 -0.184533  -2.86148  -1.25603  -2.36097
       -0        -0        -0        -0        -0        -0        -0        -0        -0        -0        -0        -0        -0        -0        -0  0.365556  0.643935 -0.941166  -1.25628  -2.10912  -1.83306  -2.48163  -2.24483  -1.28037  -1.84767  -1.20424   -2.9696   -1.9722  -2.36097  -1.06942
  1.78667   2.14093 -0.765454  0.866231   2.01752  0.513179  0.899895   2.99057 -0.763346 -0.503426 -0.692144  0.228216  0.909815   2.25609 -0.491027        -0        -0        -0        -0        -0        -0        -0        -0        -0        -0        -0        -0        -0        -0        -0
  2.14093  0.925951 -0.729614  0.324007   1.91644   1.20084  0.698463  0.735166 -0.396823 -0.538691   1.46236  0.755263   1.51047   2.22965   1.30036        -0        -0        -0        -0        -0        -0        -0        -0        -0        -0        -0        -0        -0        -0        -0
-0.765454 -0.729614   1.29758   1.03189   1.14361    2.1885   1.03096 -0.812603  -0.53024 -0.522831   1.77991   1.60328 -0.550671 -0.167486   2.87075        -0        -0        -0        -0        -0        -0        -0        -0        -0        -0        -0        -0        -0        -0        -0
  0.866231   0.324007    1.03189   0.708406   0.315094    2.54507  -0.956498    2.17907    1.26761  -0.316028  -0.222385   0.705385  -0.310276   0.859365 -0.0416977         -0         -0         -0         -0         -0         -0         -0         -0         -0         -0         -0         -0         -0         -0         -0
   2.01752    1.91644    1.14361   0.315094  -0.137953    2.90925    2.01356   0.280239  -0.353321    2.64038   -0.27003    1.43923    2.28809 -0.0649689    1.99008         -0         -0         -0         -0         -0         -0         -0         -0         -0         -0         -0         -0         -0         -0         -0
 0.513179   1.20084    2.1885   2.54507   2.90925  0.594598   1.89301 -0.903355   2.48332  0.757408   2.42659   1.24366    0.1793   2.27175   2.15884        -0        -0        -0        -0        -0        -0        -0        -0        -0        -0        -0        -0        -0        -0        -0
 0.899895  0.698463   1.03096 -0.956498   2.01356   1.89301   2.25331 -0.226331  0.160623 -0.219383 -0.739068   2.46279 -0.883688 -0.896978    1.1376        -0        -0        -0        -0        -0        -0        -0        -0        -0        -0        -0        -0        -0        -0        -0
  2.99057  0.735166 -0.812603   2.17907  0.280239 -0.903355 -0.226331   2.03943   2.89999 -0.585951  0.890593   2.21985   2.54902 -0.602176   2.10639        -0        -0        -0        -0        -0        -0        -0        -0        -0        -0        -0        -0        -0        -0        -0
-0.763346 -0.396823  -0.53024   1.26761 -0.353321   2.48332  0.160623   2.89999   2.70527 -0.203158   2.32658   1.65771   2.06989    1.4916   1.70786        -0        -0        -0        -0        -0        -0        -0        -0        -0        -0        -0        -0        -0        -0        -0
-0.503426 -0.538691 -0.522831 -0.316028   2.64038  0.757408 -0.219383 -0.585951 -0.203158  0.446207    2.9662 -0.740366   2.44289   1.76073  0.207494        -0        -0        -0        -0        -0        -0        -0        -0        -0        -0        -0        -0        -0        -0        -0
-0.692144   1.46236   1.77991 -0.222385  -0.27003   2.42659 -0.739068  0.890593   2.32658    2.9662   1.74867 -0.333941   2.51522 -0.342542   1.54928        -0        -0        -0        -0        -0        -0        -0        -0        -0        -0        -0        -0        -0        -0        -0
 0.228216  0.755263   1.60328  0.705385   1.43923   1.24366   2.46279   2.21985   1.65771 -0.740366 -0.333941   2.76127  0.818562   2.15766   1.22308        -0        -0        -0        -0        -0        -0        -0        -0        -0        -0        -0        -0        -0        -0        -0
 0.909815   1.51047 -0.550671 -0.310276   2.28809    0.1793 -0.883688   2.54902   2.06989   2.44289   2.51522  0.818562  0.114119     1.522   2.02606        -0        -0        -0        -0        -0        -0        -0        -0        -0        -0        -0        -0        -0        -0        -0
   2.25609    2.22965  -0.167486   0.859365 -0.0649689    2.27175  -0.896978  -0.602176     1.4916    1.76073  -0.342542    2.15766      1.522  -0.609458     2.6634         -0         -0         -0         -0         -0         -0         -0         -0         -0         -0         -0         -0         -0         -0         -0
 -0.491027    1.30036    2.87075 -0.0416977    1.99008    2.15884     1.1376    2.10639    1.70786   0.207494    1.54928    1.22308    2.02606     2.6634  -0.775492         -0         -0         -0         -0         -0         -0         -0         -0         -0         -0         -0         -0         -0         -0         -0
       -0        -0        -0        -0        -0        -0        -0        -0        -0        -0        -0        -0        -0        -0        -0  -1.78667  -2.14093  0.765454 -0.866231  -2.01752 -0.513179 -0.899895  -2.99057  0.763346  0.503426  0.692144 -0.228216 -0.909815  -2.25609  0.491027
       -0        -0        -0        -0        -0        -0        -0        -0        -0        -0        -0        -0        -0        -0        -0  -2.14093 -0.925951  0.729614 -0.324007  -1.91644  -1.20084 -0.698463 -0.735166  0.396823  0.538691  -1.46236 -0.755263  -1.51047  -2.22965  -1.30036
      -0       -0       -0       -0       -0       -0       -0       -0       -0       -0       -0       -0       -0       -0       -0 0.765454 0.729614 -1.29758 -1.03189 -1.14361  -2.1885 -1.03096 0.812603  0.53024 0.522831 -1.77991 -1.60328 0.550671 0.167486 -2.87075
       -0        -0        -0        -0        -0        -0        -0        -0        -0        -0        -0        -0        -0        -0        -0 -0.866231 -0.324007  -1.03189 -0.708406 -0.315094  -2.54507  0.956498  -2.17907  -1.26761  0.316028  0.222385 -0.705385  0.310276 -0.859365 0.0416977
       -0        -0        -0        -0        -0        -0        -0        -0        -0        -0        -0        -0        -0        -0        -0  -2.01752  -1.91644  -1.14361 -0.315094  0.137953  -2.90925  -2.01356 -0.280239  0.353321  -2.64038   0.27003  -1.43923  -2.28809 0.0649689  -1.99008
       -0        -0        -0        -0        -0        -0        -0        -0        -0        -0        -0        -0        -0        -0        -0 -0.513179  -1.20084   -2.1885  -2.54507  -2.90925 -0.594598  -1.89301  0.903355  -2.48332 -0.757408  -2.42659  -1.24366   -0.1793  -2.27175  -2.15884
       -0        -0        -0        -0        -0        -0        -0        -0        -0        -0        -0        -0        -0        -0        -0 -0.899895 -0.698463  -1.03096  0.956498  -2.01356  -1.89301  -2.25331  0.226331 -0.160623  0.219383  0.739068  -2.46279  0.883688  0.896978   -1.1376
       -0        -0        -0        -0        -0        -0        -0        -0        -0        -0        -0        -0        -0        -0        -0  -2.99057 -0.735166  0.812603  -2.17907 -0.280239  0.903355  0.226331  -2.03943  -2.89999  0.585951 -0.890593  -2.21985  -2.54902  0.602176  -2.10639
       -0        -0        -0        -0        -0        -0        -0        -0        -0        -0        -0        -0        -0        -0        -0  0.763346  0.396823   0.53024  -1.26761  0.353321  -2.48332 -0.160623  -2.89999  -2.70527  0.203158  -2.32658  -1.65771  -2.06989   -1.4916  -1.70786
       -0        -0        -0        -0        -0        -0        -0        -0        -0        -0        -0        -0        -0        -0        -0  0.503426  0.538691  0.522831  0.316028  -2.64038 -0.757408  0.219383  0.585951  0.203158 -0.446207   -2.9662  0.740366  -2.44289  -1.76073 -0.207494
       -0        -0        -0        -0        -0        -0        -0        -0        -0        -0        -0        -0        -0        -0        -0  0.692144  -1.46236  -1.77991  0.222385   0.27003  -2.42659  0.739068 -0.890593  -2.32658   -2.9662  -1.74867  0.333941  -2.51522  0.342542  -1.54928
       -0        -0        -0        -0        -0        -0        -0        -0        -0        -0        -0        -0        -0        -0        -0 -0.228216 -0.755263  -1.60328 -0.705385  -1.43923  -1.24366  -2.46279  -2.21985  -1.65771  0.740366  0.333941  -2.76127 -0.818562  -2.15766  -1.22308
       -0        -0        -0        -0        -0        -0        -0        -0        -0        -0        -0        -0        -0        -0        -0 -0.909815  -1.51047  0.550671  0.310276  -2.28809   -0.1793  0.883688  -2.54902  -2.06989  -2.44289  -2.51522 -0.818562 -0.114119    -1.522  -2.02606
       -0        -0        -0        -0        -0        -0        -0        -0        -0        -0        -0        -0        -0        -0        -0  -2.25609  -2.22965  0.167486 -0.859365 0.0649689  -2.27175  0.896978  0.602176   -1.4916  -1.76073  0.342542  -2.15766    -1.522  0.609458   -2.6634
       -0        -0        -0        -0        -0        -0        -0        -0        -0        -0        -0        -0        -0        -0        -0  0.491027  -1.30036  -2.87075 0.0416977  -1.99008  -2.15884   -1.1376  -2.10639  -1.70786 -0.207494  -1.54928  -1.22308  -2.02606   -2.6634  0.775492
   1.10331   0.217107   0.402141   0.311966  -0.969748  -0.938891    2.38158 -0.0310658 -0.0898939    2.55701   0.161895    2.43372   0.692237      1.776    1.80651         -0         -0         -0         -0         -0         -0         -0         -0         -0         -0         -0         -0         -0         -0         -0
 0.217107   1.67357 -0.893663   2.02284  0.891722   1.81491   2.25562 -0.960882 -0.203108    2.1752   2.63483  0.565678   2.76619 -0.672097   2.53891        -0        -0        -0        -0        -0        -0        -0        -0        -0        -0        -0        -0        -0        -0        -0
 0.402141 -0.893663     2.364  0.505509    2.9932   2.06255  0.223883   1.30924  0.527134  0.129963   2.17826 -0.409748  0.714674  -0.12146   1.26453        -0        -0        -0        -0        -0        -0        -0        -0        -0        -0        -0        -0        -0        -0        -0
 0.311966   2.02284  0.505509  0.447331   2.39426  0.566618   2.37478 -0.968515   1.13399  0.866251   1.68903 -0.436313 -0.129507   2.36626 -0.478813        -0        -0        -0        -0        -0        -0        -0        -0        -0        -0        -0        -0        -0        -0        -0
-0.969748  0.891722    2.9932   2.39426   1.74802 -0.737758   1.64988  0.605736 -0.828328   2.20668  0.768816   2.43193   1.45522  -0.10841 -0.590595        -0        -0        -0        -0        -0        -0        -0        -0        -0        -0        -0        -0        -0        -0        -0
-0.938891   1.81491   2.06255  0.566618 -0.737758   2.17324    2.9719   1.57149 -0.822988    1.7357   2.34993   2.79694   2.48349  -0.68953 -0.280259        -0        -0        -0        -0        -0        -0        -0        -0        -0        -0        -0        -0        -0        -0        -0
  2.38158   2.25562  0.223883   2.37478   1.64988    2.9719   1.41014   2.20473   1.10589 -0.562263   1.86604   2.29939 -0.779579   2.16319 -0.995323        -0        -0        -0        -0        -0        -0        -0        -0        -0        -0        -0        -0        -0        -0        -0
-0.0310658  -0.960882    1.30924  -0.968515   0.605736    1.57149    2.20473   -0.69026    1.58181    1.41141    2.87471    2.86967   0.321256  -0.809024  -0.370174         -0         -0         -0         -0         -0         -0         -0         -0         -0         -0         -0         -0         -0         -0         -0
-0.0898939  -0.203108   0.527134    1.13399  -0.828328  -0.822988    1.10589    1.58181      1.364    2.04544   0.931742    1.20835     2.3582  -0.819863      1.041         -0         -0         -0         -0         -0         -0         -0         -0         -0         -0         -0         -0         -0         -0         -0
  2.55701    2.1752  0.129963  0.866251   2.20668    1.7357 -0.562263   1.41141   2.04544   2.84424  0.230043   1.34483   1.15216   0.37154   2.36287        -0        -0        -0        -0        -0        -0        -0        -0        -0        -0        -0        -0        -0        -0        -0
0.161895  2.63483  2.17826  1.68903 0.768816  2.34993  1.86604  2.87471 0.931742 0.230043 0.945995  2.71391   1.5513   1.5358  1.78199       -0       -0       -0       -0       -0       -0       -0       -0       -0       -0       -0       -0       -0       -0       -0
  2.43372  0.565678 -0.409748 -0.436313   2.43193   2.79694   2.29939   2.86967   1.20835   1.34483   2.71391   2.35513  0.304192   2.89405 -0.407704        -0        -0        -0        -0        -0        -0        -0        -0        -0        -0        -0        -0        -0        -0        -0
