30
1
30
 0.0281094  -0.172834  0.0477793  0.0456855 -0.0834017  0.0972621   0.296933 -0.0679129  0.0384222  -0.138913  -0.185359   -0.31454  0.0377267   0.289777   0.248281 -0.0961721  0.0947876   0.203667  -0.246956 -0.0760914  0.0665341 -0.0551506  0.0730174   0.116665  -0.215492    0.28584   0.258962 0.00978769 -0.0967475   0.443968
-87.0459 -6.73928 -41.4845 -39.4636 -27.7584 -25.4694 -28.6579 -35.2694 -30.2717 -25.9111 -33.3802 -34.0424 -15.2132  -30.244  -54.765 -38.7762 -27.9825 -29.5807 -33.7771 -30.3556 -13.7922 -62.8596 -52.5086 -24.1126 -56.8491 -29.6643 -37.1345  -41.144 -36.4785 -29.6691
-6.73928 -51.0042 -19.1784 -25.2706 -21.4494 -9.20683 -4.93759 -36.4688  -21.618 -29.5546 -25.4351 -18.4517 -17.8322 -4.25401 -26.0456  -19.399 -21.2515 -4.80103 -7.30199  -16.099 -17.9266 -13.5472 -19.5756 -7.46824 -15.4677 -4.34423   -14.31 -14.1643 -11.5882 -6.11189
-41.4845 -19.1784 -70.9667 -24.1968 -21.1697 -23.5059 -18.9933  -45.869 -38.9109  -21.691 -41.4293 -21.8947 -20.7739 -18.7844 -19.9057 -23.3005 -33.4644 -30.2027 -20.0685 -33.3662 -24.6907 -45.6913 -39.9958 -18.5391  -41.794 -18.6495 -15.3676 -31.0209  -13.788 -20.6311
-39.4636 -25.2706 -24.1968 -63.2708 -22.4439 -16.8595 -12.4777  -39.167  -20.408 -28.7896 -29.5229 -32.9978 -19.8723 -14.2544 -41.5495 -28.9627 -34.4166 -8.74328  -25.803 -35.9496 -13.5502 -33.0749 -39.8268 -6.81896 -32.6752 -21.2362 -28.5352 -24.1774 -33.8866 -23.9384
-27.7584 -21.4494 -21.1697 -22.4439 -63.9493 -15.1544 -16.3892 -30.4403 -12.3556 -15.1914 -26.8177 -30.6398 -26.3794  -13.439 -32.4406 -17.4106 -25.9513 -24.5392 -21.6593 -9.39694 -32.4606 -25.3643 -36.2462 -8.82858  -34.303 -17.8907 -19.9956 -38.2608 -38.5931 -15.5992
-25.4694 -9.20683 -23.5059 -16.8595 -15.1544 -55.4498 -28.9014 -26.5228 -24.1943 -23.8725 -22.4588  -15.199 -10.8144 -3.18248 -18.2948 -23.9396 -15.2715 -15.6153 -8.12282 -24.3741 -27.0577 -33.3415 -30.3742 -24.0254 -36.7347 -29.1719 -18.6139 -20.7864 -17.5737 -15.0099
-28.6579 -4.93759 -18.9933 -12.4777 -16.3892 -28.9014 -61.6545 -11.0039  -30.207 -31.2977 -7.36584 -12.2598 -22.0301 -17.6272 -25.9107 -21.7267 -27.2607 -25.2975 -22.4748 -22.3167 -23.1322 -21.7961  -23.926 -23.8854 -36.7539 -40.7898 -17.2223 -26.2874  -17.051 -27.2753
-35.2694 -36.4688  -45.869  -39.167 -30.4403 -26.5228 -11.0039 -94.7281 -49.3528 -43.9285  -37.693 -39.7195 -32.3964 -11.5678  -43.492 -36.7734 -51.1979 -38.2332 -22.4849 -51.8173 -38.8368 -52.3826 -46.8746 -19.1548 -47.6822 -28.8686 -41.4805 -40.2517 -28.1352 -30.5452
-30.2717  -21.618 -38.9109  -20.408 -12.3556 -24.1943  -30.207 -49.3528 -81.6515 -33.0406 -32.7013  -32.844 -20.9948 -19.6561 -21.7201 -21.7914 -33.0136  -30.497 -23.8393  -50.206 -18.7982 -43.0697 -38.5439 -29.7019 -51.6121 -24.2479 -24.1312  -40.164 -18.8836 -26.5895
-25.9111 -29.5546  -21.691 -28.7896 -15.1914 -23.8725 -31.2977 -43.9285 -33.0406 -68.3972 -9.61747 -29.8242 -23.3634 -15.4159 -40.9489 -29.7105 -28.5101 -23.4297 -18.7293 -34.9565 -26.0287 -31.0481 -44.3037 -28.0228 -38.0069 -34.2173 -36.7922 -27.2807 -28.9118 -18.8201
-33.3802 -25.4351 -41.4293 -29.5229 -26.8177 -22.4588 -7.36584  -37.693 -32.7013 -9.61747 -61.2525 -24.5791 -29.2561 -17.8981 -23.5898 -20.6952 -27.8474 -17.9073 -24.4391 -31.2154 -25.0798 -45.6349    -41.5 -10.5731 -35.6631 -8.80119 -14.6522 -30.5048 -30.0171 -17.7163
-34.0424 -18.4517 -21.8947 -32.9978 -30.6398  -15.199 -12.2598 -39.7195  -32.844 -29.8242 -24.5791 -67.3733 -24.8679 -26.6945 -32.4527 0.096093 -32.3716 -26.6501 -26.1234 -28.1966 -25.4625 -32.1014  -34.171 -6.52333 -39.1396 -34.6076  -34.722 -30.9277 -43.3416 -3.59001
-15.2132 -17.8322 -20.7739 -19.8723 -26.3794 -10.8144 -22.0301 -32.3964 -20.9948 -23.3634 -29.2561 -24.8679  -50.964 -21.9209 -23.1824 -12.2452 -35.5397 -34.1606 -32.4492 -37.5955 -30.7068 -36.5666 -26.6243 -12.3621 -26.0263 -18.9274 -29.8214 -25.7084 -34.5676  -17.116
 -30.244 -4.25401 -18.7844 -14.2544  -13.439 -3.18248 -17.6272 -11.5678 -19.6561 -15.4159 -17.8981 -26.6945 -21.9209 -56.6948 -27.8913 -5.53913 -23.9504 -29.9181 -26.3127  -31.316 -20.6617 -34.1724 -30.3717 -20.8421  -30.713 -23.3798 -24.9964 -23.3035 -34.8276 -19.2824
 -54.765 -26.0456 -19.9057 -41.5495 -32.4406 -18.2948 -25.9107  -43.492 -21.7201 -40.9489 -23.5898 -32.4527 -23.1824 -27.8913 -70.7125 -41.6197 -37.7825 -23.6648 -30.3887 -31.4654 -31.1502 -46.9744  -51.127 -28.9491 -42.5401 -29.7389 -42.2719 -40.4308 -42.1905 -27.6854
-38.7762  -19.399 -23.3005 -28.9627 -17.4106 -23.9396 -21.7267 -36.7734 -21.7914 -29.7105 -20.6952 0.096093 -12.2452 -5.53913 -41.6197 -71.7867 -16.5887 -11.8588 -18.2406 -19.2354 -25.3493 -35.6531 -40.4668 -25.3725 -42.6479 -3.88475 -22.8199 -23.9727 -24.4976 -32.0569
-27.9825 -21.2515 -33.4644 -34.4166 -25.9513 -15.2715 -27.2607 -51.1979 -33.0136 -28.5101 -27.8474 -32.3716 -35.5397 -23.9504 -37.7825 -16.5887 -68.3121 -30.4909 -29.1816 -36.8285 -32.2658 -33.8227 -34.3647 -14.3796 -38.1113 -37.2974 -24.3874 -32.4938 -29.5124 -31.2278
-29.5807 -4.80103 -30.2027 -8.74328 -24.5392 -15.6153 -25.2975 -38.2332  -30.497 -23.4297 -17.9073 -26.6501 -34.1606 -29.9181 -23.6648 -11.8588 -30.4909 -53.4504 -22.6624 -40.4862 -29.7454 -40.9388 -27.0453 -27.5535 -34.5427  -21.188 -33.8696 -32.1448 -26.5392  -13.728
-33.7771 -7.30199 -20.0685  -25.803 -21.6593 -8.12282 -22.4748 -22.4849 -23.8393 -18.7293 -24.4391 -26.1234 -32.4492 -26.3127 -30.3887 -18.2406 -29.1816 -22.6624 -56.5683 -34.0318 -17.6582 -43.2366 -40.7078 -10.2627 -33.9798 -24.8533 -36.6963 -32.5743 -36.4948 -32.6056
-30.3556  -16.099 -33.3662 -35.9496 -9.39694 -24.3741 -22.3167 -51.8173  -50.206 -34.9565 -31.2154 -28.1966 -37.5955  -31.316 -31.4654 -19.2354 -36.8285 -40.4862 -34.0318 -84.3062 -27.9811 -63.1382 -43.6273 -32.1655 -40.2983 -26.1146 -46.5041 -37.9478 -31.9503 -24.6994
-13.7922 -17.9266 -24.6907 -13.5502 -32.4606 -27.0577 -23.1322 -38.8368 -18.7982 -26.0287 -25.0798 -25.4625 -30.7068 -20.6617 -31.1502 -25.3493 -32.2658 -29.7454 -17.6582 -27.9811 -58.6454   -32.62 -35.9469  -24.132 -39.2592 -25.7219 -26.3193 -33.7339 -37.8338 -13.3223
-62.8596 -13.5472 -45.6913 -33.0749 -25.3643 -33.3415 -21.7961 -52.3826 -43.0697 -31.0481 -45.6349 -32.1014 -36.5666 -34.1724 -46.9744 -35.6531 -33.8227 -40.9388 -43.2366 -63.1382   -32.62 -97.9684 -58.7023 -30.1046 -56.3053 -28.2826 -50.3735 -54.5695  -42.367  -30.062
-52.5086 -19.5756 -39.9958 -39.8268 -36.2462 -30.3742  -23.926 -46.8746 -38.5439 -44.3037    -41.5  -34.171 -26.6243 -30.3717  -51.127 -40.4668 -34.3647 -27.0453 -40.7078 -43.6273 -35.9469 -58.7023 -84.6928 -33.4813 -60.0002 -31.1917 -37.0505 -41.9529   -54.32  -40.404
-24.1126 -7.46824 -18.5391 -6.81896 -8.82858 -24.0254 -23.8854 -19.1548 -29.7019 -28.0228 -10.5731 -6.52333 -12.3621 -20.8421 -28.9491 -25.3725 -14.3796 -27.5535 -10.2627 -32.1655  -24.132 -30.1046 -33.4813 -55.7491 -36.3542 -5.02378 -28.6141 -22.7217 -19.1004 -11.6228
-56.8491 -15.4677  -41.794 -32.6752  -34.303 -36.7347 -36.7539 -47.6822 -51.6121 -38.0069 -35.6631 -39.1396 -26.0263  -30.713 -42.5401 -42.6479 -38.1113 -34.5427 -33.9798 -40.2983 -39.2592 -56.3053 -60.0002 -36.3542 -88.5068 -35.5518 -40.3095 -43.1046 -45.1279 -38.2899
-29.6643 -4.34423 -18.6495 -21.2362 -17.8907 -29.1719 -40.7898 -28.8686 -24.2479 -34.2173 -8.80119 -34.6076 -18.9274 -23.3798 -29.7389 -3.88475 -37.2974  -21.188 -24.8533 -26.1146 -25.7219 -28.2826 -31.1917 -5.02378 -35.5518 -72.1905 -22.0093 -28.4665 -27.1021 -30.3501
-37.1345   -14.31 -15.3676 -28.5352 -19.9956 -18.6139 -17.2223 -41.4805 -24.1312 -36.7922 -14.6522  -34.722 -29.8214 -24.9964 -42.2719 -22.8199 -24.3874 -33.8696 -36.6963 -46.5041 -26.3193 -50.3735 -37.0505 -28.6141 -40.3095 -22.0093 -69.3555 -42.6536 -34.4519 -21.8689
 -41.144 -14.1643 -31.0209 -24.1774 -38.2608 -20.7864 -26.2874 -40.2517  -40.164 -27.2807 -30.5048 -30.9277 -25.7084 -23.3035 -40.4308 -23.9727 -32.4938 -32.1448 -32.5743 -37.9478 -33.7339 -54.5695 -41.9529 -22.7217 -43.1046 -28.4665 -42.6536 -74.3384 -30.2916 -25.3833
-36.4785 -11.5882  -13.788 -33.8866 -38.5931 -17.5737  -17.051 -28.1352 -18.8836 -28.9118 -30.0171 -43.3416 -34.5676 -34.8276 -42.1905 -24.4976 -29.5124 -26.5392 -36.4948 -31.9503 -37.8338  -42.367   -54.32 -19.1004 -45.1279 -27.1021 -34.4519 -30.2916 -74.0656 -22.4931
-29.6691 -6.11189 -20.6311 -23.9384 -15.5992 -15.0099 -27.2753 -30.5452 -26.5895 -18.8201 -17.7163 -3.59001  -17.116 -19.2824 -27.6854 -32.0569 -31.2278  -13.728 -32.6056 -24.6994 -13.3223  -30.062  -40.404 -11.6228 -38.2899 -30.3501 -21.8689 -25.3833 -22.4931 -62.9933
     2.3841     1.69602      2.5665    0.731973   -0.485963    0.316285   -0.393415     2.64882 -0.00298297   0.0854142    -0.36494   0.0881946   -0.332373     2.44596      2.6512          -0          -0          -0          -0          -0          -0          -0          -0          -0          -0          -0          -0          -0          -0          -0
  1.69602   2.96217   1.58569   1.49673 -0.686451  0.301604   1.69835  0.300018  0.418215  0.727178  0.848339   1.87327  0.103776   1.59067  0.719716        -0        -0        -0        -0        -0        -0        -0        -0        -0        -0        -0        -0        -0        -0        -0
   2.5665   1.58569 -0.427663 -0.170454   2.81315  0.199468 0.0293486   1.11516  0.870889   1.77633   0.96378   2.82779  0.930654   1.47056   2.65501        -0        -0        -0        -0        -0        -0        -0        -0        -0        -0        -0        -0        -0        -0        -0
 0.731973   1.49673 -0.170454  0.840716 0.0863739   1.14583 -0.580268 -0.151715   1.02637   2.20058   1.50595   2.86452   1.63141   2.27375  0.581858        -0        -0        -0        -0        -0        -0        -0        -0        -0        -0        -0        -0        -0        -0        -0
-0.485963 -0.686451   2.81315 0.0863739   2.55766   2.14232   2.78472   2.44585  0.837948   1.57546    2.8747   1.07385   2.60973    1.4552 -0.648877        -0        -0        -0        -0        -0        -0        -0        -0        -0        -0        -0        -0        -0        -0        -0
 0.316285  0.301604  0.199468   1.14583   2.14232  -0.16611 -0.412996  0.257484   0.65561   1.22218   2.80173   1.40325  0.805358 -0.455588   2.26474        -0        -0        -0        -0        -0        -0        -0        -0        -0        -0        -0        -0        -0        -0        -0
-0.393415   1.69835 0.0293486 -0.580268   2.78472 -0.412996  0.250292  0.682175   1.61337 -0.541939  -0.83844    1.0867   1.43313  0.677007   2.38722        -0        -0        -0        -0        -0        -0        -0        -0        -0        -0        -0        -0        -0        -0        -0
  2.64882  0.300018   1.11516 -0.151715   2.44585  0.257484  0.682175  -0.92075   2.08824 -0.742363   1.48807   1.53191   2.77129 -0.458103   1.78426        -0        -0        -0        -0        -0        -0        -0        -0        -0        -0        -0        -0        -0        -0        -0
-0.00298297    0.418215    0.870889     1.02637    0.837948     0.65561     1.61337     2.08824    0.957748     1.30143     1.88997     1.66089   -0.706568     2.07632     2.03602          -0          -0          -0          -0          -0          -0          -0          -0          -0          -0          -0          -0          -0          -0          -0
0.0854142  0.727178   1.77633   2.20058   1.57546   1.22218 -0.541939 -0.742363   1.30143 -0.525712   1.11931 -0.611871  0.323101 -0.662104   2.68065        -0        -0        -0        -0        -0        -0        -0        -0        -0        -0        -0        -0        -0        -0        -0
  -0.36494   0.848339    0.96378    1.50595     2.8747    2.80173   -0.83844    1.48807    1.88997    1.11931   0.516002     2.0062   0.890593 -0.0699742  -0.892642         -0         -0         -0         -0         -0         -0         -0         -0         -0         -0         -0         -0         -0         -0         -0
0.0881946   1.87327   2.82779   2.86452   1.07385   1.40325    1.0867   1.53191   1.66089 -0.611871    2.0062   2.23099  0.809434   1.08252 -0.073385        -0        -0        -0        -0        -0        -0        -0        -0        -0        -0        -0        -0        -0        -0        -0
-0.332373  0.103776  0.930654   1.63141   2.60973  0.805358   1.43313   2.77129 -0.706568  0.323101  0.890593  0.809434  0.345352   2.56889  0.490081        -0        -0        -0        -0        -0        -0        -0        -0        -0        -0        -0        -0        -0        -0        -0
   2.44596    1.59067    1.47056    2.27375     1.4552  -0.455588   0.677007  -0.458103    2.07632  -0.662104 -0.0699742    1.08252    2.56889  0.0520886    0.45271         -0         -0         -0         -0         -0         -0         -0         -0         -0         -0         -0         -0         -0         -0         -0
   2.6512  0.719716   2.65501  0.581858 -0.648877   2.26474   2.38722   1.78426   2.03602   2.68065 -0.892642 -0.073385  0.490081   0.45271   1.42909        -0        -0        -0        -0        -0        -0        -0        -0        -0        -0        -0        -0        -0        -0        -0
        -0         -0         -0         -0         -0         -0         -0         -0         -0         -0         -0         -0         -0         -0         -0    -2.3841   -1.69602    -2.5665  -0.731973   0.485963  -0.316285   0.393415   -2.64882 0.00298297 -0.0854142    0.36494 -0.0881946   0.332373   -2.44596    -2.6512
       -0        -0        -0        -0        -0        -0        -0        -0        -0        -0        -0        -0        -0        -0        -0  -1.69602  -2.96217  -1.58569  -1.49673  0.686451 -0.301604  -1.69835 -0.300018 -0.418215 -0.727178 -0.848339  -1.87327 -0.103776  -1.59067 -0.719716
        -0         -0         -0         -0         -0         -0         -0         -0         -0         -0         -0         -0         -0         -0         -0    -2.5665   -1.58569   0.427663   0.170454   -2.81315  -0.199468 -0.0293486   -1.11516  -0.870889   -1.77633   -0.96378   -2.82779  -0.930654   -1.47056   -2.65501
        -0         -0         -0         -0         -0         -0         -0         -0         -0         -0         -0         -0         -0         -0         -0  -0.731973   -1.49673   0.170454  -0.840716 -0.0863739   -1.14583   0.580268   0.151715   -1.02637   -2.20058   -1.50595   -2.86452   -1.63141   -2.27375  -0.581858
        -0         -0         -0         -0         -0         -0         -0         -0         -0         -0         -0         -0         -0         -0         -0   0.485963   0.686451   -2.81315 -0.0863739   -2.55766   -2.14232   -2.78472   -2.44585  -0.837948   -1.57546    -2.8747   -1.07385   -2.60973    -1.4552   0.648877
       -0        -0        -0        -0        -0        -0        -0        -0        -0        -0        -0        -0        -0        -0        -0 -0.316285 -0.301604 -0.199468  -1.14583  -2.14232   0.16611  0.412996 -0.257484  -0.65561  -1.22218  -2.80173  -1.40325 -0.805358  0.455588  -2.26474
        -0         -0         -0         -0         -0         -0         -0         -0         -0         -0         -0         -0         -0         -0         -0   0.393415   -1.69835 -0.0293486   0.580268   -2.78472   0.412996  -0.250292  -0.682175   -1.61337   0.541939    0.83844    -1.0867   -1.43313  -0.677007   -2.38722
       -0        -0        -0        -0        -0        -0        -0        -0        -0        -0        -0        -0        -0        -0        -0  -2.64882 -0.300018  -1.11516  0.151715  -2.44585 -0.257484 -0.682175   0.92075  -2.08824  0.742363  -1.48807  -1.53191  -2.77129  0.458103  -1.78426
        -0         -0         -0         -0         -0         -0         -0         -0         -0         -0         -0         -0         -0         -0         -0 0.00298297  -0.418215  -0.870889   -1.02637  -0.837948   -0.65561   -1.61337   -2.08824  -0.957748   -1.30143   -1.88997   -1.66089   0.706568   -2.07632   -2.03602
        -0         -0         -0         -0         -0         -0         -0         -0         -0         -0         -0         -0         -0         -0         -0 -0.0854142  -0.727178   -1.77633   -2.20058   -1.57546   -1.22218   0.541939   0.742363   -1.30143   0.525712   -1.11931   0.611871  -0.323101   0.662104   -2.68065
       -0        -0        -0        -0        -0        -0        -0        -0        -0        -0        -0        -0        -0        -0        -0   0.36494 -0.848339  -0.96378  -1.50595   -2.8747  -2.80173   0.83844  -1.48807  -1.88997  -1.11931 -0.516002   -2.0062 -0.890593 0.0699742  0.892642
        -0         -0         -0         -0         -0         -0         -0         -0         -0         -0         -0         -0         -0         -0         -0 -0.0881946   -1.87327   -2.82779   -2.86452   -1.07385   -1.40325    -1.0867   -1.53191   -1.66089   0.611871    -2.0062   -2.23099  -0.809434   -1.08252   0.073385
       -0        -0        -0        -0        -0        -0        -0        -0        -0        -0        -0        -0        -0        -0        -0  0.332373 -0.103776 -0.930654  -1.63141  -2.60973 -0.805358  -1.43313  -2.77129  0.706568 -0.323101 -0.890593 -0.809434 -0.345352  -2.56889 -0.490081
        -0         -0         -0         -0         -0         -0         -0         -0         -0         -0         -0         -0         -0         -0         -0   -2.44596   -1.59067   -1.47056   -2.27375    -1.4552   0.455588  -0.677007   0.458103   -2.07632   0.662104  0.0699742   -1.08252   -2.56889 -0.0520886   -0.45271
       -0        -0        -0        -0        -0        -0        -0        -0        -0        -0        -0        -0        -0        -0        -0   -2.6512 -0.719716  -2.65501 -0.581858  0.648877  -2.26474  -2.38722  -1.78426  -2.03602  -2.68065  0.892642  0.073385 -0.490081  -0.45271  -1.42909
  0.0873723     2.81242    0.123896   -0.418669     1.59945    0.532391     2.70878     1.49742     1.70196     1.44018    0.799325      2.3087     1.85139     2.91884 -0.00743725          -0          -0          -0          -0          -0          -0          -0          -0          -0          -0          -0          -0          -0          -0          -0
   2.81242   0.407425    -0.3654  -0.452844  -0.666357  -0.104907   0.573597    2.40207    2.21923 -0.0307889   0.836172    2.49652    1.37504   0.692102   0.690834         -0         -0         -0         -0         -0         -0         -0         -0         -0         -0         -0         -0         -0         -0         -0
 0.123896   -0.3654  0.312808 -0.314352 -0.709596  0.533261 -0.647067  0.866418  0.963037   2.21952   1.53988  0.860324   1.86056   1.66816    2.7591        -0        -0        -0        -0        -0        -0        -0        -0        -0        -0        -0        -0        -0        -0        -0
-0.418669 -0.452844 -0.314352 -0.699983   2.91226   1.21804   2.99918 -0.969322   2.05489 -0.693402   2.76236   1.52821   0.39127  0.779165   2.85312        -0        -0        -0        -0        -0        -0        -0        -0        -0        -0        -0        -0        -0        -0        -0
     1.59945    -0.666357    -0.709596      2.91226       1.4773      0.19511     0.485855     0.620113      2.21842 -0.000110503    -0.108935      2.80312       1.1374    -0.779686       2.0821           -0           -0           -0           -0           -0           -0           -0           -0           -0           -0           -0           -0           -0           -0           -0
 0.532391 -0.104907  0.533261   1.21804   0.19511  0.547847   1.83024   2.06153   2.44889 -0.160371  0.758299   1.86021   2.75162   1.47127  0.896505        -0        -0        -0        -0        -0        -0        -0        -0        -0        -0        -0        -0        -0        -0        -0
  2.70878  0.573597 -0.647067   2.99918  0.485855   1.83024 -0.517878  0.578526  0.885129   2.36813   2.21125   2.36784   2.14957 -0.360621   2.60474        -0        -0        -0        -0        -0        -0        -0        -0        -0        -0        -0        -0        -0        -0        -0
  1.49742   2.40207  0.866418 -0.969322  0.620113   2.06153  0.578526   2.51308   2.70054   1.57842   1.77619   2.17124  0.348657   2.58815   1.23167        -0        -0        -0        -0        -0        -0        -0        -0        -0        -0        -0        -0        -0        -0        -0
  1.70196   2.21923  0.963037   2.05489   2.21842   2.44889  0.885129   2.70054   1.33224 -0.647289  0.458838  0.438629   1.52781  0.642512   2.24516        -0        -0        -0        -0        -0        -0        -0        -0        -0        -0        -0        -0        -0        -0        -0
     1.44018   -0.0307889      2.21952    -0.693402 -0.000110503    -0.160371      2.36813      1.57842    -0.647289      2.99459     0.543496      2.72055    -0.391592      1.07801      1.13255           -0           -0           -0           -0           -0           -0           -0           -0           -0           -0           -0           -0           -0           -0           -0
 0.799325  0.836172   1.53988   2.76236 -0.108935  0.758299   2.21125   1.77619  0.458838  0.543496   2.58748   2.16583   1.89215    2.3087   1.84008        -0        -0        -0        -0        -0        -0        -0        -0        -0        -0        -0        -0        -0        -0        -0
   2.3087   2.49652  0.860324   1.52821   2.80312   1.86021   2.36784   2.17124  0.438629   2.72055   2.16583  0.890171    1.1153 -0.191656   1.13732        -0        -0        -0        -0        -0        -0        -0        -0        -0        -0        -0        -0        -0        -0        -0
  1.85139   1.37504   1.86056   0.39127    1.1374   2.75162   2.14957  0.348657   1.52781 -0.391592   1.89215    1.1153   2.02773   2.96818 -0.752147        -0        -0        -0        -0        -0        -0        -0        -0        -0        -0        -0        -0        -0        -0        -0
  2.91884  0.692102   1.66816  0.779165 -0.779686   1.47127 -0.360621   2.58815  0.642512   1.07801    2.3087 -0.191656   2.96818   1.83945   0.86781        -0        -0        -0        -0        -0        -0        -0        -0        -0        -0        -0        -0        -0        -0        -0
-0.00743725    0.690834      2.7591     2.85312      2.0821    0.896505     2.60474     1.23167     2.24516     1.13255     1.84008     1.13732   -0.752147     0.86781   -0.479278          -0          -0          -0          -0          -0          -0          -0          -0          -0          -0          -0          -0          -0          -0          -0
        -0         -0         -0         -0         -0         -0         -0         -0         -0         -0         -0         -0         -0         -0         -0 -0.0873723   -2.81242  -0.123896   0.418669   -1.59945  -0.532391   -2.70878   -1.49742   -1.70196   -1.44018  -0.799325    -2.3087   -1.85139   -2.91884 0.00743725
       -0        -0        -0        -0        -0        -0        -0        -0        -0        -0        -0        -0        -0        -0        -0  -2.81242 -0.407425    0.3654  0.452844  0.666357  0.104907 -0.573597  -2.40207  -2.21923 0.0307889 -0.836172  -2.49652  -1.37504 -0.692102 -0.690834
       -0        -0        -0        -0        -0        -0        -0        -0        -0        -0        -0        -0        -0        -0        -0 -0.123896    0.3654 -0.312808  0.314352  0.709596 -0.533261  0.647067 -0.866418 -0.963037  -2.21952  -1.53988 -0.860324  -1.86056  -1.66816   -2.7591
       -0        -0        -0        -0        -0        -0        -0        -0        -0        -0        -0        -0        -0        -0        -0  0.418669  0.452844  0.314352  0.699983  -2.91226  -1.21804  -2.99918  0.969322  -2.05489  0.693402  -2.76236  -1.52821  -0.39127 -0.779165  -2.85312
         -0          -0          -0          -0          -0          -0          -0          -0          -0          -0          -0          -0          -0          -0          -0    -1.59945    0.666357    0.709596    -2.91226     -1.4773    -0.19511   -0.485855   -0.620113    -2.21842 0.000110503    0.108935    -2.80312     -1.1374    0.779686     -2.0821
       -0        -0        -0        -0        -0        -0        -0        -0        -0        -0        -0        -0        -0        -0        -0 -0.532391  0.104907 -0.533261  -1.21804  -0.19511 -0.547847  -1.83024  -2.06153  -2.44889  0.160371 -0.758299  -1.86021  -2.75162  -1.47127 -0.896505
       -0        -0        -0        -0        -0        -0        -0        -0        -0        -0        -0        -0        -0        -0        -0  -2.70878 -0.573597  0.647067  -2.99918 -0.485855  -1.83024  0.517878 -0.578526 -0.885129  -2.36813  -2.21125  -2.36784  -2.14957  0.360621  -2.60474
       -0        -0        -0        -0        -0        -0        -0        -0        -0        -0        -0        -0        -0        -0        -0  -1.49742  -2.40207 -0.866418  0.969322 -0.620113  -2.06153 -0.578526  -2.51308  -2.70054  -1.57842  -1.77619  -2.17124 -0.348657  -2.58815  -1.23167
       -0        -0        -0        -0        -0        -0        -0        -0        -0        -0        -0        -0        -0        -0        -0  -1.70196  -2.21923 -0.963037  -2.05489  -2.21842  -2.44889 -0.885129  -2.70054  -1.33224  0.647289 -0.458838 -0.438629  -1.52781 -0.642512  -2.24516
         -0          -0          -0          -0          -0          -0          -0          -0          -0          -0          -0          -0          -0          -0          -0    -1.44018   0.0307889    -2.21952    0.693402 0.000110503    0.160371    -2.36813    -1.57842    0.647289    -2.99459   -0.543496    -2.72055    0.391592    -1.07801    -1.13255
       -0        -0        -0        -0        -0        -0        -0        -0        -0        -0        -0        -0        -0        -0        -0 -0.799325 -0.836172  -1.53988  -2.76236  0.108935 -0.758299  -2.21125  -1.77619 -0.458838 -0.543496  -2.58748  -2.16583  -1.89215   -2.3087  -1.84008
       -0        -0        -0        -0        -0        -0        -0        -0        -0        -0        -0        -0        -0        -0        -0   -2.3087  -2.49652 -0.860324  -1.52821  -2.80312  -1.86021  -2.36784  -2.17124 -0.438629  -2.72055  -2.16583 -0.890171   -1.1153  0.191656  -1.13732
       -0        -0        -0        -0        -0        -0        -0        -0        -0        -0        -0        -0        -0        -0        -0  -1.85139  -1.37504  -1.86056  -0.39127   -1.1374  -2.75162  -2.14957 -0.348657  -1.52781  0.391592  -1.89215   -1.1153  -2.02773  -2.96818  0.752147
       -0        -0        -0        -0        -0        -0        -0        -0        -0        -0        -0        -0        -0        -0        -0  -2.91884 -0.692102  -1.66816 -0.779165  0.779686  -1.47127  0.360621  -2.58815 -0.642512  -1.07801   -2.3087  0.191656  -2.96818  -1.83945  -0.86781
        -0         -0         -0         -0         -0         -0         -0         -0         -0         -0         -0         -0         -0         -0         -0 0.00743725  -0.690834    -2.7591   -2.85312    -2.0821  -0.896505   -2.60474   -1.23167   -2.24516   -1.13255   -1.84008   -1.13732   0.752147   -0.86781   0.479278
   2.41949  -0.606167    2.95264  -0.880668    2.99213    1.03175      2.367   0.404313    1.25551 -0.0179519   0.284195    2.53263  -0.515468    1.49369  -0.534943         -0         -0         -0         -0         -0         -0         -0         -0         -0         -0         -0         -0         -0         -0         -0
-0.606167   2.24394 -0.498302 -0.246706   2.63483 0.0880096 -0.812045   2.16787   1.36535  0.920841 -0.298648 -0.632468  0.431564   2.16108  0.204506        -0        -0        -0        -0        -0        -0        -0        -0        -0        -0        -0        -0        -0        -0        -0
  2.95264 -0.498302  0.668598  0.218136  0.435263  0.635311 0.0644888 -0.660852  0.865801  0.840849 -0.829957  0.763756   1.03304  0.668107   2.89348        -0        -0        -0        -0        -0        -0        -0        -0        -0        -0        -0        -0        -0        -0        -0
-0.880668 -0.246706  0.218136  0.979607  0.660725   2.24988 -0.197734   2.03962      2.32  0.321196      2.15  0.373475 -0.345425  -0.74255    1.4981        -0        -0        -0        -0        -0        -0        -0        -0        -0        -0        -0        -0        -0        -0        -0
   2.99213    2.63483   0.435263   0.660725   0.800291    2.06762    0.84868    1.41775    2.16762 -0.0395349  -0.978651   0.688728   -0.41844  -0.465442   0.859082         -0         -0         -0         -0         -0         -0         -0         -0         -0         -0         -0         -0         -0         -0         -0
  1.03175 0.0880096  0.635311   2.24988   2.06762   1.54154   1.86478   2.40676   2.71448 -0.741402   2.33766   1.72422   1.05439   2.35684 -0.524962        -0        -0        -0        -0        -0        -0        -0        -0        -0        -0        -0        -0        -0        -0        -0
    2.367 -0.812045 0.0644888 -0.197734   0.84868   1.86478 -0.173127  0.581163   1.18478 -0.272039   1.86448  0.632073   2.99224   1.98167 -0.447511        -0        -0        -0        -0        -0        -0        -0        -0        -0        -0        -0        -0        -0        -0        -0
 0.404313   2.16787 -0.660852   2.03962   1.41775   2.40676  0.581163   0.98283   2.99449   1.54163   1.20613   1.41669   2.44604   1.16663  0.851319        -0        -0        -0        -0        -0        -0        -0        -0        -0        -0        -0        -0        -0        -0        -0
  1.25551   1.36535  0.865801      2.32   2.16762   2.71448   1.18478   2.99449   -0.5417   1.24143   2.33215  0.265849 -0.739484  0.773525   2.92108        -0        -0        -0        -0        -0        -0        -0        -0        -0        -0        -0        -0        -0        -0        -0
-0.0179519   0.920841   0.840849   0.321196 -0.0395349  -0.741402  -0.272039    1.54163    1.24143    1.12433    2.32278     2.8735    2.32439  -0.752479  -0.186995         -0         -0         -0         -0         -0         -0         -0         -0         -0         -0         -0         -0         -0         -0         -0
 0.284195 -0.298648 -0.829957      2.15 -0.978651   2.33766   1.86448   1.20613   2.33215   2.32278  0.654575  -0.45898   1.76882   1.04013  0.175711        -0        -0        -0        -0        -0        -0        -0        -0        -0        -0        -0        -0        -0        -0        -0
  2.53263 -0.632468  0.763756  0.373475  0.688728   1.72422  0.632073   1.41669  0.265849    2.8735  -0.45898   1.88585   0.91509   1.31455   1.68989        -0        -0        -0        -0        -0        -0        -0        -0        -0        -0        -0        -0        -0        -0        -0
-0.515468  0.431564   1.03304 -0.345425  -0.41844   1.05439   2.99224   2.44604 -0.739484   2.32439   1.76882   0.91509   1.65078   2.13337    1.7281        -0        -0        -0        -0        -0        -0        -0        -0        -0        -0        -0        -0        -0        -0        -0
  1.49369   2.16108  0.668107  -0.74255 -0.465442   2.35684   1.98167   1.16663  0.773525 -0.752479   1.04013   1.31455   2.13337 -0.280026   2.82649        -0        -0        -0        -0        -0        -0        -0        -0        -0        -0        -0        -0        -0        -0        -0
-0.534943  0.204506   2.89348    1.4981  0.859082 -0.524962 -0.447511  0.851319   2.92108 -0.186995  0.175711   1.68989    1.7281   2.82649   1.31835        -0        -0        -0        -0        -0        -0        -0        -0        -0        -0        -0        -0        -0        -0        -0
       -0        -0        -0        -0        -0        -0        -0        -0        -0        -0        -0        -0        -0        -0        -0  -2.41949  0.606167  -2.95264  0.880668  -2.99213  -1.03175    -2.367 -0.404313  -1.25551 0.0179519 -0.284195  -2.53263  0.515468  -1.49369  0.534943
        -0         -0         -0         -0         -0         -0         -0         -0         -0         -0         -0         -0         -0         -0         -0   0.606167   -2.24394   0.498302   0.246706   -2.63483 -0.0880096   0.812045   -2.16787   -1.36535  -0.920841   0.298648   0.632468  -0.431564   -2.16108  -0.204506
        -0         -0         -0         -0         -0         -0         -0         -0         -0         -0         -0         -0         -0         -0         -0   -2.95264   0.498302  -0.668598  -0.218136  -0.435263  -0.635311 -0.0644888   0.660852  -0.865801  -0.840849   0.829957  -0.763756   -1.03304  -0.668107   -2.89348
       -0        -0        -0        -0        -0        -0        -0        -0        -0        -0        -0        -0        -0        -0        -0  0.880668  0.246706 -0.218136 -0.979607 -0.660725  -2.24988  0.197734  -2.03962     -2.32 -0.321196     -2.15 -0.373475  0.345425   0.74255   -1.4981
       -0        -0        -0        -0        -0        -0        -0        -0        -0        -0        -0        -0        -0        -0        -0  -2.99213  -2.63483 -0.435263 -0.660725 -0.800291  -2.06762  -0.84868  -1.41775  -2.16762 0.0395349  0.978651 -0.688728   0.41844  0.465442 -0.859082
        -0         -0         -0         -0         -0         -0         -0         -0         -0         -0         -0         -0         -0         -0         -0   -1.03175 -0.0880096  -0.635311   -2.24988   -2.06762   -1.54154   -1.86478   -2.40676   -2.71448   0.741402   -2.33766   -1.72422   -1.05439   -2.35684   0.524962
        -0         -0         -0         -0         -0         -0         -0         -0         -0         -0         -0         -0         -0         -0         -0     -2.367   0.812045 -0.0644888   0.197734   -0.84868   -1.86478   0.173127  -0.581163   -1.18478   0.272039   -1.86448  -0.632073   -2.99224   -1.98167   0.447511
       -0        -0        -0        -0        -0        -0        -0        -0        -0        -0        -0        -0        -0        -0        -0 -0.404313  -2.16787  0.660852  -2.03962  -1.41775  -2.40676 -0.581163  -0.98283  -2.99449  -1.54163  -1.20613  -1.41669  -2.44604  -1.16663 -0.851319
       -0        -0        -0        -0        -0        -0        -0        -0        -0        -0        -0        -0        -0        -0        -0  -1.25551  -1.36535 -0.865801     -2.32  -2.16762  -2.71448  -1.18478  -2.99449    0.5417  -1.24143  -2.33215 -0.265849  0.739484 -0.773525  -2.92108
       -0        -0        -0        -0        -0        -0        -0        -0        -0        -0        -0        -0        -0        -0        -0 0.0179519 -0.920841 -0.840849 -0.321196 0.0395349  0.741402  0.272039  -1.54163  -1.24143  -1.12433  -2.32278   -2.8735  -2.32439  0.752479  0.186995
       -0        -0        -0        -0        -0        -0        -0        -0        -0        -0        -0        -0        -0        -0        -0 -0.284195  0.298648  0.829957     -2.15  0.978651  -2.33766  -1.86448  -1.20613  -2.33215  -2.32278 -0.654575   0.45898  -1.76882  -1.04013 -0.175711
       -0        -0        -0        -0        -0        -0        -0        -0        -0        -0        -0        -0        -0        -0        -0  -2.53263  0.632468 -0.763756 -0.373475 -0.688728  -1.72422 -0.632073  -1.41669 -0.265849   -2.8735   0.45898  -1.88585  -0.91509  -1.31455  -1.68989
       -0        -0        -0        -0        -0        -0        -0        -0        -0        -0        -0        -0        -0        -0        -0  0.515468 -0.431564  -1.03304  0.345425   0.41844  -1.05439  -2.99224  -2.44604  0.739484  -2.32439  -1.76882  -0.91509  -1.65078  -2.13337   -1.7281
       -0        -0        -0        -0        -0        -0        -0        -0        -0        -0        -0        -0        -0        -0        -0  -1.49369  -2.16108 -0.668107   0.74255  0.465442  -2.35684  -1.98167  -1.16663 -0.773525  0.752479  -1.04013  -1.31455  -2.13337  0.280026  -2.82649
       -0        -0        -0        -0        -0        -0        -0        -0        -0        -0        -0        -0        -0        -0        -0  0.534943 -0.204506  -2.89348   -1.4981 -0.859082  0.524962  0.447511 -0.851319  -2.92108  0.186995 -0.175711  -1.68989   -1.7281  -2.82649  -1.31835
  -0.97133     2.6036 -0.0985698   0.736957   0.631326  0.0636935   0.915307  -0.327142    1.78575    0.31717  -0.286732   0.050717    2.13689    2.13734    2.47073         -0         -0         -0         -0         -0         -0         -0         -0         -0         -0         -0         -0         -0         -0         -0
     2.6036    0.405249   -0.974393     1.34841    0.195303   0.0796806 -0.00465907     1.31504    0.213744 -0.00885879     2.83021    0.962904    0.768557    -0.62274     2.93234          -0          -0          -0          -0          -0          -0          -0          -0          -0          -0          -0          -0          -0          -0          -0
-0.0985698  -0.974393    2.17802    2.46722   0.117789  -0.687466     2.1756    2.69168  -0.548186  -0.557802  0.0230799    1.30899    1.51913    2.36456    2.59281         -0         -0         -0         -0         -0         -0         -0         -0         -0         -0         -0         -0         -0         -0         -0
  0.736957    1.34841    2.46722   0.882192  -0.190656  -0.469089     2.0331 -0.0146078    0.96135 0.00885003   0.165082   0.492915  -0.840032   0.446333   0.989862         -0         -0         -0         -0         -0         -0         -0         -0         -0         -0         -0         -0         -0         -0         -0
 0.631326  0.195303  0.117789 -0.190656   2.57617   1.96187  0.804685   1.84596  -0.75316  0.976533  0.791558   1.97175   1.93364  0.870175 -0.907695        -0        -0        -0        -0        -0        -0        -0        -0        -0        -0        -0        -0        -0        -0        -0
0.0636935 0.0796806 -0.687466 -0.469089   1.96187   1.15802   1.75176   1.65355    1.2565   2.28815   0.26992 -0.714472 -0.689311   1.33632   1.52645        -0        -0        -0        -0        -0        -0        -0        -0        -0        -0        -0        -0        -0        -0        -0
   0.915307 -0.00465907      2.1756      2.0331    0.804685     1.75176    0.873268     2.14342   -0.286888      2.6624     2.42158   -0.218932    0.429887    0.731861     1.30055          -0          -0          -0          -0          -0          -0          -0          -0          -0          -0          -0          -0          -0          -0          -0
 -0.327142    1.31504    2.69168 -0.0146078    1.84596    1.65355    2.14342    1.74743    1.12011   0.119949    1.50467    1.63416    1.35522    1.65124   0.522192         -0         -0         -0         -0         -0         -0         -0         -0         -0         -0         -0         -0         -0         -0         -0
   1.78575   0.213744  -0.548186    0.96135   -0.75316     1.2565  -0.286888    1.12011    1.62618    1.03559    2.39003   0.405477    1.81536 -0.0295257  -0.118327         -0         -0         -0         -0         -0         -0         -0         -0         -0         -0         -0         -0         -0         -0         -0
    0.31717 -0.00885879   -0.557802  0.00885003    0.976533     2.28815      2.6624    0.119949     1.03559    0.164336     1.04776     1.81665   -0.180086     2.13734     0.11591          -0          -0          -0          -0          -0          -0          -0          -0          -0          -0          -0          -0          -0          -0          -0
