30
1
30
 -0.0538176  -0.0425091   -0.074865   0.0360973   -0.151066    0.387687  -0.0117175 -0.00954619   -0.136386    0.299696    0.125585  -0.0202687   0.0784369    0.286218   -0.206355  -0.0905822    0.245101    -0.38804   -0.202762    0.106012    0.201895    0.220394    0.234971    0.143715  -0.0235121  -0.0979646  -0.0769323    0.278367  -0.0521732   -0.164613
-69.7071  -29.263 -39.0554 -23.4089 -35.8297 -19.7101 -15.0339 -38.4256 -39.7272 -25.6677 -22.2104 -32.5162  -35.673  -40.265 -28.0416 -21.4086 -14.9274 -25.3865 -25.0464 -42.4102 -36.4131 -39.3154 -45.3099 -43.5721 -30.8331 -24.3758 -38.5546 -15.8778 -28.5509 -41.6974
 -29.263 -49.5215 -25.8059 -22.4453 -34.4875 -14.3998 -26.6443 -28.6741 -36.9027 -35.6847 -13.2858 -22.4997 -22.3788 -34.2079 -33.2719 -20.3699 -16.0116 -27.3869 -25.8521  -18.158   -33.65 -24.6454   -33.07 -27.5362 -34.3674 -24.6899 -40.4206 -29.9731 -27.6298 -35.4904
-39.0554 -25.8059 -60.6007 -27.8629 -41.4039 -22.3295 -19.0907 -34.9085 -28.9176 -25.7141 -28.0873 -36.3749 -24.8962 -27.2298 -27.3418 -13.9111 -14.0101 -27.4067 -28.8812 -48.6108 -30.0572 -39.8078 -26.0592 -34.9405 -35.1249 -33.0136 -35.8246 -20.0212 -32.2667 -39.6829
-23.4089 -22.4453 -27.8629 -72.3049 -44.4087 -13.9269 -31.1311 -27.2839 -37.4369 -37.7274 -34.6425 -29.8169 -31.2655 -19.7019 -31.1513 -26.3177  -28.752 -41.9956 -41.7528 -33.1228 -31.1726 -38.7893 -33.5695 -36.9419 -55.9863  -37.427 -39.5981 -31.1189 -27.1185 -39.6935
-35.8297 -34.4875 -41.4039 -44.4087 -89.5708 -39.0683 -31.5573 -36.7349 -55.3078 -55.0274 -38.1802 -58.7767 -27.2657 -31.9837  -50.046 -25.6963 -37.6043 -33.0553 -41.9158 -50.1246 -43.9433 -46.1193 -38.1013 -43.5874 -60.5098 -35.3386 -53.9905 -37.9462 -18.7924 -50.5769
-19.7101 -14.3998 -22.3295 -13.9269 -39.0683 -67.2453 -23.8801 -21.9823  -43.437 -34.1126 -23.8747 -43.4656 -19.0203 -25.8334 -35.0179 -22.7821 -27.4468  -7.7206 -15.2834 -24.0722 -19.7672  -30.883 -21.9312 -18.9286 -34.7841 -10.8946 -17.2757 -22.3398 -4.00651 -43.2746
-15.0339 -26.6443 -19.0907 -31.1311 -31.5573 -23.8801 -66.1628 -29.6485 -29.0434 -30.8047 -19.4999 -28.6753 -23.1477 -20.3836 -28.8298 -33.3696  -26.814 -27.0096 -26.9436 -25.6286  -18.923 -18.8216 -33.1087 -28.8304 -51.1204 -24.8242 -41.7709 -35.5625 -18.5713 -42.3611
-38.4256 -28.6741 -34.9085 -27.2839 -36.7349 -21.9823 -29.6485 -72.3789 -33.5268 -28.3968 -24.1495  -23.729 -17.4837 -38.7973 -34.8735 -24.4627 -22.1042 -34.1117 -25.5091 -32.0229  -30.038 -27.6734 -26.9345 -31.9888 -55.8653 -37.7295 -33.7244 -26.4861 -34.5978 -34.3222
-39.7272 -36.9027 -28.9176 -37.4369 -55.3078  -43.437 -29.0434 -33.5268 -91.2498 -50.9273 -35.2842 -43.9987 -41.4364 -51.0346 -55.1226 -39.4596 -31.3717  -37.876 -25.0043 -29.1495 -34.9017 -44.2377 -35.1253 -47.9555 -54.0904 -36.4211 -50.0521 -33.2484 -15.1769 -48.7829
-25.6677 -35.6847 -25.7141 -37.7274 -55.0274 -34.1126 -30.8047 -28.3968 -50.9273 -73.9831 -29.6341 -49.4361 -14.7795 -32.5055 -45.6383 -28.9163 -39.8641  -32.337 -27.9584 -31.0082  -48.185 -37.6368  -23.836 -29.8136 -47.3959 -34.6802 -33.2706 -25.3885  -26.186 -36.9801
-22.2104 -13.2858 -28.0873 -34.6425 -38.1802 -23.8747 -19.4999 -24.1495 -35.2842 -29.6341 -58.7087 -36.8841 -26.7034 -14.0659 -18.8138 -14.4834 -20.8079 -34.0312 -24.2018 -26.1967  -16.023 -43.5741 -17.4187 -30.5304 -45.9321 -29.2026 -18.1038 -28.4232 -18.0015 -38.1675
-32.5162 -22.4997 -36.3749 -29.8169 -58.7767 -43.4656 -28.6753  -23.729 -43.9987 -49.4361 -36.8841 -70.5458 -26.1384 -25.9209   -34.12 -22.5973 -38.4876 -34.5415 -26.2438 -36.8277 -23.3303 -40.9804 -34.1788 -33.1714 -42.8412 -24.1422 -28.1477 -29.4097 -22.4517 -47.6713
 -35.673 -22.3788 -24.8962 -31.2655 -27.2657 -19.0203 -23.1477 -17.4837 -41.4364 -14.7795 -26.7034 -26.1384 -64.1454 -25.3757 -18.4324  -21.516 -12.8362 -33.9748 -23.6987 -28.5517 -16.6121 -36.3905 -37.1232 -35.7867 -35.0682 -22.8957 -29.9078 -26.7358 -9.59623 -43.4335
 -40.265 -34.2079 -27.2298 -19.7019 -31.9837 -25.8334 -20.3836 -38.7973 -51.0346 -32.5055 -14.0659 -25.9209 -25.3757 -69.4736 -45.1231 -25.7337 -11.9072 -20.8998  -16.856 -11.7097 -28.8654 -22.5988 -32.6038 -36.5925 -32.1651 -19.6245 -27.0747 -20.0767 -24.5842 -34.2069
-28.0416 -33.2719 -27.3418 -31.1513  -50.046 -35.0179 -28.8298 -34.8735 -55.1226 -45.6383 -18.8138   -34.12 -18.4324 -45.1231 -68.9879 -28.5711  -25.511 -21.5781 -22.6126 -29.3367 -36.1621 -30.2036 -27.3678 -32.4928 -50.4922 -30.4081 -42.2277 -26.3922 -29.8469  -39.223
-21.4086 -20.3699 -13.9111 -26.3177 -25.6963 -22.7821 -33.3696 -24.4627 -39.4596 -28.9163 -14.4834 -22.5973  -21.516 -25.7337 -28.5711 -55.3532 -9.62637 -18.4152 -30.0114 -13.5704 -27.4368 -19.6475 -20.2352 -23.7845  -29.254 -37.8172 -36.6541  -16.324 -14.4262 -32.9535
-14.9274 -16.0116 -14.0101  -28.752 -37.6043 -27.4468  -26.814 -22.1042 -31.3717 -39.8641 -20.8079 -38.4876 -12.8362 -11.9072  -25.511 -9.62637 -64.4525 -33.2915 -17.1023 -26.0339 -18.1682 -27.0177 -28.0189 -20.1614 -38.5473 -27.8486 -18.9938 -28.4554  -25.438 -40.8263
-25.3865 -27.3869 -27.4067 -41.9956 -33.0553  -7.7206 -27.0096 -34.1117  -37.876  -32.337 -34.0312 -34.5415 -33.9748 -20.8998 -21.5781 -18.4152 -33.2915 -64.4161 -25.0469 -26.6948 -15.2655 -40.4952 -27.7122  -27.282 -47.3801 -42.8837 -28.6393 -30.6344 -30.9278 -52.8006
-25.0464 -25.8521 -28.8812 -41.7528 -41.9158 -15.2834 -26.9436 -25.5091 -25.0043 -27.9584 -24.2018 -26.2438 -23.6987  -16.856 -22.6126 -30.0114 -17.1023 -25.0469 -63.4662 -35.2924 -31.7234 -28.8479 -25.2425 -26.9654  -43.969 -36.2483 -34.4797 -33.2472 -15.5682 -39.4358
-42.4102  -18.158 -48.6108 -33.1228 -50.1246 -24.0722 -25.6286 -32.0229 -29.1495 -31.0082 -26.1967 -36.8277 -28.5517 -11.7097 -29.3367 -13.5704 -26.0339 -26.6948 -35.2924 -75.7398 -35.2173  -50.478 -26.3426 -32.2705 -48.0631 -37.1515 -44.0736 -22.3103  -17.682 -38.8731
-36.4131   -33.65 -30.0572 -31.1726 -43.9433 -19.7672  -18.923  -30.038 -34.9017  -48.185  -16.023 -23.3303 -16.6121 -28.8654 -36.1621 -27.4368 -18.1682 -15.2655 -31.7234 -35.2173 -60.0571 -32.0156 -25.8475 -31.7585 -33.7795 -34.2678 -39.3042 -15.4345 -20.5046 -28.0236
-39.3154 -24.6454 -39.8078 -38.7893 -46.1193  -30.883 -18.8216 -27.6734 -44.2377 -37.6368 -43.5741 -40.9804 -36.3905 -22.5988 -30.2036 -19.6475 -27.0177 -40.4952 -28.8479  -50.478 -32.0156 -74.4572 -36.3336 -32.7327 -52.7474 -40.4613 -36.9046 -32.4596 -26.6377 -52.8125
-45.3099   -33.07 -26.0592 -33.5695 -38.1013 -21.9312 -33.1087 -26.9345 -35.1253  -23.836 -17.4187 -34.1788 -37.1232 -32.6038 -27.3678 -20.2352 -28.0189 -27.7122 -25.2425 -26.3426 -25.8475 -36.3336 -71.2821 -41.4304 -41.9406 -12.2166 -39.7473 -37.6752 -31.8958 -42.3016
-43.5721 -27.5362 -34.9405 -36.9419 -43.5874 -18.9286 -28.8304 -31.9888 -47.9555 -29.8136 -30.5304 -33.1714 -35.7867 -36.5925 -32.4928 -23.7845 -20.1614  -27.282 -26.9654 -32.2705 -31.7585 -32.7327 -41.4304 -66.4236  -41.869 -23.4233 -37.9576   -26.94 -17.1441  -35.028
-30.8331 -34.3674 -35.1249 -55.9863 -60.5098 -34.7841 -51.1204 -55.8653 -54.0904 -47.3959 -45.9321 -42.8412 -35.0682 -32.1651 -50.4922  -29.254 -38.5473 -47.3801  -43.969 -48.0631 -33.7795 -52.7474 -41.9406  -41.869 -92.8849 -41.9473 -54.6983 -49.0558 -32.5903  -50.535
-24.3758 -24.6899 -33.0136  -37.427 -35.3386 -10.8946 -24.8242 -37.7295 -36.4211 -34.6802 -29.2026 -24.1422 -22.8957 -19.6245 -30.4081 -37.8172 -27.8486 -42.8837 -36.2483 -37.1515 -34.2678 -40.4613 -12.2166 -23.4233 -41.9473 -74.2361 -40.4388 -20.9993 -35.5581 -45.8541
-38.5546 -40.4206 -35.8246 -39.5981 -53.9905 -17.2757 -41.7709 -33.7244 -50.0521 -33.2706 -18.1038 -28.1477 -29.9078 -27.0747 -42.2277 -36.6541 -18.9938 -28.6393 -34.4797 -44.0736 -39.3042 -36.9046 -39.7473 -37.9576 -54.6983 -40.4388 -84.7202 -33.2354 -30.3653 -43.8101
-15.8778 -29.9731 -20.0212 -31.1189 -37.9462 -22.3398 -35.5625 -26.4861 -33.2484 -25.3885 -28.4232 -29.4097 -26.7358 -20.0767 -26.3922  -16.324 -28.4554 -30.6344 -33.2472 -22.3103 -15.4345 -32.4596 -37.6752   -26.94 -49.0558 -20.9993 -33.2354 -58.4198 -22.8495 -46.0672
-28.5509 -27.6298 -32.2667 -27.1185 -18.7924 -4.00651 -18.5713 -34.5978 -15.1769  -26.186 -18.0015 -22.4517 -9.59623 -24.5842 -29.8469 -14.4262  -25.438 -30.9278 -15.5682  -17.682 -20.5046 -26.6377 -31.8958 -17.1441 -32.5903 -35.5581 -30.3653 -22.8495  -74.405  -35.586
-41.6974 -35.4904 -39.6829 -39.6935 -50.5769 -43.2746 -42.3611 -34.3222 -48.7829 -36.9801 -38.1675 -47.6713 -43.4335 -34.2069  -39.223 -32.9535 -40.8263 -52.8006 -39.4358 -38.8731 -28.0236 -52.8125 -42.3016  -35.028  -50.535 -45.8541 -43.8101 -46.0672  -35.586  -103.27
  1.17257   1.48313   0.49424   0.53331 -0.984512 0.0155502  0.761545  0.875328 -0.845728    2.6263 -0.157311   1.73536  0.711163   2.94958 -0.122485        -0        -0        -0        -0        -0        -0        -0        -0        -0        -0        -0        -0        -0        -0        -0
  1.48313 -0.958076   2.86079   1.48245   1.13203   1.33505   2.46155  0.601923   2.66064  0.404922   2.37947   2.59526   2.49275   2.72134    2.0184        -0        -0        -0        -0        -0        -0        -0        -0        -0        -0        -0        -0        -0        -0        -0
   0.49424    2.86079    1.16595    2.02035     1.6739    2.39679    1.29454   0.337716  -0.984111  -0.751446    2.52389   0.645702 -0.0727501    1.58772    1.83316         -0         -0         -0         -0         -0         -0         -0         -0         -0         -0         -0         -0         -0         -0         -0
   0.53331    1.48245    2.02035   0.985576    1.18144  -0.964097  -0.564557   0.272117    1.44881 -0.0359871  -0.141421    1.98391    0.23505   0.595281   0.804765         -0         -0         -0         -0         -0         -0         -0         -0         -0         -0         -0         -0         -0         -0         -0
-0.984512   1.13203    1.6739   1.18144   1.35097  -0.67937  0.642991  0.637825 -0.903914   1.67704  0.828287 -0.440723  -0.64867   1.70525 -0.746551        -0        -0        -0        -0        -0        -0        -0        -0        -0        -0        -0        -0        -0        -0        -0
0.0155502   1.33505   2.39679 -0.964097  -0.67937   1.81724 -0.354484  0.658346  0.658881  0.886379   2.61997 -0.677259   1.75554   2.14699   2.18449        -0        -0        -0        -0        -0        -0        -0        -0        -0        -0        -0        -0        -0        -0        -0
 0.761545   2.46155   1.29454 -0.564557  0.642991 -0.354484   1.42653 -0.910641   2.09433   1.62236   1.51746  -0.12971 -0.144976  0.918022 -0.439698        -0        -0        -0        -0        -0        -0        -0        -0        -0        -0        -0        -0        -0        -0        -0
  0.875328   0.601923   0.337716   0.272117   0.637825   0.658346  -0.910641   0.127105    1.52261     1.7664 -0.0773829    2.18164    1.86879    2.57554   0.108472         -0         -0         -0         -0         -0         -0         -0         -0         -0         -0         -0         -0         -0         -0         -0
-0.845728   2.66064 -0.984111   1.44881 -0.903914  0.658881   2.09433   1.52261   2.51101   2.01348   1.14259   2.08914   2.67815   1.32863   1.05327        -0        -0        -0        -0        -0        -0        -0        -0        -0        -0        -0        -0        -0        -0        -0
    2.6263   0.404922  -0.751446 -0.0359871    1.67704   0.886379    1.62236     1.7664    2.01348    2.18008    1.02847    2.88377    1.99761  0.0071602  -0.761544         -0         -0         -0         -0         -0         -0         -0         -0         -0         -0         -0         -0         -0         -0         -0
 -0.157311    2.37947    2.52389  -0.141421   0.828287    2.61997    1.51746 -0.0773829    1.14259    1.02847    2.34533    1.36171  -0.102744    2.45932  -0.893917         -0         -0         -0         -0         -0         -0         -0         -0         -0         -0         -0         -0         -0         -0         -0
  1.73536   2.59526  0.645702   1.98391 -0.440723 -0.677259  -0.12971   2.18164   2.08914   2.88377   1.36171   1.32258   2.02349 -0.309658   1.95053        -0        -0        -0        -0        -0        -0        -0        -0        -0        -0        -0        -0        -0        -0        -0
  0.711163    2.49275 -0.0727501    0.23505   -0.64867    1.75554  -0.144976    1.86879    2.67815    1.99761  -0.102744    2.02349     2.7088    2.32974    2.26194         -0         -0         -0         -0         -0         -0         -0         -0         -0         -0         -0         -0         -0         -0         -0
  2.94958   2.72134   1.58772  0.595281   1.70525   2.14699  0.918022   2.57554   1.32863 0.0071602   2.45932 -0.309658   2.32974  0.307235   2.81488        -0        -0        -0        -0        -0        -0        -0        -0        -0        -0        -0        -0        -0        -0        -0
-0.122485    2.0184   1.83316  0.804765 -0.746551   2.18449 -0.439698  0.108472   1.05327 -0.761544 -0.893917   1.95053   2.26194   2.81488   2.93651        -0        -0        -0        -0        -0        -0        -0        -0        -0        -0        -0        -0        -0        -0        -0
        -0         -0         -0         -0         -0         -0         -0         -0         -0         -0         -0         -0         -0         -0         -0   -1.17257   -1.48313   -0.49424   -0.53331   0.984512 -0.0155502  -0.761545  -0.875328   0.845728    -2.6263   0.157311   -1.73536  -0.711163   -2.94958   0.122485
       -0        -0        -0        -0        -0        -0        -0        -0        -0        -0        -0        -0        -0        -0        -0  -1.48313  0.958076  -2.86079  -1.48245  -1.13203  -1.33505  -2.46155 -0.601923  -2.66064 -0.404922  -2.37947  -2.59526  -2.49275  -2.72134   -2.0184
       -0        -0        -0        -0        -0        -0        -0        -0        -0        -0        -0        -0        -0        -0        -0  -0.49424  -2.86079  -1.16595  -2.02035   -1.6739  -2.39679  -1.29454 -0.337716  0.984111  0.751446  -2.52389 -0.645702 0.0727501  -1.58772  -1.83316
       -0        -0        -0        -0        -0        -0        -0        -0        -0        -0        -0        -0        -0        -0        -0  -0.53331  -1.48245  -2.02035 -0.985576  -1.18144  0.964097  0.564557 -0.272117  -1.44881 0.0359871  0.141421  -1.98391  -0.23505 -0.595281 -0.804765
       -0        -0        -0        -0        -0        -0        -0        -0        -0        -0        -0        -0        -0        -0        -0  0.984512  -1.13203   -1.6739  -1.18144  -1.35097   0.67937 -0.642991 -0.637825  0.903914  -1.67704 -0.828287  0.440723   0.64867  -1.70525  0.746551
        -0         -0         -0         -0         -0         -0         -0         -0         -0         -0         -0         -0         -0         -0         -0 -0.0155502   -1.33505   -2.39679   0.964097    0.67937   -1.81724   0.354484  -0.658346  -0.658881  -0.886379   -2.61997   0.677259   -1.75554   -2.14699   -2.18449
       -0        -0        -0        -0        -0        -0        -0        -0        -0        -0        -0        -0        -0        -0        -0 -0.761545  -2.46155  -1.29454  0.564557 -0.642991  0.354484  -1.42653  0.910641  -2.09433  -1.62236  -1.51746   0.12971  0.144976 -0.918022  0.439698
       -0        -0        -0        -0        -0        -0        -0        -0        -0        -0        -0        -0        -0        -0        -0 -0.875328 -0.601923 -0.337716 -0.272117 -0.637825 -0.658346  0.910641 -0.127105  -1.52261   -1.7664 0.0773829  -2.18164  -1.86879  -2.57554 -0.108472
       -0        -0        -0        -0        -0        -0        -0        -0        -0        -0        -0        -0        -0        -0        -0  0.845728  -2.66064  0.984111  -1.44881  0.903914 -0.658881  -2.09433  -1.52261  -2.51101  -2.01348  -1.14259  -2.08914  -2.67815  -1.32863  -1.05327
        -0         -0         -0         -0         -0         -0         -0         -0         -0         -0         -0         -0         -0         -0         -0    -2.6263  -0.404922   0.751446  0.0359871   -1.67704  -0.886379   -1.62236    -1.7664   -2.01348   -2.18008   -1.02847   -2.88377   -1.99761 -0.0071602   0.761544
       -0        -0        -0        -0        -0        -0        -0        -0        -0        -0        -0        -0        -0        -0        -0  0.157311  -2.37947  -2.52389  0.141421 -0.828287  -2.61997  -1.51746 0.0773829  -1.14259  -1.02847  -2.34533  -1.36171  0.102744  -2.45932  0.893917
       -0        -0        -0        -0        -0        -0        -0        -0        -0        -0        -0        -0        -0        -0        -0  -1.73536  -2.59526 -0.645702  -1.98391  0.440723  0.677259   0.12971  -2.18164  -2.08914  -2.88377  -1.36171  -1.32258  -2.02349  0.309658  -1.95053
       -0        -0        -0        -0        -0        -0        -0        -0        -0        -0        -0        -0        -0        -0        -0 -0.711163  -2.49275 0.0727501  -0.23505   0.64867  -1.75554  0.144976  -1.86879  -2.67815  -1.99761  0.102744  -2.02349   -2.7088  -2.32974  -2.26194
        -0         -0         -0         -0         -0         -0         -0         -0         -0         -0         -0         -0         -0         -0         -0   -2.94958   -2.72134   -1.58772  -0.595281   -1.70525   -2.14699  -0.918022   -2.57554   -1.32863 -0.0071602   -2.45932   0.309658   -2.32974  -0.307235   -2.81488
       -0        -0        -0        -0        -0        -0        -0        -0        -0        -0        -0        -0        -0        -0        -0  0.122485   -2.0184  -1.83316 -0.804765  0.746551  -2.18449  0.439698 -0.108472  -1.05327  0.761544  0.893917  -1.95053  -2.26194  -2.81488  -2.93651
    1.2544    1.34848   0.306442   0.369189     1.3534    2.66484 -0.0256299  -0.489393    1.15147  -0.019221    0.96851    2.18232   0.370088   0.260021   0.442262         -0         -0         -0         -0         -0         -0         -0         -0         -0         -0         -0         -0         -0         -0         -0
   1.34848  -0.507824  -0.387963    0.11756    2.76109   0.352006    2.37027    1.43475   0.519566 -0.0590896     2.6587   0.372765  -0.237095    2.22969  -0.506979         -0         -0         -0         -0         -0         -0         -0         -0         -0         -0         -0         -0         -0         -0         -0
 0.306442 -0.387963   1.77094    2.8002   2.01976    0.5648  0.829791  0.261603  0.278077   2.14007 -0.454843  0.778733 -0.658844   2.24308  -0.28687        -0        -0        -0        -0        -0        -0        -0        -0        -0        -0        -0        -0        -0        -0        -0
0.369189  0.11756   2.8002  2.09278 0.124341  2.46504  2.99413  1.07541  2.98126  1.24238  2.24659  1.32239 0.915244  2.03875 0.783418       -0       -0       -0       -0       -0       -0       -0       -0       -0       -0       -0       -0       -0       -0       -0
   1.3534   2.76109   2.01976  0.124341 -0.274613 -0.555214 -0.505387  0.899797  0.513695   2.01632   2.63996   2.61515 -0.990508  0.552078   1.40827        -0        -0        -0        -0        -0        -0        -0        -0        -0        -0        -0        -0        -0        -0        -0
  2.66484  0.352006    0.5648   2.46504 -0.555214     2.864   1.55518   0.70639  0.772689  0.039866   1.05885 -0.204949   2.98112   1.85822 -0.277378        -0        -0        -0        -0        -0        -0        -0        -0        -0        -0        -0        -0        -0        -0        -0
-0.0256299    2.37027   0.829791    2.99413  -0.505387    1.55518  -0.531963   0.939406    1.53644    2.94877  0.0192763    2.36226     2.9741     2.8338   0.764537         -0         -0         -0         -0         -0         -0         -0         -0         -0         -0         -0         -0         -0         -0         -0
 -0.489393    1.43475   0.261603    1.07541   0.899797    0.70639   0.939406    2.46198   0.981732 -0.0442762     1.1764    2.56392  0.0287679 -0.0856659    1.38236         -0         -0         -0         -0         -0         -0         -0         -0         -0         -0         -0         -0         -0         -0         -0
  1.15147  0.519566  0.278077   2.98126  0.513695  0.772689   1.53644  0.981732   2.52232 -0.498153 -0.959417  0.750774   1.15752   1.42214   0.75139        -0        -0        -0        -0        -0        -0        -0        -0        -0        -0        -0        -0        -0        -0        -0
 -0.019221 -0.0590896    2.14007    1.24238    2.01632   0.039866    2.94877 -0.0442762  -0.498153    2.16977  -0.458404     2.8641  -0.985321   0.584579    2.92206         -0         -0         -0         -0         -0         -0         -0         -0         -0         -0         -0         -0         -0         -0         -0
  0.96851    2.6587 -0.454843   2.24659   2.63996   1.05885 0.0192763    1.1764 -0.959417 -0.458404    2.3208   1.73369  0.570364 -0.221563   1.39704        -0        -0        -0        -0        -0        -0        -0        -0        -0        -0        -0        -0        -0        -0        -0
  2.18232  0.372765  0.778733   1.32239   2.61515 -0.204949   2.36226   2.56392  0.750774    2.8641   1.73369   2.17523  0.478326  0.155831   2.32175        -0        -0        -0        -0        -0        -0        -0        -0        -0        -0        -0        -0        -0        -0        -0
 0.370088 -0.237095 -0.658844  0.915244 -0.990508   2.98112    2.9741 0.0287679   1.15752 -0.985321  0.570364  0.478326 -0.577802 -0.240193  0.400384        -0        -0        -0        -0        -0        -0        -0        -0        -0        -0        -0        -0        -0        -0        -0
  0.260021    2.22969    2.24308    2.03875   0.552078    1.85822     2.8338 -0.0856659    1.42214   0.584579  -0.221563   0.155831  -0.240193    2.12293    1.81924         -0         -0         -0         -0         -0         -0         -0         -0         -0         -0         -0         -0         -0         -0         -0
 0.442262 -0.506979  -0.28687  0.783418   1.40827 -0.277378  0.764537   1.38236   0.75139   2.92206   1.39704   2.32175  0.400384   1.81924   2.36912        -0        -0        -0        -0        -0        -0        -0        -0        -0        -0        -0        -0        -0        -0        -0
       -0        -0        -0        -0        -0        -0        -0        -0        -0        -0        -0        -0        -0        -0        -0   -1.2544  -1.34848 -0.306442 -0.369189   -1.3534  -2.66484 0.0256299  0.489393  -1.15147  0.019221  -0.96851  -2.18232 -0.370088 -0.260021 -0.442262
       -0        -0        -0        -0        -0        -0        -0        -0        -0        -0        -0        -0        -0        -0        -0  -1.34848  0.507824  0.387963  -0.11756  -2.76109 -0.352006  -2.37027  -1.43475 -0.519566 0.0590896   -2.6587 -0.372765  0.237095  -2.22969  0.506979
       -0        -0        -0        -0        -0        -0        -0        -0        -0        -0        -0        -0        -0        -0        -0 -0.306442  0.387963  -1.77094   -2.8002  -2.01976   -0.5648 -0.829791 -0.261603 -0.278077  -2.14007  0.454843 -0.778733  0.658844  -2.24308   0.28687
       -0        -0        -0        -0        -0        -0        -0        -0        -0        -0        -0        -0        -0        -0        -0 -0.369189  -0.11756   -2.8002  -2.09278 -0.124341  -2.46504  -2.99413  -1.07541  -2.98126  -1.24238  -2.24659  -1.32239 -0.915244  -2.03875 -0.783418
       -0        -0        -0        -0        -0        -0        -0        -0        -0        -0        -0        -0        -0        -0        -0   -1.3534  -2.76109  -2.01976 -0.124341  0.274613  0.555214  0.505387 -0.899797 -0.513695  -2.01632  -2.63996  -2.61515  0.990508 -0.552078  -1.40827
       -0        -0        -0        -0        -0        -0        -0        -0        -0        -0        -0        -0        -0        -0        -0  -2.66484 -0.352006   -0.5648  -2.46504  0.555214    -2.864  -1.55518  -0.70639 -0.772689 -0.039866  -1.05885  0.204949  -2.98112  -1.85822  0.277378
        -0         -0         -0         -0         -0         -0         -0         -0         -0         -0         -0         -0         -0         -0         -0  0.0256299   -2.37027  -0.829791   -2.99413   0.505387   -1.55518   0.531963  -0.939406   -1.53644   -2.94877 -0.0192763   -2.36226    -2.9741    -2.8338  -0.764537
        -0         -0         -0         -0         -0         -0         -0         -0         -0         -0         -0         -0         -0         -0         -0   0.489393   -1.43475  -0.261603   -1.07541  -0.899797   -0.70639  -0.939406   -2.46198  -0.981732  0.0442762    -1.1764   -2.56392 -0.0287679  0.0856659   -1.38236
       -0        -0        -0        -0        -0        -0        -0        -0        -0        -0        -0        -0        -0        -0        -0  -1.15147 -0.519566 -0.278077  -2.98126 -0.513695 -0.772689  -1.53644 -0.981732  -2.52232  0.498153  0.959417 -0.750774  -1.15752  -1.42214  -0.75139
       -0        -0        -0        -0        -0        -0        -0        -0        -0        -0        -0        -0        -0        -0        -0  0.019221 0.0590896  -2.14007  -1.24238  -2.01632 -0.039866  -2.94877 0.0442762  0.498153  -2.16977  0.458404   -2.8641  0.985321 -0.584579  -2.92206
        -0         -0         -0         -0         -0         -0         -0         -0         -0         -0         -0         -0         -0         -0         -0   -0.96851    -2.6587   0.454843   -2.24659   -2.63996   -1.05885 -0.0192763    -1.1764   0.959417   0.458404    -2.3208   -1.73369  -0.570364   0.221563   -1.39704
       -0        -0        -0        -0        -0        -0        -0        -0        -0        -0        -0        -0        -0        -0        -0  -2.18232 -0.372765 -0.778733  -1.32239  -2.61515  0.204949  -2.36226  -2.56392 -0.750774   -2.8641  -1.73369  -2.17523 -0.478326 -0.155831  -2.32175
        -0         -0         -0         -0         -0         -0         -0         -0         -0         -0         -0         -0         -0         -0         -0  -0.370088   0.237095   0.658844  -0.915244   0.990508   -2.98112    -2.9741 -0.0287679   -1.15752   0.985321  -0.570364  -0.478326   0.577802   0.240193  -0.400384
       -0        -0        -0        -0        -0        -0        -0        -0        -0        -0        -0        -0        -0        -0        -0 -0.260021  -2.22969  -2.24308  -2.03875 -0.552078  -1.85822   -2.8338 0.0856659  -1.42214 -0.584579  0.221563 -0.155831  0.240193  -2.12293  -1.81924
       -0        -0        -0        -0        -0        -0        -0        -0        -0        -0        -0        -0        -0        -0        -0 -0.442262  0.506979   0.28687 -0.783418  -1.40827  0.277378 -0.764537  -1.38236  -0.75139  -2.92206  -1.39704  -2.32175 -0.400384  -1.81924  -2.36912
    2.2707 -0.0998056    1.77821   0.403384  0.0949172    1.52033    1.42639   0.383574 -0.0546355    1.66483   0.303722    2.36714    2.33435   0.271545    1.12171         -0         -0         -0         -0         -0         -0         -0         -0         -0         -0         -0         -0         -0         -0         -0
-0.0998056    1.73847    1.87956   -0.59037    1.63354   0.971773    2.27008   0.727806  -0.698595    2.52497    1.95624    1.67336   0.557076   0.977543   0.761084         -0         -0         -0         -0         -0         -0         -0         -0         -0         -0         -0         -0         -0         -0         -0
  1.77821   1.87956   2.54578   1.18668    0.6919 -0.670906  0.646049  0.866835 -0.740739 -0.544045  0.178568   2.56512   2.15026   1.41424  0.806802        -0        -0        -0        -0        -0        -0        -0        -0        -0        -0        -0        -0        -0        -0        -0
 0.403384  -0.59037   1.18668     1.863 -0.359304 -0.292988 -0.881715  0.712668   1.59141 -0.468337  0.562984    2.8231 -0.487084 -0.163332  0.271974        -0        -0        -0        -0        -0        -0        -0        -0        -0        -0        -0        -0        -0        -0        -0
0.0949172   1.63354    0.6919 -0.359304 -0.989442 -0.165229   2.91078   1.43482  -0.58031   0.23764  0.547654   2.20502   2.12006   0.80064     1.274        -0        -0        -0        -0        -0        -0        -0        -0        -0        -0        -0        -0        -0        -0        -0
   1.52033   0.971773  -0.670906  -0.292988  -0.165229    1.35205   0.656606    1.70161  -0.829962    1.89077   0.598258  -0.197237  -0.302087   0.619267 -0.0731382         -0         -0         -0         -0         -0         -0         -0         -0         -0         -0         -0         -0         -0         -0         -0
  1.42639   2.27008  0.646049 -0.881715   2.91078  0.656606   2.20352 -0.935283  -0.75198   2.23327  0.733021   1.71387   1.11117  0.639432  0.969887        -0        -0        -0        -0        -0        -0        -0        -0        -0        -0        -0        -0        -0        -0        -0
 0.383574  0.727806  0.866835  0.712668   1.43482   1.70161 -0.935283  0.850399   2.62321  0.302357  0.795673   1.43829 -0.146919  -0.48549 -0.614826        -0        -0        -0        -0        -0        -0        -0        -0        -0        -0        -0        -0        -0        -0        -0
-0.0546355  -0.698595  -0.740739    1.59141   -0.58031  -0.829962   -0.75198    2.62321     2.3853  -0.258829   0.221465    1.10512    1.49359  -0.942442   0.779943         -0         -0         -0         -0         -0         -0         -0         -0         -0         -0         -0         -0         -0         -0         -0
  1.66483   2.52497 -0.544045 -0.468337   0.23764   1.89077   2.23327  0.302357 -0.258829  0.500522  0.118325   2.45504   2.33264   2.74455 -0.536526        -0        -0        -0        -0        -0        -0        -0        -0        -0        -0        -0        -0        -0        -0        -0
0.303722  1.95624 0.178568 0.562984 0.547654 0.598258 0.733021 0.795673 0.221465 0.118325 0.238766  2.93881 0.971406  2.96955  2.71781       -0       -0       -0       -0       -0       -0       -0       -0       -0       -0       -0       -0       -0       -0       -0
  2.36714   1.67336   2.56512    2.8231   2.20502 -0.197237   1.71387   1.43829   1.10512   2.45504   2.93881   1.18314   2.73235   2.99637   2.75135        -0        -0        -0        -0        -0        -0        -0        -0        -0        -0        -0        -0        -0        -0        -0
  2.33435  0.557076   2.15026 -0.487084   2.12006 -0.302087   1.11117 -0.146919   1.49359   2.33264  0.971406   2.73235  0.231393  0.927695 -0.804173        -0        -0        -0        -0        -0        -0        -0        -0        -0        -0        -0        -0        -0        -0        -0
  0.271545   0.977543    1.41424  -0.163332    0.80064   0.619267   0.639432   -0.48549  -0.942442    2.74455    2.96955    2.99637   0.927695    1.42674 -0.0507928         -0         -0         -0         -0         -0         -0         -0         -0         -0         -0         -0         -0         -0         -0         -0
   1.12171   0.761084   0.806802   0.271974      1.274 -0.0731382   0.969887  -0.614826   0.779943  -0.536526    2.71781    2.75135  -0.804173 -0.0507928    1.36175         -0         -0         -0         -0         -0         -0         -0         -0         -0         -0         -0         -0         -0         -0         -0
        -0         -0         -0         -0         -0         -0         -0         -0         -0         -0         -0         -0         -0         -0         -0    -2.2707  0.0998056   -1.77821  -0.403384 -0.0949172   -1.52033   -1.42639  -0.383574  0.0546355   -1.66483  -0.303722   -2.36714   -2.33435  -0.271545   -1.12171
       -0        -0        -0        -0        -0        -0        -0        -0        -0        -0        -0        -0        -0        -0        -0 0.0998056  -1.73847  -1.87956   0.59037  -1.63354 -0.971773  -2.27008 -0.727806  0.698595  -2.52497  -1.95624  -1.67336 -0.557076 -0.977543 -0.761084
       -0        -0        -0        -0        -0        -0        -0        -0        -0        -0        -0        -0        -0        -0        -0  -1.77821  -1.87956  -2.54578  -1.18668   -0.6919  0.670906 -0.646049 -0.866835  0.740739  0.544045 -0.178568  -2.56512  -2.15026  -1.41424 -0.806802
       -0        -0        -0        -0        -0        -0        -0        -0        -0        -0        -0        -0        -0        -0        -0 -0.403384   0.59037  -1.18668    -1.863  0.359304  0.292988  0.881715 -0.712668  -1.59141  0.468337 -0.562984   -2.8231  0.487084  0.163332 -0.271974
        -0         -0         -0         -0         -0         -0         -0         -0         -0         -0         -0         -0         -0         -0         -0 -0.0949172   -1.63354    -0.6919   0.359304   0.989442   0.165229   -2.91078   -1.43482    0.58031   -0.23764  -0.547654   -2.20502   -2.12006   -0.80064     -1.274
       -0        -0        -0        -0        -0        -0        -0        -0        -0        -0        -0        -0        -0        -0        -0  -1.52033 -0.971773  0.670906  0.292988  0.165229  -1.35205 -0.656606  -1.70161  0.829962  -1.89077 -0.598258  0.197237  0.302087 -0.619267 0.0731382
       -0        -0        -0        -0        -0        -0        -0        -0        -0        -0        -0        -0        -0        -0        -0  -1.42639  -2.27008 -0.646049  0.881715  -2.91078 -0.656606  -2.20352  0.935283   0.75198  -2.23327 -0.733021  -1.71387  -1.11117 -0.639432 -0.969887
       -0        -0        -0        -0        -0        -0        -0        -0        -0        -0        -0        -0        -0        -0        -0 -0.383574 -0.727806 -0.866835 -0.712668  -1.43482  -1.70161  0.935283 -0.850399  -2.62321 -0.302357 -0.795673  -1.43829  0.146919   0.48549  0.614826
       -0        -0        -0        -0        -0        -0        -0        -0        -0        -0        -0        -0        -0        -0        -0 0.0546355  0.698595  0.740739  -1.59141   0.58031  0.829962   0.75198  -2.62321   -2.3853  0.258829 -0.221465  -1.10512  -1.49359  0.942442 -0.779943
       -0        -0        -0        -0        -0        -0        -0        -0        -0        -0        -0        -0        -0        -0        -0  -1.66483  -2.52497  0.544045  0.468337  -0.23764  -1.89077  -2.23327 -0.302357  0.258829 -0.500522 -0.118325  -2.45504  -2.33264  -2.74455  0.536526
       -0        -0        -0        -0        -0        -0        -0        -0        -0        -0        -0        -0        -0        -0        -0 -0.303722  -1.95624 -0.178568 -0.562984 -0.547654 -0.598258 -0.733021 -0.795673 -0.221465 -0.118325 -0.238766  -2.93881 -0.971406  -2.96955  -2.71781
      -0       -0       -0       -0       -0       -0       -0       -0       -0       -0       -0       -0       -0       -0       -0 -2.36714 -1.67336 -2.56512  -2.8231 -2.20502 0.197237 -1.71387 -1.43829 -1.10512 -2.45504 -2.93881 -1.18314 -2.73235 -2.99637 -2.75135
       -0        -0        -0        -0        -0        -0        -0        -0        -0        -0        -0        -0        -0        -0        -0  -2.33435 -0.557076  -2.15026  0.487084  -2.12006  0.302087  -1.11117  0.146919  -1.49359  -2.33264 -0.971406  -2.73235 -0.231393 -0.927695  0.804173
       -0        -0        -0        -0        -0        -0        -0        -0        -0        -0        -0        -0        -0        -0        -0 -0.271545 -0.977543  -1.41424  0.163332  -0.80064 -0.619267 -0.639432   0.48549  0.942442  -2.74455  -2.96955  -2.99637 -0.927695  -1.42674 0.0507928
       -0        -0        -0        -0        -0        -0        -0        -0        -0        -0        -0        -0        -0        -0        -0  -1.12171 -0.761084 -0.806802 -0.271974    -1.274 0.0731382 -0.969887  0.614826 -0.779943  0.536526  -2.71781  -2.75135  0.804173 0.0507928  -1.36175
  2.93671 -0.726124   1.90058   2.70897 -0.595605   2.77034   2.87553   2.73385 -0.200014   1.96553  0.754232 -0.815158    1.9776    1.9111 -0.444811        -0        -0        -0        -0        -0        -0        -0        -0        -0        -0        -0        -0        -0        -0        -0
-0.726124 -0.509187 -0.671314   1.97567 -0.709215   2.31193  0.187681    2.0397   1.11099   1.31819 -0.453032   2.21075  0.303864  0.268315   1.31884        -0        -0        -0        -0        -0        -0        -0        -0        -0        -0        -0        -0        -0        -0        -0
  1.90058 -0.671314 -0.641239   2.41435  0.826617   2.51123   2.16382   2.46456   2.22446 -0.962932 0.0519855   2.17524  -0.77159 -0.203474 -0.508746        -0        -0        -0        -0        -0        -0        -0        -0        -0        -0        -0        -0        -0        -0        -0
   2.70897    1.97567    2.41435    1.52078  -0.236844    2.18469   0.702145    2.24507    2.96381    1.43009 -0.0213085   -0.77809  -0.970418    1.08635    -0.2164         -0         -0         -0         -0         -0         -0         -0         -0         -0         -0         -0         -0         -0         -0         -0
-0.595605 -0.709215  0.826617 -0.236844   2.53066  0.832717  0.950837   1.22439   2.81313  0.563267 -0.489224  0.640843   1.28256  0.490225   1.34842        -0        -0        -0        -0        -0        -0        -0        -0        -0        -0        -0        -0        -0        -0        -0
  2.77034   2.31193   2.51123   2.18469  0.832717 -0.432424   1.69448  0.297277  0.175296   1.26146 -0.134885 -0.261489 -0.260813   1.43737   1.77381        -0        -0        -0        -0        -0        -0        -0        -0        -0        -0        -0        -0        -0        -0        -0
  2.87553  0.187681   2.16382  0.702145  0.950837   1.69448    1.2084   2.81265   1.65829   2.72737   1.15399   1.48337 -0.105303   1.82486  0.522786        -0        -0        -0        -0        -0        -0        -0        -0        -0        -0        -0        -0        -0        -0        -0
  2.73385    2.0397   2.46456   2.24507   1.22439  0.297277   2.81265   1.58622   1.02153  0.375918   2.16907  0.368214 -0.563457    2.9736   2.24312        -0        -0        -0        -0        -0        -0        -0        -0        -0        -0        -0        -0        -0        -0        -0
-0.200014   1.11099   2.22446   2.96381   2.81313  0.175296   1.65829   1.02153   2.30547 -0.152318   1.88665   1.11443   2.90825   2.80558   2.21035        -0        -0        -0        -0        -0        -0        -0        -0        -0        -0        -0        -0        -0        -0        -0
   1.96553    1.31819  -0.962932    1.43009   0.563267    1.26146    2.72737   0.375918  -0.152318    1.46396   0.459458    2.33105    2.78135 -0.0607144    0.43104         -0         -0         -0         -0         -0         -0         -0         -0         -0         -0         -0         -0         -0         -0         -0
  0.754232  -0.453032  0.0519855 -0.0213085  -0.489224  -0.134885    1.15399    2.16907    1.88665   0.459458   0.432308    2.83218      0.896    2.30465    2.02446         -0         -0         -0         -0         -0         -0         -0         -0         -0         -0         -0         -0         -0         -0         -0
-0.815158   2.21075   2.17524  -0.77809  0.640843 -0.261489   1.48337  0.368214   1.11443   2.33105   2.83218   2.93446  0.340562   2.63776  0.106352        -0        -0        -0        -0        -0        -0        -0        -0        -0        -0        -0        -0        -0        -0        -0
