30
1
30
  0.194617   0.123832  0.0290161  -0.120919  -0.216645 -0.0616028    0.12819   0.178418    -0.1694  -0.135058  -0.100364  -0.288392   0.248725  -0.272686 -0.0456684   0.334982    0.33594   0.257956 -0.0992983  0.0117301  0.0410101 -0.0526023  0.0490944   0.109175 -0.0856322  -0.378116   0.209807  -0.181047 -0.0509963 -0.0612786
-87.2083 -12.5834 -46.8794 -41.6245 -28.6764 -43.2092 -21.2595 -50.7913  -27.734 -33.2458 -30.9607 -27.4915 -13.2695 -19.9194 -45.3757  -39.088  -37.904 -30.8459 -38.9252 -52.0765 -34.9211 -37.9641 -20.2983 -44.2802 -33.1888 -16.7745 -35.7933 -49.9699 -31.0874 -48.6667
-12.5834 -65.8779 -4.97748 -23.8091 -18.4077 -24.7531 -18.8408 -25.6705 -21.1049 -20.7391 -22.3714 -28.7754 -24.0642 -16.7135 -21.0617 -23.1463 -27.4128 -6.63606 -17.3961 -17.6385 -32.5596 -10.6945 -9.59359 -58.4492 -28.7931  -28.278   -14.09 -32.1954 -40.9144 -15.1116
-46.8794 -4.97748 -67.2938  -27.326 -20.2317 -26.4738 -25.8837 -44.1657 -22.5018 -23.5557  -46.388 -23.5102 -7.98806 -4.74226 -35.8632 -25.8419 -24.1055 -9.51949 -33.6884 -36.3902 -14.8572 -24.9284 -21.7897 -22.5426 -29.6348 -2.97413 -43.6403 -43.5565 -24.7855 -37.7479
-41.6245 -23.8091  -27.326 -76.0784 -19.3656 -46.2229 -30.4349 -21.9355 -34.2889 -31.5177 -30.9688 -43.2926 -20.3274 -25.6245  -41.085 -29.0029 -50.4713 -17.6696 -34.7052 -56.4174 -39.3468 -26.4234 -11.9365 -45.3055 -33.3322 -16.7383 -46.1821  -46.417 -43.6646 -52.4732
-28.6764 -18.4077 -20.2317 -19.3656 -58.2314 -22.0188 -27.0841 -43.7395 -26.7579 -32.5306 -30.7197 -23.4036 -19.1265 -25.3805 -37.2441 -42.7782 -29.1831 -22.1653  -36.227 -23.3492 -23.9074 -16.2529 -27.3451 -32.9863 -30.7615 -23.4023 -31.3467 -44.9647 -21.7588 -27.5921
-43.2092 -24.7531 -26.4738 -46.2229 -22.0188 -73.9814 -28.3254  -35.185 -38.0834 -26.7718 -27.2383 -33.3824 -15.4506 -25.9375 -41.5649 -25.8787 -37.6099 -31.5532 -32.3673 -46.4424 -41.1404 -38.3017 -19.0426 -55.3041 -23.6736 -6.38713 -36.7803 -33.4674 -23.7551  -33.769
-21.2595 -18.8408 -25.8837 -30.4349 -27.0841 -28.3254   -58.94  -41.915 -17.4635 -24.7782 -33.6667 -32.9854 -10.7061 -9.47062 -23.6159 -21.3108 -31.1409 -12.8253 -31.3989 -42.8633 -37.9714 -11.8772 -16.4462 -40.8006 -19.3408 -24.0517 -26.9127  -29.501 -29.6234 -32.3828
-50.7913 -25.6705 -44.1657 -21.9355 -43.7395  -35.185  -41.915 -91.4992 -35.4909 -37.2996 -40.5826 -31.3096 -18.2903 -15.9139 -36.5563 -35.5373 -35.7495  -26.997 -51.2083 -44.0665 -36.4065 -21.6482  -33.577 -60.5841 -49.0102 -19.8482 -40.2858 -46.7786 -36.2824 -38.9125
 -27.734 -21.1049 -22.5018 -34.2889 -26.7579 -38.0834 -17.4635 -35.4909 -67.8319 -22.3216 -29.8463 -20.3861 -15.3885 -27.1031 -32.0551 -30.4614 -36.8006 -21.2476 -36.1792 -43.8076 -27.6292 -26.0943 -5.32681 -46.2334 -40.8663 -16.6784 -28.0658 -41.3306 -17.5529 -27.6839
-33.2458 -20.7391 -23.5557 -31.5177 -32.5306 -26.7718 -24.7782 -37.2996 -22.3216 -70.1246 -34.2989 -37.8758 -32.3094 -25.5901 -49.1212 -36.4017 -39.5555  -29.334 -24.0172 -32.9889 -34.2897 -17.1413 -17.2573 -39.4684 -40.5995 -28.6218 -45.9649 -38.5025 -33.0867 -45.3795
-30.9607 -22.3714  -46.388 -30.9688 -30.7197 -27.2383 -33.6667 -40.5826 -29.8463 -34.2989 -72.3758 -27.6671 -12.4506 -16.0427  -48.038 -30.8664 -32.3866 -12.8747 -28.9866   -38.67 -29.0078 -21.8066 -22.9917 -39.8333 -33.9167 -23.8637 -44.9781 -43.9032 -33.3557 -47.6956
-27.4915 -28.7754 -23.5102 -43.2926 -23.4036 -33.3824 -32.9854 -31.3096 -20.3861 -37.8758 -27.6671 -76.1608 -27.1105 -11.4858 -34.4979 -25.6299  -51.205 -17.2933 -29.3144 -37.7227 -26.4153 -18.5312 -19.5528 -44.3901 -31.2228 -29.6273 -32.1228  -30.678 -27.4554 -60.3565
-13.2695 -24.0642 -7.98806 -20.3274 -19.1265 -15.4506 -10.7061 -18.2903 -15.3885 -32.3094 -12.4506 -27.1105 -48.6913 -17.8909 -26.7003 -22.3231 -26.7819 -17.7706 -24.5349 -16.5679 -15.5772 -9.53186 -20.8929 -36.9134 -29.2421  -26.362 -21.7427 -21.4465 -24.5605 -29.0154
-19.9194 -16.7135 -4.74226 -25.6245 -25.3805 -25.9375 -9.47062 -15.9139 -27.1031 -25.5901 -16.0427 -11.4858 -17.8909  -49.858 -32.9898 -32.5965 -23.6503 -9.50241 -24.9544 -12.8978 -20.5845 -17.1551 -18.1389 -23.2778 -27.4854 -18.3011 -20.3724 -29.1827 -9.26104 -22.4211
-45.3757 -21.0617 -35.8632  -41.085 -37.2441 -41.5649 -23.6159 -36.5563 -32.0551 -49.1212  -48.038 -34.4979 -26.7003 -32.9898 -90.6331 -36.5305 -40.5746 -34.7137 -28.2944 -39.6178 -25.1912 -26.8208 -24.1814 -47.4386 -45.5391  -18.462 -53.2355 -37.6261 -38.5419 -55.8666
 -39.088 -23.1463 -25.8419 -29.0029 -42.7782 -25.8787 -21.3108 -35.5373 -30.4614 -36.4017 -30.8664 -25.6299 -22.3231 -32.5965 -36.5305 -68.6561 -27.9848 -24.1724 -37.5274 -19.6615 -34.1437 -17.2048 -23.7408  -27.962 -40.9749 -25.7584 -30.7404 -40.0325 -31.7436 -43.4229
 -37.904 -27.4128 -24.1055 -50.4713 -29.1831 -37.6099 -31.1409 -35.7495 -36.8006 -39.5555 -32.3866  -51.205 -26.7819 -23.6503 -40.5746 -27.9848 -87.2562 -26.1457 -44.5952 -56.3363 -15.9416 -28.5767 -27.5316 -52.8454 -36.1384  -29.003 -34.0104 -56.5634 -28.3197 -47.3111
-30.8459 -6.63606 -9.51949 -17.6696 -22.1653 -31.5532 -12.8253  -26.997 -21.2476  -29.334 -12.8747 -17.2933 -17.7706 -9.50241 -34.7137 -24.1724 -26.1457 -53.1532 -16.2372  -26.376 -17.4209 -26.1474 -12.9987 -32.8585 -29.2871 -6.43581 -19.7321 -12.0045  -16.668 -28.3209
-38.9252 -17.3961 -33.6884 -34.7052  -36.227 -32.3673 -31.3989 -51.2083 -36.1792 -24.0172 -28.9866 -29.3144 -24.5349 -24.9544 -28.2944 -37.5274 -44.5952 -16.2372 -73.2164   -41.83 -29.8926 -22.3167 -34.9333 -43.5646  -34.247 -27.3384 -40.9165 -56.7852 -31.5013 -29.9401
-52.0765 -17.6385 -36.3902 -56.4174 -23.3492 -46.4424 -42.8633 -44.0665 -43.8076 -32.9889   -38.67 -37.7227 -16.5679 -12.8978 -39.6178 -19.6615 -56.3363  -26.376   -41.83  -87.739 -33.0082 -34.7928 -13.4518 -58.6223 -40.1957 -20.2909 -44.6168 -54.8109 -34.3781 -44.3085
-34.9211 -32.5596 -14.8572 -39.3468 -23.9074 -41.1404 -37.9714 -36.4065 -27.6292 -34.2897 -29.0078 -26.4153 -15.5772 -20.5845 -25.1912 -34.1437 -15.9416 -17.4209 -29.8926 -33.0082 -78.5539 -15.5699 -9.00396 -53.7257 -16.2898 -30.2013  -32.785 -30.2923 -40.8913   -34.75
-37.9641 -10.6945 -24.9284 -26.4234 -16.2529 -38.3017 -11.8772 -21.6482 -26.0943 -17.1413 -21.8066 -18.5312 -9.53186 -17.1551 -26.8208 -17.2048 -28.5767 -26.1474 -22.3167 -34.7928 -15.5699 -45.0734 -22.8029 -27.7695  -21.542 -3.62777 -20.4874 -29.0861  -7.0572 -23.4999
-20.2983 -9.59359 -21.7897 -11.9365 -27.3451 -19.0426 -16.4462  -33.577 -5.32681 -17.2573 -22.9917 -19.5528 -20.8929 -18.1389 -24.1814 -23.7408 -27.5316 -12.9987 -34.9333 -13.4518 -9.00396 -22.8029 -56.6739 -20.1795 -17.8471 -15.3222 -15.0088 -21.5554 -8.60857 -27.2592
-44.2802 -58.4492 -22.5426 -45.3055 -32.9863 -55.3041 -40.8006 -60.5841 -46.2334 -39.4684 -39.8333 -44.3901 -36.9134 -23.2778 -47.4386  -27.962 -52.8454 -32.8585 -43.5646 -58.6223 -53.7257 -27.7695 -20.1795   -101.8 -39.9647 -34.0476 -33.8205 -51.3874 -49.2907 -42.9673
-33.1888 -28.7931 -29.6348 -33.3322 -30.7615 -23.6736 -19.3408 -49.0102 -40.8663 -40.5995 -33.9167 -31.2228 -29.2421 -27.4854 -45.5391 -40.9749 -36.1384 -29.2871  -34.247 -40.1957 -16.2898  -21.542 -17.8471 -39.9647  -79.751   -19.94 -45.6332  -36.297 -40.5839 -43.7326
-16.7745  -28.278 -2.97413 -16.7383 -23.4023 -6.38713 -24.0517 -19.8482 -16.6784 -28.6218 -23.8637 -29.6273  -26.362 -18.3011  -18.462 -25.7584  -29.003 -6.43581 -27.3384 -20.2909 -30.2013 -3.62777 -15.3222 -34.0476   -19.94 -52.7165 -12.4205  -29.056 -22.5369 -27.2506
-35.7933   -14.09 -43.6403 -46.1821 -31.3467 -36.7803 -26.9127 -40.2858 -28.0658 -45.9649 -44.9781 -32.1228 -21.7427 -20.3724 -53.2355 -30.7404 -34.0104 -19.7321 -40.9165 -44.6168  -32.785 -20.4874 -15.0088 -33.8205 -45.6332 -12.4205 -87.8024 -50.3629 -44.3907 -38.6847
-49.9699 -32.1954 -43.5565  -46.417 -44.9647 -33.4674  -29.501 -46.7786 -41.3306 -38.5025 -43.9032  -30.678 -21.4465 -29.1827 -37.6261 -40.0325 -56.5634 -12.0045 -56.7852 -54.8109 -30.2923 -29.0861 -21.5554 -51.3874  -36.297  -29.056 -50.3629 -97.5197 -32.9806 -26.2021
-31.0874 -40.9144 -24.7855 -43.6646 -21.7588 -23.7551 -29.6234 -36.2824 -17.5529 -33.0867 -33.3557 -27.4554 -24.5605 -9.26104 -38.5419 -31.7436 -28.3197  -16.668 -31.5013 -34.3781 -40.8913  -7.0572 -8.60857 -49.2907 -40.5839 -22.5369 -44.3907 -32.9806 -72.7132 -34.8137
-48.6667 -15.1116 -37.7479 -52.4732 -27.5921  -33.769 -32.3828 -38.9125 -27.6839 -45.3795 -47.6956 -60.3565 -29.0154 -22.4211 -55.8666 -43.4229 -47.3111 -28.3209 -29.9401 -44.3085   -34.75 -23.4999 -27.2592 -42.9673 -43.7326 -27.2506 -38.6847 -26.2021 -34.8137 -91.3963
-0.698206  0.482743   1.56903  0.116592  0.865071   2.23384 0.0162368  0.317406   2.51568 -0.982422   2.94113  0.905813   1.30274 -0.586126   2.84005        -0        -0        -0        -0        -0        -0        -0        -0        -0        -0        -0        -0        -0        -0        -0
  0.482743 -0.0093692    1.58501    1.13998     2.7476    2.78101    2.13746  -0.118808  -0.270326   0.771531  -0.113673  -0.499679   0.732406    1.02273     1.6094         -0         -0         -0         -0         -0         -0         -0         -0         -0         -0         -0         -0         -0         -0         -0
   1.56903    1.58501   0.782223    1.52499    2.18012    2.45006    1.97224   0.912432 -0.0638007    1.39789   0.956444    1.64729    2.35749    1.48882    1.12452         -0         -0         -0         -0         -0         -0         -0         -0         -0         -0         -0         -0         -0         -0         -0
 0.116592   1.13998   1.52499   2.97903   2.64729  0.758835 -0.803639 -0.232531   1.48792   0.93001 -0.122667 -0.696296 -0.740814   2.06116   2.19754        -0        -0        -0        -0        -0        -0        -0        -0        -0        -0        -0        -0        -0        -0        -0
  0.865071     2.7476    2.18012    2.64729    2.34303    2.76004    1.78476    1.64003 -0.0739655      1.539    2.37424    1.43033    1.60974    1.32643    1.86859         -0         -0         -0         -0         -0         -0         -0         -0         -0         -0         -0         -0         -0         -0         -0
   2.23384    2.78101    2.45006   0.758835    2.76004    2.52816    1.31527   0.672476    2.72096   0.037918    1.88248   0.186288    1.73174 -0.0808482  -0.265739         -0         -0         -0         -0         -0         -0         -0         -0         -0         -0         -0         -0         -0         -0         -0
0.0162368   2.13746   1.97224 -0.803639   1.78476   1.31527 -0.833689 -0.704375 -0.196813   2.60249 -0.401709  0.341622   2.14166  -0.75255  0.929277        -0        -0        -0        -0        -0        -0        -0        -0        -0        -0        -0        -0        -0        -0        -0
 0.317406 -0.118808  0.912432 -0.232531   1.64003  0.672476 -0.704375  0.183099 0.0923453   1.83463 -0.822568   1.03282   2.20803   2.66805   1.01025        -0        -0        -0        -0        -0        -0        -0        -0        -0        -0        -0        -0        -0        -0        -0
   2.51568  -0.270326 -0.0638007    1.48792 -0.0739655    2.72096  -0.196813  0.0923453    2.92148    1.22102    2.97482  -0.979087    1.90917    1.95197    2.94229         -0         -0         -0         -0         -0         -0         -0         -0         -0         -0         -0         -0         -0         -0         -0
-0.982422  0.771531   1.39789   0.93001     1.539  0.037918   2.60249   1.83463   1.22102  0.616057 -0.480233   2.56264   2.11649 -0.731636 -0.161554        -0        -0        -0        -0        -0        -0        -0        -0        -0        -0        -0        -0        -0        -0        -0
  2.94113 -0.113673  0.956444 -0.122667   2.37424   1.88248 -0.401709 -0.822568   2.97482 -0.480233   1.59659   2.64887    2.7278   2.23069  0.126741        -0        -0        -0        -0        -0        -0        -0        -0        -0        -0        -0        -0        -0        -0        -0
 0.905813 -0.499679   1.64729 -0.696296   1.43033  0.186288  0.341622   1.03282 -0.979087   2.56264   2.64887  0.100518  0.505756   1.60084   2.67009        -0        -0        -0        -0        -0        -0        -0        -0        -0        -0        -0        -0        -0        -0        -0
  1.30274  0.732406   2.35749 -0.740814   1.60974   1.73174   2.14166   2.20803   1.90917   2.11649    2.7278  0.505756   2.53812  0.368881    1.3442        -0        -0        -0        -0        -0        -0        -0        -0        -0        -0        -0        -0        -0        -0        -0
 -0.586126    1.02273    1.48882    2.06116    1.32643 -0.0808482   -0.75255    2.66805    1.95197  -0.731636    2.23069    1.60084   0.368881  -0.693338  -0.335141         -0         -0         -0         -0         -0         -0         -0         -0         -0         -0         -0         -0         -0         -0         -0
  2.84005    1.6094   1.12452   2.19754   1.86859 -0.265739  0.929277   1.01025   2.94229 -0.161554  0.126741   2.67009    1.3442 -0.335141     2.787        -0        -0        -0        -0        -0        -0        -0        -0        -0        -0        -0        -0        -0        -0        -0
        -0         -0         -0         -0         -0         -0         -0         -0         -0         -0         -0         -0         -0         -0         -0   0.698206  -0.482743   -1.56903  -0.116592  -0.865071   -2.23384 -0.0162368  -0.317406   -2.51568   0.982422   -2.94113  -0.905813   -1.30274   0.586126   -2.84005
       -0        -0        -0        -0        -0        -0        -0        -0        -0        -0        -0        -0        -0        -0        -0 -0.482743 0.0093692  -1.58501  -1.13998   -2.7476  -2.78101  -2.13746  0.118808  0.270326 -0.771531  0.113673  0.499679 -0.732406  -1.02273   -1.6094
       -0        -0        -0        -0        -0        -0        -0        -0        -0        -0        -0        -0        -0        -0        -0  -1.56903  -1.58501 -0.782223  -1.52499  -2.18012  -2.45006  -1.97224 -0.912432 0.0638007  -1.39789 -0.956444  -1.64729  -2.35749  -1.48882  -1.12452
       -0        -0        -0        -0        -0        -0        -0        -0        -0        -0        -0        -0        -0        -0        -0 -0.116592  -1.13998  -1.52499  -2.97903  -2.64729 -0.758835  0.803639  0.232531  -1.48792  -0.93001  0.122667  0.696296  0.740814  -2.06116  -2.19754
       -0        -0        -0        -0        -0        -0        -0        -0        -0        -0        -0        -0        -0        -0        -0 -0.865071   -2.7476  -2.18012  -2.64729  -2.34303  -2.76004  -1.78476  -1.64003 0.0739655    -1.539  -2.37424  -1.43033  -1.60974  -1.32643  -1.86859
       -0        -0        -0        -0        -0        -0        -0        -0        -0        -0        -0        -0        -0        -0        -0  -2.23384  -2.78101  -2.45006 -0.758835  -2.76004  -2.52816  -1.31527 -0.672476  -2.72096 -0.037918  -1.88248 -0.186288  -1.73174 0.0808482  0.265739
        -0         -0         -0         -0         -0         -0         -0         -0         -0         -0         -0         -0         -0         -0         -0 -0.0162368   -2.13746   -1.97224   0.803639   -1.78476   -1.31527   0.833689   0.704375   0.196813   -2.60249   0.401709  -0.341622   -2.14166    0.75255  -0.929277
        -0         -0         -0         -0         -0         -0         -0         -0         -0         -0         -0         -0         -0         -0         -0  -0.317406   0.118808  -0.912432   0.232531   -1.64003  -0.672476   0.704375  -0.183099 -0.0923453   -1.83463   0.822568   -1.03282   -2.20803   -2.66805   -1.01025
        -0         -0         -0         -0         -0         -0         -0         -0         -0         -0         -0         -0         -0         -0         -0   -2.51568   0.270326  0.0638007   -1.48792  0.0739655   -2.72096   0.196813 -0.0923453   -2.92148   -1.22102   -2.97482   0.979087   -1.90917   -1.95197   -2.94229
       -0        -0        -0        -0        -0        -0        -0        -0        -0        -0        -0        -0        -0        -0        -0  0.982422 -0.771531  -1.39789  -0.93001    -1.539 -0.037918  -2.60249  -1.83463  -1.22102 -0.616057  0.480233  -2.56264  -2.11649  0.731636  0.161554
       -0        -0        -0        -0        -0        -0        -0        -0        -0        -0        -0        -0        -0        -0        -0  -2.94113  0.113673 -0.956444  0.122667  -2.37424  -1.88248  0.401709  0.822568  -2.97482  0.480233  -1.59659  -2.64887   -2.7278  -2.23069 -0.126741
       -0        -0        -0        -0        -0        -0        -0        -0        -0        -0        -0        -0        -0        -0        -0 -0.905813  0.499679  -1.64729  0.696296  -1.43033 -0.186288 -0.341622  -1.03282  0.979087  -2.56264  -2.64887 -0.100518 -0.505756  -1.60084  -2.67009
       -0        -0        -0        -0        -0        -0        -0        -0        -0        -0        -0        -0        -0        -0        -0  -1.30274 -0.732406  -2.35749  0.740814  -1.60974  -1.73174  -2.14166  -2.20803  -1.90917  -2.11649   -2.7278 -0.505756  -2.53812 -0.368881   -1.3442
       -0        -0        -0        -0        -0        -0        -0        -0        -0        -0        -0        -0        -0        -0        -0  0.586126  -1.02273  -1.48882  -2.06116  -1.32643 0.0808482   0.75255  -2.66805  -1.95197  0.731636  -2.23069  -1.60084 -0.368881  0.693338  0.335141
       -0        -0        -0        -0        -0        -0        -0        -0        -0        -0        -0        -0        -0        -0        -0  -2.84005   -1.6094  -1.12452  -2.19754  -1.86859  0.265739 -0.929277  -1.01025  -2.94229  0.161554 -0.126741  -2.67009   -1.3442  0.335141    -2.787
-0.667298  0.685602   2.94377 -0.929671   1.24862   2.80695 -0.274476   1.50804   2.35766  -0.43084   2.09497 -0.633295  0.404856   1.53506   1.85069        -0        -0        -0        -0        -0        -0        -0        -0        -0        -0        -0        -0        -0        -0        -0
 0.685602  0.864637    1.5068   1.74073   2.68245  0.818569 -0.772799 -0.312846     2.541  0.257326   2.73584 -0.244975    1.4451   2.78577   1.76964        -0        -0        -0        -0        -0        -0        -0        -0        -0        -0        -0        -0        -0        -0        -0
   2.94377     1.5068   0.700141    1.77232    2.33676   0.291592    0.94074    2.28858  -0.633688    1.05532  -0.721676    2.01098  -0.840203 -0.0690351    2.33217         -0         -0         -0         -0         -0         -0         -0         -0         -0         -0         -0         -0         -0         -0         -0
-0.929671   1.74073   1.77232   1.02129   2.94876   1.57927 -0.937718   2.79963    0.2984   2.85774   2.46128   1.42202  0.683179  0.546042   2.01048        -0        -0        -0        -0        -0        -0        -0        -0        -0        -0        -0        -0        -0        -0        -0
  1.24862   2.68245   2.33676   2.94876  0.435949   2.83986  -0.82404   2.26642   2.60329 0.0569587 0.0342386 -0.387238  0.906388    1.2078  -0.54718        -0        -0        -0        -0        -0        -0        -0        -0        -0        -0        -0        -0        -0        -0        -0
  2.80695  0.818569  0.291592   1.57927   2.83986   2.84245   2.37669   2.12844 -0.457728   0.32174   2.88161 -0.932065  0.194035  0.543727  0.238562        -0        -0        -0        -0        -0        -0        -0        -0        -0        -0        -0        -0        -0        -0        -0
-0.274476 -0.772799   0.94074 -0.937718  -0.82404   2.37669 -0.272633   2.64208 -0.324911   1.98618 -0.996444   2.74376  0.564788  0.613977  -0.79548        -0        -0        -0        -0        -0        -0        -0        -0        -0        -0        -0        -0        -0        -0        -0
  1.50804 -0.312846   2.28858   2.79963   2.26642   2.12844   2.64208  0.680191 -0.669348 -0.300962  0.709328   2.59894  0.909944  0.951557   1.01761        -0        -0        -0        -0        -0        -0        -0        -0        -0        -0        -0        -0        -0        -0        -0
  2.35766     2.541 -0.633688    0.2984   2.60329 -0.457728 -0.324911 -0.669348   1.50703   2.00193 -0.787739 -0.233026   1.90336  0.142667   2.14851        -0        -0        -0        -0        -0        -0        -0        -0        -0        -0        -0        -0        -0        -0        -0
 -0.43084  0.257326   1.05532   2.85774 0.0569587   0.32174   1.98618 -0.300962   2.00193 -0.204668   1.51058   1.74569  0.777049   1.38095   2.10788        -0        -0        -0        -0        -0        -0        -0        -0        -0        -0        -0        -0        -0        -0        -0
  2.09497   2.73584 -0.721676   2.46128 0.0342386   2.88161 -0.996444  0.709328 -0.787739   1.51058 0.0867122 -0.605728 -0.579474 -0.302749   2.79466        -0        -0        -0        -0        -0        -0        -0        -0        -0        -0        -0        -0        -0        -0        -0
-0.633295 -0.244975   2.01098   1.42202 -0.387238 -0.932065   2.74376   2.59894 -0.233026   1.74569 -0.605728  -0.95422   2.99008  0.536938   2.56903        -0        -0        -0        -0        -0        -0        -0        -0        -0        -0        -0        -0        -0        -0        -0
 0.404856    1.4451 -0.840203  0.683179  0.906388  0.194035  0.564788  0.909944   1.90336  0.777049 -0.579474   2.99008 -0.218586   1.42673   2.09796        -0        -0        -0        -0        -0        -0        -0        -0        -0        -0        -0        -0        -0        -0        -0
   1.53506    2.78577 -0.0690351   0.546042     1.2078   0.543727   0.613977   0.951557   0.142667    1.38095  -0.302749   0.536938    1.42673   0.364785  -0.423928         -0         -0         -0         -0         -0         -0         -0         -0         -0         -0         -0         -0         -0         -0         -0
  1.85069   1.76964   2.33217   2.01048  -0.54718  0.238562  -0.79548   1.01761   2.14851   2.10788   2.79466   2.56903   2.09796 -0.423928    1.9881        -0        -0        -0        -0        -0        -0        -0        -0        -0        -0        -0        -0        -0        -0        -0
       -0        -0        -0        -0        -0        -0        -0        -0        -0        -0        -0        -0        -0        -0        -0  0.667298 -0.685602  -2.94377  0.929671  -1.24862  -2.80695  0.274476  -1.50804  -2.35766   0.43084  -2.09497  0.633295 -0.404856  -1.53506  -1.85069
       -0        -0        -0        -0        -0        -0        -0        -0        -0        -0        -0        -0        -0        -0        -0 -0.685602 -0.864637   -1.5068  -1.74073  -2.68245 -0.818569  0.772799  0.312846    -2.541 -0.257326  -2.73584  0.244975   -1.4451  -2.78577  -1.76964
       -0        -0        -0        -0        -0        -0        -0        -0        -0        -0        -0        -0        -0        -0        -0  -2.94377   -1.5068 -0.700141  -1.77232  -2.33676 -0.291592  -0.94074  -2.28858  0.633688  -1.05532  0.721676  -2.01098  0.840203 0.0690351  -2.33217
       -0        -0        -0        -0        -0        -0        -0        -0        -0        -0        -0        -0        -0        -0        -0  0.929671  -1.74073  -1.77232  -1.02129  -2.94876  -1.57927  0.937718  -2.79963   -0.2984  -2.85774  -2.46128  -1.42202 -0.683179 -0.546042  -2.01048
        -0         -0         -0         -0         -0         -0         -0         -0         -0         -0         -0         -0         -0         -0         -0   -1.24862   -2.68245   -2.33676   -2.94876  -0.435949   -2.83986    0.82404   -2.26642   -2.60329 -0.0569587 -0.0342386   0.387238  -0.906388    -1.2078    0.54718
       -0        -0        -0        -0        -0        -0        -0        -0        -0        -0        -0        -0        -0        -0        -0  -2.80695 -0.818569 -0.291592  -1.57927  -2.83986  -2.84245  -2.37669  -2.12844  0.457728  -0.32174  -2.88161  0.932065 -0.194035 -0.543727 -0.238562
       -0        -0        -0        -0        -0        -0        -0        -0        -0        -0        -0        -0        -0        -0        -0  0.274476  0.772799  -0.94074  0.937718   0.82404  -2.37669  0.272633  -2.64208  0.324911  -1.98618  0.996444  -2.74376 -0.564788 -0.613977   0.79548
       -0        -0        -0        -0        -0        -0        -0        -0        -0        -0        -0        -0        -0        -0        -0  -1.50804  0.312846  -2.28858  -2.79963  -2.26642  -2.12844  -2.64208 -0.680191  0.669348  0.300962 -0.709328  -2.59894 -0.909944 -0.951557  -1.01761
       -0        -0        -0        -0        -0        -0        -0        -0        -0        -0        -0        -0        -0        -0        -0  -2.35766    -2.541  0.633688   -0.2984  -2.60329  0.457728  0.324911  0.669348  -1.50703  -2.00193  0.787739  0.233026  -1.90336 -0.142667  -2.14851
        -0         -0         -0         -0         -0         -0         -0         -0         -0         -0         -0         -0         -0         -0         -0    0.43084  -0.257326   -1.05532   -2.85774 -0.0569587   -0.32174   -1.98618   0.300962   -2.00193   0.204668   -1.51058   -1.74569  -0.777049   -1.38095   -2.10788
        -0         -0         -0         -0         -0         -0         -0         -0         -0         -0         -0         -0         -0         -0         -0   -2.09497   -2.73584   0.721676   -2.46128 -0.0342386   -2.88161   0.996444  -0.709328   0.787739   -1.51058 -0.0867122   0.605728   0.579474   0.302749   -2.79466
       -0        -0        -0        -0        -0        -0        -0        -0        -0        -0        -0        -0        -0        -0        -0  0.633295  0.244975  -2.01098  -1.42202  0.387238  0.932065  -2.74376  -2.59894  0.233026  -1.74569  0.605728   0.95422  -2.99008 -0.536938  -2.56903
       -0        -0        -0        -0        -0        -0        -0        -0        -0        -0        -0        -0        -0        -0        -0 -0.404856   -1.4451  0.840203 -0.683179 -0.906388 -0.194035 -0.564788 -0.909944  -1.90336 -0.777049  0.579474  -2.99008  0.218586  -1.42673  -2.09796
       -0        -0        -0        -0        -0        -0        -0        -0        -0        -0        -0        -0        -0        -0        -0  -1.53506  -2.78577 0.0690351 -0.546042   -1.2078 -0.543727 -0.613977 -0.951557 -0.142667  -1.38095  0.302749 -0.536938  -1.42673 -0.364785  0.423928
       -0        -0        -0        -0        -0        -0        -0        -0        -0        -0        -0        -0        -0        -0        -0  -1.85069  -1.76964  -2.33217  -2.01048   0.54718 -0.238562   0.79548  -1.01761  -2.14851  -2.10788  -2.79466  -2.56903  -2.09796  0.423928   -1.9881
   2.2739  0.315265   2.59164   1.90616  0.760187 -0.828566   1.75029   2.72312   1.36019  0.349758 -0.162458  0.310112  0.591629    1.1559 0.0461184        -0        -0        -0        -0        -0        -0        -0        -0        -0        -0        -0        -0        -0        -0        -0
    0.315265     0.929525      1.62427     0.212439   -0.0244313     0.785748     0.384046     0.176904 -0.000940302    -0.923712      1.53669      2.89412     0.498869      2.59931    -0.420614           -0           -0           -0           -0           -0           -0           -0           -0           -0           -0           -0           -0           -0           -0           -0
  2.59164   1.62427  0.717203   1.30601    1.6176   1.60304   2.34869   2.01207  -0.70786   2.25967   2.03145 0.0300962   2.52669  0.275885   1.51057        -0        -0        -0        -0        -0        -0        -0        -0        -0        -0        -0        -0        -0        -0        -0
  1.90616  0.212439   1.30601   1.67107   2.47739   1.47744  0.367894   1.32616  0.708881  -0.63817  0.129682 -0.430214 -0.376924     2.186 -0.427194        -0        -0        -0        -0        -0        -0        -0        -0        -0        -0        -0        -0        -0        -0        -0
  0.760187 -0.0244313     1.6176    2.47739    2.34109  -0.543184  -0.138564    2.65434    1.36695    1.40245  -0.754428  -0.744053    1.62855  -0.830909   0.202462         -0         -0         -0         -0         -0         -0         -0         -0         -0         -0         -0         -0         -0         -0         -0
-0.828566  0.785748   1.60304   1.47744 -0.543184 -0.537078   1.68977   2.46889  0.153576   1.91402    0.3984   2.43255   2.77226  0.531832  0.139121        -0        -0        -0        -0        -0        -0        -0        -0        -0        -0        -0        -0        -0        -0        -0
  1.75029  0.384046   2.34869  0.367894 -0.138564   1.68977   1.81463   1.78908 -0.601347   2.83072   1.28326    2.4838   1.02148   1.61854 -0.654934        -0        -0        -0        -0        -0        -0        -0        -0        -0        -0        -0        -0        -0        -0        -0
   2.72312   0.176904    2.01207    1.32616    2.65434    2.46889    1.78908     0.3778   0.181579   0.191534  -0.355775  -0.913336 -0.0881911    2.65289    2.22394         -0         -0         -0         -0         -0         -0         -0         -0         -0         -0         -0         -0         -0         -0         -0
     1.36019 -0.000940302     -0.70786     0.708881      1.36695     0.153576    -0.601347     0.181579      2.86678    -0.708182      1.57998    -0.375921    -0.583515     0.618496      1.05093           -0           -0           -0           -0           -0           -0           -0           -0           -0           -0           -0           -0           -0           -0           -0
 0.349758 -0.923712   2.25967  -0.63817   1.40245   1.91402   2.83072  0.191534 -0.708182   1.64521   1.15004   2.77562 -0.398544   2.24262 -0.238449        -0        -0        -0        -0        -0        -0        -0        -0        -0        -0        -0        -0        -0        -0        -0
-0.162458   1.53669   2.03145  0.129682 -0.754428    0.3984   1.28326 -0.355775   1.57998   1.15004   1.42092   1.73188   2.06185   2.42851   2.82539        -0        -0        -0        -0        -0        -0        -0        -0        -0        -0        -0        -0        -0        -0        -0
 0.310112   2.89412 0.0300962 -0.430214 -0.744053   2.43255    2.4838 -0.913336 -0.375921   2.77562   1.73188 -0.186501   1.83741 -0.649625  0.112781        -0        -0        -0        -0        -0        -0        -0        -0        -0        -0        -0        -0        -0        -0        -0
  0.591629   0.498869    2.52669  -0.376924    1.62855    2.77226    1.02148 -0.0881911  -0.583515  -0.398544    2.06185    1.83741   0.202093  -0.943878    2.59896         -0         -0         -0         -0         -0         -0         -0         -0         -0         -0         -0         -0         -0         -0         -0
   1.1559   2.59931  0.275885     2.186 -0.830909  0.531832   1.61854   2.65289  0.618496   2.24262   2.42851 -0.649625 -0.943878   1.98776 0.0274867        -0        -0        -0        -0        -0        -0        -0        -0        -0        -0        -0        -0        -0        -0        -0
0.0461184 -0.420614   1.51057 -0.427194  0.202462  0.139121 -0.654934   2.22394   1.05093 -0.238449   2.82539  0.112781   2.59896 0.0274867   2.40197        -0        -0        -0        -0        -0        -0        -0        -0        -0        -0        -0        -0        -0        -0        -0
        -0         -0         -0         -0         -0         -0         -0         -0         -0         -0         -0         -0         -0         -0         -0    -2.2739  -0.315265   -2.59164   -1.90616  -0.760187   0.828566   -1.75029   -2.72312   -1.36019  -0.349758   0.162458  -0.310112  -0.591629    -1.1559 -0.0461184
         -0          -0          -0          -0          -0          -0          -0          -0          -0          -0          -0          -0          -0          -0          -0   -0.315265   -0.929525    -1.62427   -0.212439   0.0244313   -0.785748   -0.384046   -0.176904 0.000940302    0.923712    -1.53669    -2.89412   -0.498869    -2.59931    0.420614
        -0         -0         -0         -0         -0         -0         -0         -0         -0         -0         -0         -0         -0         -0         -0   -2.59164   -1.62427  -0.717203   -1.30601    -1.6176   -1.60304   -2.34869   -2.01207    0.70786   -2.25967   -2.03145 -0.0300962   -2.52669  -0.275885   -1.51057
       -0        -0        -0        -0        -0        -0        -0        -0        -0        -0        -0        -0        -0        -0        -0  -1.90616 -0.212439  -1.30601  -1.67107  -2.47739  -1.47744 -0.367894  -1.32616 -0.708881   0.63817 -0.129682  0.430214  0.376924    -2.186  0.427194
       -0        -0        -0        -0        -0        -0        -0        -0        -0        -0        -0        -0        -0        -0        -0 -0.760187 0.0244313   -1.6176  -2.47739  -2.34109  0.543184  0.138564  -2.65434  -1.36695  -1.40245  0.754428  0.744053  -1.62855  0.830909 -0.202462
       -0        -0        -0        -0        -0        -0        -0        -0        -0        -0        -0        -0        -0        -0        -0  0.828566 -0.785748  -1.60304  -1.47744  0.543184  0.537078  -1.68977  -2.46889 -0.153576  -1.91402   -0.3984  -2.43255  -2.77226 -0.531832 -0.139121
       -0        -0        -0        -0        -0        -0        -0        -0        -0        -0        -0        -0        -0        -0        -0  -1.75029 -0.384046  -2.34869 -0.367894  0.138564  -1.68977  -1.81463  -1.78908  0.601347  -2.83072  -1.28326   -2.4838  -1.02148  -1.61854  0.654934
       -0        -0        -0        -0        -0        -0        -0        -0        -0        -0        -0        -0        -0        -0        -0  -2.72312 -0.176904  -2.01207  -1.32616  -2.65434  -2.46889  -1.78908   -0.3778 -0.181579 -0.191534  0.355775  0.913336 0.0881911  -2.65289  -2.22394
         -0          -0          -0          -0          -0          -0          -0          -0          -0          -0          -0          -0          -0          -0          -0    -1.36019 0.000940302     0.70786   -0.708881    -1.36695   -0.153576    0.601347   -0.181579    -2.86678    0.708182    -1.57998    0.375921    0.583515   -0.618496    -1.05093
       -0        -0        -0        -0        -0        -0        -0        -0        -0        -0        -0        -0        -0        -0        -0 -0.349758  0.923712  -2.25967   0.63817  -1.40245  -1.91402  -2.83072 -0.191534  0.708182  -1.64521  -1.15004  -2.77562  0.398544  -2.24262  0.238449
       -0        -0        -0        -0        -0        -0        -0        -0        -0        -0        -0        -0        -0        -0        -0  0.162458  -1.53669  -2.03145 -0.129682  0.754428   -0.3984  -1.28326  0.355775  -1.57998  -1.15004  -1.42092  -1.73188  -2.06185  -2.42851  -2.82539
        -0         -0         -0         -0         -0         -0         -0         -0         -0         -0         -0         -0         -0         -0         -0  -0.310112   -2.89412 -0.0300962   0.430214   0.744053   -2.43255    -2.4838   0.913336   0.375921   -2.77562   -1.73188   0.186501   -1.83741   0.649625  -0.112781
       -0        -0        -0        -0        -0        -0        -0        -0        -0        -0        -0        -0        -0        -0        -0 -0.591629 -0.498869  -2.52669  0.376924  -1.62855  -2.77226  -1.02148 0.0881911  0.583515  0.398544  -2.06185  -1.83741 -0.202093  0.943878  -2.59896
        -0         -0         -0         -0         -0         -0         -0         -0         -0         -0         -0         -0         -0         -0         -0    -1.1559   -2.59931  -0.275885     -2.186   0.830909  -0.531832   -1.61854   -2.65289  -0.618496   -2.24262   -2.42851   0.649625   0.943878   -1.98776 -0.0274867
        -0         -0         -0         -0         -0         -0         -0         -0         -0         -0         -0         -0         -0         -0         -0 -0.0461184   0.420614   -1.51057   0.427194  -0.202462  -0.139121   0.654934   -2.22394   -1.05093   0.238449   -2.82539  -0.112781   -2.59896 -0.0274867   -2.40197
-0.0192723    1.76902 -0.0156049   0.470627    0.72517    1.32223    1.77683    1.27317    2.08147    2.31034   0.602575  -0.113234    1.96231  -0.957801    1.16098         -0         -0         -0         -0         -0         -0         -0         -0         -0         -0         -0         -0         -0         -0         -0
  1.76902  0.332793    2.5919   2.57023   1.30499  0.127734   2.63661 0.0860597  0.238827   1.26997   1.69981 -0.719928 0.0129935  0.367528 -0.860258        -0        -0        -0        -0        -0        -0        -0        -0        -0        -0        -0        -0        -0        -0        -0
-0.0156049     2.5919    1.28159    2.48892  -0.139523     2.7613    2.24339    2.19162    2.16962   0.561721    2.21637     2.4964     1.5443    0.42565    1.86485         -0         -0         -0         -0         -0         -0         -0         -0         -0         -0         -0         -0         -0         -0         -0
 0.470627   2.57023   2.48892   2.28955 -0.993241  0.811149   2.63731   1.03447   1.32487   1.50196 -0.227801   1.44849   1.17868    2.5386  -0.29472        -0        -0        -0        -0        -0        -0        -0        -0        -0        -0        -0        -0        -0        -0        -0
  0.72517   1.30499 -0.139523 -0.993241   1.29066 -0.582718   2.64336   1.89721 -0.123863 -0.695558 0.0246744   1.78203  0.785192   2.81601   1.31842        -0        -0        -0        -0        -0        -0        -0        -0        -0        -0        -0        -0        -0        -0        -0
  1.32223  0.127734    2.7613  0.811149 -0.582718  -0.38888  0.534054    2.6089   1.81299  -0.54107 -0.907495   2.80085   2.56898  -0.79232 -0.349962        -0        -0        -0        -0        -0        -0        -0        -0        -0        -0        -0        -0        -0        -0        -0
  1.77683   2.63661   2.24339   2.63731   2.64336  0.534054    1.3463   1.64559   2.85892   1.11086   2.58519   1.90742   1.27118   2.33945 -0.725743        -0        -0        -0        -0        -0        -0        -0        -0        -0        -0        -0        -0        -0        -0        -0
  1.27317 0.0860597   2.19162   1.03447   1.89721    2.6089   1.64559   1.10288   2.22244   1.95003 -0.116406  -0.10711  0.370381   1.72343 -0.410393        -0        -0        -0        -0        -0        -0        -0        -0        -0        -0        -0        -0        -0        -0        -0
  2.08147  0.238827   2.16962   1.32487 -0.123863   1.81299   2.85892   2.22244   2.11409   1.56181   2.31494   1.75088 -0.547429   0.10057   1.02042        -0        -0        -0        -0        -0        -0        -0        -0        -0        -0        -0        -0        -0        -0        -0
  2.31034   1.26997  0.561721   1.50196 -0.695558  -0.54107   1.11086   1.95003   1.56181 -0.552027   1.69928  0.469226  0.586129   1.09033 -0.273171        -0        -0        -0        -0        -0        -0        -0        -0        -0        -0        -0        -0        -0        -0        -0
 0.602575   1.69981   2.21637 -0.227801 0.0246744 -0.907495   2.58519 -0.116406   2.31494   1.69928   2.72327  0.340863 -0.930342 -0.807343   1.17574        -0        -0        -0        -0        -0        -0        -0        -0        -0        -0        -0        -0        -0        -0        -0
