30
1
30
 -0.0240033   0.0286413    0.128588  -0.0197134  -0.0610239    0.127493  -0.0976164     0.08871 -0.00258452    0.202246    0.241936   -0.161802    0.136007   0.0815998  -0.0402087    0.417282   0.0126328     0.19381   -0.554275    -0.01071   -0.103977    0.214386    -0.10957    0.100619  -0.0384099    0.395461   -0.169173   0.0502747   0.0614331   0.0322014
   -65.9 -43.0596  -20.516 -29.8214 -34.6519 -20.9311 -38.6908 -17.1433 -17.0327 -32.8531 -19.9979 -30.8227 -36.0517 -19.9834 -28.9338 -39.4551 -36.0862 -36.4827 -18.5744 -18.0825  -13.818 -26.3136 -47.0046  -32.692 -25.2439 -11.9501 -8.55971 -12.5721 -39.3669 -27.2817
-43.0596 -72.8382 -36.1709 -39.4268 -41.0795 -17.8617 -39.6728 -42.3198 -28.9376 -34.6211 -33.1249 -33.9957 -21.3927 -27.2455 -37.2472 -43.8408 -38.8253 -47.0968 -31.0395 -28.6143 -35.8922 -40.2105 -44.0977 -34.9841 -24.7448 -19.2869 -37.2081 -34.5802 -43.2251   -25.77
 -20.516 -36.1709 -92.3335 -45.9912 -51.8204  -14.173 -21.0137 -58.4202 -28.3395 -34.5669 -41.4204 -39.8864 -9.04899 -32.2397 -34.2904  -41.502 -30.6757 -30.4555 -55.0296 -39.2059 -42.6139 -37.0411 -39.5892 -43.9401 -34.5884 -23.6265 -42.2991 -38.2511 -35.8865 -23.6844
-29.8214 -39.4268 -45.9912 -90.3381 -56.2897 -25.2035 -31.3388 -32.8438 -31.3549 -50.2876 -35.0417 -38.3968 -44.3533 -15.3576 -51.4241 -30.6147 -38.7244 -33.5313 -32.3108  -34.355 -43.0541 -56.9188 -48.1027 -40.5854 -28.0185 -20.6669 -15.7837 -28.8047 -50.1106 -23.9506
-34.6519 -41.0795 -51.8204 -56.2897 -89.9792 -20.1113   -44.83  -43.561 -31.3003 -50.8265 -32.6748 -43.6327 -34.2803 -23.0844  -48.485 -49.3228 -39.9163 -42.3746  -52.686 -39.4358  -38.946 -51.2279 -54.8108 -43.0103 -43.7483 -22.8696 -35.5814 -33.1706 -31.6959 -30.6115
-20.9311 -17.8617  -14.173 -25.2035 -20.1113 -31.3075 -20.1466 -14.4954 -22.5427 -21.6565 -12.4041 -24.7987 -30.1081 -14.2113 -15.2479  -25.492 -20.4096 -22.9674 -7.33867 -14.9225 -14.0258 -17.3144 -23.9415 -25.7858 -28.6881 -12.9845 -6.16572 -14.5418 -23.9836 -18.0238
-38.6908 -39.6728 -21.0137 -31.3388   -44.83 -20.1466 -69.5836  -25.068 -10.7772 -52.7404 -23.1645 -22.6753 -17.6339 -21.2782   -32.69 -50.1623 -30.2924 -45.6834 -32.8439 -21.7776  -29.791  -24.386 -56.6285  -31.369 -32.0912 -22.9692 -23.9256 -35.6819 -37.2111 -28.9396
-17.1433 -42.3198 -58.4202 -32.8438  -43.561 -14.4954  -25.068  -85.791 -19.4573 -37.5095 -26.2751 -23.3391 -9.25878  -26.176 -41.5978 -39.4077 -40.5422 -50.2262 -45.3833 -31.9337 -40.6344 -36.9021 -29.0512 -24.3557 -32.0141 -18.4195 -33.2916 -48.7196 -33.9283 -32.4302
-17.0327 -28.9376 -28.3395 -31.3549 -31.3003 -22.5427 -10.7772 -19.4573  -69.822 -20.5617 -26.4357 -37.3168 -39.6129 -27.7886 -32.1495 -34.6873  -24.353 -33.6432 -25.8708 -36.1136  -41.092 -35.1173  -38.031 -43.9051 -39.1321 -30.5753 -24.4525  -21.706 -38.5916 -25.5333
-32.8531 -34.6211 -34.5669 -50.2876 -50.8265 -21.6565 -52.7404 -37.5095 -20.5617 -81.9202 -30.3702 -25.7409  -31.883 -22.0203 -41.8567 -57.3161  -28.777 -51.8419 -41.8072 -37.0611 -38.1683 -39.3812 -58.7294 -32.1341 -31.4103 -19.9655 -16.2893 -43.5859 -42.1803 -16.1938
-19.9979 -33.1249 -41.4204 -35.0417 -32.6748 -12.4041 -23.1645 -26.2751 -26.4357 -30.3702 -63.4378 -38.4586 -24.2513 -34.8223 -19.6348 -44.0595 -24.7922  -27.675 -43.6954 -19.9358 -47.0359 -30.2323 -23.3499 -30.7131 -23.2209 -25.6044 -33.1564 -25.5561  -24.347 -25.3933
-30.8227 -33.9957 -39.8864 -38.3968 -43.6327 -24.7987 -22.6753 -23.3391 -37.3168 -25.7409 -38.4586 -74.9377 -41.1203 -35.7997 -19.1931 -45.0155 -37.5027 -30.3691 -39.6848 -17.3015 -21.9238 -39.2246 -40.1085 -33.3964 -29.9129 -26.1517 -29.7653 -21.3899 -21.1217 -24.8157
-36.0517 -21.3927 -9.04899 -44.3533 -34.2803 -30.1081 -17.6339 -9.25878 -39.6129  -31.883 -24.2513 -41.1203 -77.8613 -24.3361  -32.237 -34.4165 -23.5411 -27.3874 -17.7106 -28.4062 -23.4228 -34.1097   -31.36  -36.275 -31.3595 -22.3213 -4.06203 -2.87409 -36.3466 -29.6235
-19.9834 -27.2455 -32.2397 -15.3576 -23.0844 -14.2113 -21.2782  -26.176 -27.7886 -22.0203 -34.8223 -35.7997 -24.3361 -47.3293 -17.3143 -41.2579 -25.2062 -18.7326 -28.3167 -30.7197 -28.1788 -20.4478 -26.6728 -23.2211 -23.9649 -27.2693 -29.4225 -26.8658 -29.9772 -21.7737
-28.9338 -37.2472 -34.2904 -51.4241  -48.485 -15.2479   -32.69 -41.5978 -32.1495 -41.8567 -19.6348 -19.1931  -32.237 -17.3143 -67.2393 -34.5584 -36.7859 -41.3882 -29.1146    -37.1 -37.7537 -37.9466  -49.628 -30.4974 -32.4062 -17.9985  -19.595 -27.2455 -52.5036 -27.7152
-39.4551 -43.8408  -41.502 -30.6147 -49.3228  -25.492 -50.1623 -39.4077 -34.6873 -57.3161 -44.0595 -45.0155 -34.4165 -41.2579 -34.5584 -93.0676 -41.4615  -54.304 -45.8213 -43.3201 -46.3621 -27.9215 -54.7461 -39.1464 -42.7476 -31.7356 -30.5458 -27.7753 -45.1462 -35.8334
-36.0862 -38.8253 -30.6757 -38.7244 -39.9163 -20.4096 -30.2924 -40.5422  -24.353  -28.777 -24.7922 -37.5027 -23.5411 -25.2062 -36.7859 -41.4615 -66.3387 -40.8839 -22.2393 -17.9631 -23.9927 -25.9974 -41.5055 -22.2232 -23.5814 -27.8177 -15.9423  -27.105 -36.7943 -30.1815
-36.4827 -47.0968 -30.4555 -33.5313 -42.3746 -22.9674 -45.6834 -50.2262 -33.6432 -51.8419  -27.675 -30.3691 -27.3874 -18.7326 -41.3882  -54.304 -40.8839   -90.95 -37.2978 -22.4715 -37.1204 -29.3587   -62.34 -28.1087 -27.1058 -29.6601 -30.6623 -40.9861 -32.7844 -31.9731
-18.5744 -31.0395 -55.0296 -32.3108  -52.686 -7.33867 -32.8439 -45.3833 -25.8708 -41.8072 -43.6954 -39.6848 -17.7106 -28.3167 -29.1146 -45.8213 -22.2393 -37.2978 -76.6989 -27.3926 -51.4238 -37.7267 -40.2461 -33.7976 -34.5975 -25.6591 -41.6637 -36.9132 -18.4693 -25.6593
-18.0825 -28.6143 -39.2059  -34.355 -39.4358 -14.9225 -21.7776 -31.9337 -36.1136 -37.0611 -19.9358 -17.3015 -28.4062 -30.7197    -37.1 -43.3201 -17.9631 -22.4715 -27.3926 -56.4603   -38.36 -31.5439 -34.5914 -34.2722 -33.5759 -20.4388 -24.2475 -26.0019 -44.3023 -16.7129
 -13.818 -35.8922 -42.6139 -43.0541  -38.946 -14.0258  -29.791 -40.6344  -41.092 -38.1683 -47.0359 -21.9238 -23.4228 -28.1788 -37.7537 -46.3621 -23.9927 -37.1204 -51.4238   -38.36 -80.6482 -42.5708 -35.0967 -36.4516 -35.3058 -33.2785 -38.9363 -38.6055 -44.3511 -30.6738
-26.3136 -40.2105 -37.0411 -56.9188 -51.2279 -17.3144  -24.386 -36.9021 -35.1173 -39.3812 -30.2323 -39.2246 -34.1097 -20.4478 -37.9466 -27.9215 -25.9974 -29.3587 -37.7267 -31.5439 -42.5708 -72.7159 -38.8542 -25.6795 -34.0266 -15.8391 -28.7313 -37.2964 -36.0471 -18.7221
-47.0046 -44.0977 -39.5892 -48.1027 -54.8108 -23.9415 -56.6285 -29.0512  -38.031 -58.7294 -23.3499 -40.1085   -31.36 -26.6728  -49.628 -54.7461 -41.5055   -62.34 -40.2461 -34.5914 -35.0967 -38.8542 -91.8913 -38.0552 -36.2248 -26.6602 -31.2518  -35.298 -46.0769 -27.8814
 -32.692 -34.9841 -43.9401 -40.5854 -43.0103 -25.7858  -31.369 -24.3557 -43.9051 -32.1341 -30.7131 -33.3964  -36.275 -23.2211 -30.4974 -39.1464 -22.2232 -28.1087 -33.7976 -34.2722 -36.4516 -25.6795 -38.0552 -67.5165 -42.5545 -22.7106 -19.4079 -19.1219  -45.888  -31.916
-25.2439 -24.7448 -34.5884 -28.0185 -43.7483 -28.6881 -32.0912 -32.0141 -39.1321 -31.4103 -23.2209 -29.9129 -31.3595 -23.9649 -32.4062 -42.7476 -23.5814 -27.1058 -34.5975 -33.5759 -35.3058 -34.0266 -36.2248 -42.5545  -67.468 -25.9027  -21.567 -27.0731  -38.113 -31.3701
-11.9501 -19.2869 -23.6265 -20.6669 -22.8696 -12.9845 -22.9692 -18.4195 -30.5753 -19.9655 -25.6044 -26.1517 -22.3213 -27.2693 -17.9985 -31.7356 -27.8177 -29.6601 -25.6591 -20.4388 -33.2785 -15.8391 -26.6602 -22.7106 -25.9027 -48.6579 -24.6694 -25.7427 -29.5654  -21.555
-8.55971 -37.2081 -42.2991 -15.7837 -35.5814 -6.16572 -23.9256 -33.2916 -24.4525 -16.2893 -33.1564 -29.7653 -4.06203 -29.4225  -19.595 -30.5458 -15.9423 -30.6623 -41.6637 -24.2475 -38.9363 -28.7313 -31.2518 -19.4079  -21.567 -24.6694 -66.5611  -31.803 -11.6295 -18.5069
-12.5721 -34.5802 -38.2511 -28.8047 -33.1706 -14.5418 -35.6819 -48.7196  -21.706 -43.5859 -25.5561 -21.3899 -2.87409 -26.8658 -27.2455 -27.7753  -27.105 -40.9861 -36.9132 -26.0019 -38.6055 -37.2964  -35.298 -19.1219 -27.0731 -25.7427  -31.803 -66.1372 -29.1532 -10.9075
-39.3669 -43.2251 -35.8865 -50.1106 -31.6959 -23.9836 -37.2111 -33.9283 -38.5916 -42.1803  -24.347 -21.1217 -36.3466 -29.9772 -52.5036 -45.1462 -36.7943 -32.7844 -18.4693 -44.3023 -44.3511 -36.0471 -46.0769  -45.888  -38.113 -29.5654 -11.6295 -29.1532 -79.4835 -31.9926
-27.2817   -25.77 -23.6844 -23.9506 -30.6115 -18.0238 -28.9396 -32.4302 -25.5333 -16.1938 -25.3933 -24.8157 -29.6235 -21.7737 -27.7152 -35.8334 -30.1815 -31.9731 -25.6593 -16.7129 -30.6738 -18.7221 -27.8814  -31.916 -31.3701  -21.555 -18.5069 -10.9075 -31.9926 -53.4234
   2.3447   2.58328   2.57795    2.6396 -0.781365   2.88704   1.72635   2.81286  0.670548    2.7063   1.15531   1.06237   1.91428   2.76639   1.28751        -0        -0        -0        -0        -0        -0        -0        -0        -0        -0        -0        -0        -0        -0        -0
  2.58328 -0.972338  0.744013   1.23174   1.60427 -0.782998   1.60742   1.75221 -0.603955   2.44486   1.57567   2.65795 -0.455263  -0.98692  -0.40934        -0        -0        -0        -0        -0        -0        -0        -0        -0        -0        -0        -0        -0        -0        -0
  2.57795  0.744013  0.102574   2.90834  0.208374   2.73012  0.057791   1.07876 -0.451118   2.90882   2.14063  0.718719   2.77373   -0.6586 -0.591405        -0        -0        -0        -0        -0        -0        -0        -0        -0        -0        -0        -0        -0        -0        -0
  2.6396  1.23174  2.90834   2.9906 0.321209  2.79539  2.93472  2.54298  1.72834 0.785057  1.70419 0.971193  1.05492 0.485113  1.06124       -0       -0       -0       -0       -0       -0       -0       -0       -0       -0       -0       -0       -0       -0       -0
-0.781365   1.60427  0.208374  0.321209 -0.543194 -0.792393   2.92863    1.5476 -0.669232   1.98784  0.304007  0.443007   2.24892  0.984273   1.64558        -0        -0        -0        -0        -0        -0        -0        -0        -0        -0        -0        -0        -0        -0        -0
  2.88704 -0.782998   2.73012   2.79539 -0.792393   2.36746  0.514597   1.28637 -0.522493   1.45642    2.4714 -0.293439 0.0777341  0.784407   2.65752        -0        -0        -0        -0        -0        -0        -0        -0        -0        -0        -0        -0        -0        -0        -0
  1.72635   1.60742  0.057791   2.93472   2.92863  0.514597   0.52218   1.91044 -0.757064 -0.928575    2.1817 -0.572385  0.526319   1.19167   2.13898        -0        -0        -0        -0        -0        -0        -0        -0        -0        -0        -0        -0        -0        -0        -0
  2.81286   1.75221   1.07876   2.54298    1.5476   1.28637   1.91044 -0.789237  0.852949  0.898281  0.546943  0.514431   1.43062   1.41189 -0.828105        -0        -0        -0        -0        -0        -0        -0        -0        -0        -0        -0        -0        -0        -0        -0
 0.670548 -0.603955 -0.451118   1.72834 -0.669232 -0.522493 -0.757064  0.852949   2.43263   1.66718  0.324352   1.60484   1.62468   2.29884   1.08814        -0        -0        -0        -0        -0        -0        -0        -0        -0        -0        -0        -0        -0        -0        -0
   2.7063   2.44486   2.90882  0.785057   1.98784   1.45642 -0.928575  0.898281   1.66718 -0.338842   1.61433    2.0948   1.85067 -0.203484  0.763654        -0        -0        -0        -0        -0        -0        -0        -0        -0        -0        -0        -0        -0        -0        -0
  1.15531   1.57567   2.14063   1.70419  0.304007    2.4714    2.1817  0.546943  0.324352   1.61433   1.10712   1.17559 0.0449459  0.506687   2.02257        -0        -0        -0        -0        -0        -0        -0        -0        -0        -0        -0        -0        -0        -0        -0
  1.06237   2.65795  0.718719  0.971193  0.443007 -0.293439 -0.572385  0.514431   1.60484    2.0948   1.17559 -0.707061 -0.268204  0.474427   2.13308        -0        -0        -0        -0        -0        -0        -0        -0        -0        -0        -0        -0        -0        -0        -0
  1.91428 -0.455263   2.77373   1.05492   2.24892 0.0777341  0.526319   1.43062   1.62468   1.85067 0.0449459 -0.268204  0.492534 0.0894558   1.49545        -0        -0        -0        -0        -0        -0        -0        -0        -0        -0        -0        -0        -0        -0        -0
  2.76639  -0.98692   -0.6586  0.485113  0.984273  0.784407   1.19167   1.41189   2.29884 -0.203484  0.506687  0.474427 0.0894558  0.676379 -0.484901        -0        -0        -0        -0        -0        -0        -0        -0        -0        -0        -0        -0        -0        -0        -0
  1.28751  -0.40934 -0.591405   1.06124   1.64558   2.65752   2.13898 -0.828105   1.08814  0.763654   2.02257   2.13308   1.49545 -0.484901 0.0837942        -0        -0        -0        -0        -0        -0        -0        -0        -0        -0        -0        -0        -0        -0        -0
       -0        -0        -0        -0        -0        -0        -0        -0        -0        -0        -0        -0        -0        -0        -0   -2.3447  -2.58328  -2.57795   -2.6396  0.781365  -2.88704  -1.72635  -2.81286 -0.670548   -2.7063  -1.15531  -1.06237  -1.91428  -2.76639  -1.28751
       -0        -0        -0        -0        -0        -0        -0        -0        -0        -0        -0        -0        -0        -0        -0  -2.58328  0.972338 -0.744013  -1.23174  -1.60427  0.782998  -1.60742  -1.75221  0.603955  -2.44486  -1.57567  -2.65795  0.455263   0.98692   0.40934
       -0        -0        -0        -0        -0        -0        -0        -0        -0        -0        -0        -0        -0        -0        -0  -2.57795 -0.744013 -0.102574  -2.90834 -0.208374  -2.73012 -0.057791  -1.07876  0.451118  -2.90882  -2.14063 -0.718719  -2.77373    0.6586  0.591405
       -0        -0        -0        -0        -0        -0        -0        -0        -0        -0        -0        -0        -0        -0        -0   -2.6396  -1.23174  -2.90834   -2.9906 -0.321209  -2.79539  -2.93472  -2.54298  -1.72834 -0.785057  -1.70419 -0.971193  -1.05492 -0.485113  -1.06124
       -0        -0        -0        -0        -0        -0        -0        -0        -0        -0        -0        -0        -0        -0        -0  0.781365  -1.60427 -0.208374 -0.321209  0.543194  0.792393  -2.92863   -1.5476  0.669232  -1.98784 -0.304007 -0.443007  -2.24892 -0.984273  -1.64558
        -0         -0         -0         -0         -0         -0         -0         -0         -0         -0         -0         -0         -0         -0         -0   -2.88704   0.782998   -2.73012   -2.79539   0.792393   -2.36746  -0.514597   -1.28637   0.522493   -1.45642    -2.4714   0.293439 -0.0777341  -0.784407   -2.65752
       -0        -0        -0        -0        -0        -0        -0        -0        -0        -0        -0        -0        -0        -0        -0  -1.72635  -1.60742 -0.057791  -2.93472  -2.92863 -0.514597  -0.52218  -1.91044  0.757064  0.928575   -2.1817  0.572385 -0.526319  -1.19167  -2.13898
       -0        -0        -0        -0        -0        -0        -0        -0        -0        -0        -0        -0        -0        -0        -0  -2.81286  -1.75221  -1.07876  -2.54298   -1.5476  -1.28637  -1.91044  0.789237 -0.852949 -0.898281 -0.546943 -0.514431  -1.43062  -1.41189  0.828105
       -0        -0        -0        -0        -0        -0        -0        -0        -0        -0        -0        -0        -0        -0        -0 -0.670548  0.603955  0.451118  -1.72834  0.669232  0.522493  0.757064 -0.852949  -2.43263  -1.66718 -0.324352  -1.60484  -1.62468  -2.29884  -1.08814
       -0        -0        -0        -0        -0        -0        -0        -0        -0        -0        -0        -0        -0        -0        -0   -2.7063  -2.44486  -2.90882 -0.785057  -1.98784  -1.45642  0.928575 -0.898281  -1.66718  0.338842  -1.61433   -2.0948  -1.85067  0.203484 -0.763654
        -0         -0         -0         -0         -0         -0         -0         -0         -0         -0         -0         -0         -0         -0         -0   -1.15531   -1.57567   -2.14063   -1.70419  -0.304007    -2.4714    -2.1817  -0.546943  -0.324352   -1.61433   -1.10712   -1.17559 -0.0449459  -0.506687   -2.02257
       -0        -0        -0        -0        -0        -0        -0        -0        -0        -0        -0        -0        -0        -0        -0  -1.06237  -2.65795 -0.718719 -0.971193 -0.443007  0.293439  0.572385 -0.514431  -1.60484   -2.0948  -1.17559  0.707061  0.268204 -0.474427  -2.13308
        -0         -0         -0         -0         -0         -0         -0         -0         -0         -0         -0         -0         -0         -0         -0   -1.91428   0.455263   -2.77373   -1.05492   -2.24892 -0.0777341  -0.526319   -1.43062   -1.62468   -1.85067 -0.0449459   0.268204  -0.492534 -0.0894558   -1.49545
        -0         -0         -0         -0         -0         -0         -0         -0         -0         -0         -0         -0         -0         -0         -0   -2.76639    0.98692     0.6586  -0.485113  -0.984273  -0.784407   -1.19167   -1.41189   -2.29884   0.203484  -0.506687  -0.474427 -0.0894558  -0.676379   0.484901
        -0         -0         -0         -0         -0         -0         -0         -0         -0         -0         -0         -0         -0         -0         -0   -1.28751    0.40934   0.591405   -1.06124   -1.64558   -2.65752   -2.13898   0.828105   -1.08814  -0.763654   -2.02257   -2.13308   -1.49545   0.484901 -0.0837942
   2.1789  0.941831 -0.687036  0.659842  0.651864   2.46392  0.809729   2.13349    2.9838   2.38676  0.529026   2.91331   2.16119  0.235829   2.01926        -0        -0        -0        -0        -0        -0        -0        -0        -0        -0        -0        -0        -0        -0        -0
  0.941831  -0.868233  -0.230011    1.21835    1.21494  -0.256637    0.11391   0.448437 -0.0456128   0.460093    1.98843  0.0531054    1.32671   0.890294   0.711411         -0         -0         -0         -0         -0         -0         -0         -0         -0         -0         -0         -0         -0         -0         -0
-0.687036 -0.230011   2.90339 -0.640909  0.340802    2.9195    0.8547    2.5219    2.7088   1.45326  0.376045   2.04845 -0.730469 0.0189664 -0.969051        -0        -0        -0        -0        -0        -0        -0        -0        -0        -0        -0        -0        -0        -0        -0
 0.659842   1.21835 -0.640909    1.9266  0.555252   2.82301   2.15053   2.05299  0.838504   1.90865   0.23783   1.36657  -0.46276 -0.715718   2.28879        -0        -0        -0        -0        -0        -0        -0        -0        -0        -0        -0        -0        -0        -0        -0
 0.651864   1.21494  0.340802  0.555252   2.62477   2.66997   1.66916  0.271444 -0.895081 -0.486917 -0.173062   2.96176   2.56454 -0.743136   1.24865        -0        -0        -0        -0        -0        -0        -0        -0        -0        -0        -0        -0        -0        -0        -0
   2.46392  -0.256637     2.9195    2.82301    2.66997   -0.51173   0.479474    2.19186    1.37797    2.72471   0.480964    2.56153   0.096469 -0.0192765    2.59549         -0         -0         -0         -0         -0         -0         -0         -0         -0         -0         -0         -0         -0         -0         -0
 0.809729   0.11391    0.8547   2.15053   1.66916  0.479474 -0.218377   2.54126   2.31798   1.10051    2.6158   1.09128    1.0182   2.84582 -0.614742        -0        -0        -0        -0        -0        -0        -0        -0        -0        -0        -0        -0        -0        -0        -0
  2.13349  0.448437    2.5219   2.05299  0.271444   2.19186   2.54126   2.64655 -0.113458 -0.945658 -0.855084   1.06227   2.18034   1.34814 -0.733146        -0        -0        -0        -0        -0        -0        -0        -0        -0        -0        -0        -0        -0        -0        -0
    2.9838 -0.0456128     2.7088   0.838504  -0.895081    1.37797    2.31798  -0.113458  -0.727624    2.37126    1.36751    2.61588   0.241385    2.04299    1.77583         -0         -0         -0         -0         -0         -0         -0         -0         -0         -0         -0         -0         -0         -0         -0
  2.38676  0.460093   1.45326   1.90865 -0.486917   2.72471   1.10051 -0.945658   2.37126   2.80128   2.88817  0.462537 -0.614291   2.46169  0.626643        -0        -0        -0        -0        -0        -0        -0        -0        -0        -0        -0        -0        -0        -0        -0
 0.529026   1.98843  0.376045   0.23783 -0.173062  0.480964    2.6158 -0.855084   1.36751   2.88817 0.0581267  0.863555   2.06851   2.81068 -0.347437        -0        -0        -0        -0        -0        -0        -0        -0        -0        -0        -0        -0        -0        -0        -0
  2.91331 0.0531054   2.04845   1.36657   2.96176   2.56153   1.09128   1.06227   2.61588  0.462537  0.863555   1.27647   1.29951  -0.09345  0.844341        -0        -0        -0        -0        -0        -0        -0        -0        -0        -0        -0        -0        -0        -0        -0
  2.16119   1.32671 -0.730469  -0.46276   2.56454  0.096469    1.0182   2.18034  0.241385 -0.614291   2.06851   1.29951   2.64747  0.738161   2.92615        -0        -0        -0        -0        -0        -0        -0        -0        -0        -0        -0        -0        -0        -0        -0
  0.235829   0.890294  0.0189664  -0.715718  -0.743136 -0.0192765    2.84582    1.34814    2.04299    2.46169    2.81068   -0.09345   0.738161    1.55022  -0.699968         -0         -0         -0         -0         -0         -0         -0         -0         -0         -0         -0         -0         -0         -0         -0
  2.01926  0.711411 -0.969051   2.28879   1.24865   2.59549 -0.614742 -0.733146   1.77583  0.626643 -0.347437  0.844341   2.92615 -0.699968   2.82133        -0        -0        -0        -0        -0        -0        -0        -0        -0        -0        -0        -0        -0        -0        -0
       -0        -0        -0        -0        -0        -0        -0        -0        -0        -0        -0        -0        -0        -0        -0   -2.1789 -0.941831  0.687036 -0.659842 -0.651864  -2.46392 -0.809729  -2.13349   -2.9838  -2.38676 -0.529026  -2.91331  -2.16119 -0.235829  -2.01926
        -0         -0         -0         -0         -0         -0         -0         -0         -0         -0         -0         -0         -0         -0         -0  -0.941831   0.868233   0.230011   -1.21835   -1.21494   0.256637   -0.11391  -0.448437  0.0456128  -0.460093   -1.98843 -0.0531054   -1.32671  -0.890294  -0.711411
        -0         -0         -0         -0         -0         -0         -0         -0         -0         -0         -0         -0         -0         -0         -0   0.687036   0.230011   -2.90339   0.640909  -0.340802    -2.9195    -0.8547    -2.5219    -2.7088   -1.45326  -0.376045   -2.04845   0.730469 -0.0189664   0.969051
       -0        -0        -0        -0        -0        -0        -0        -0        -0        -0        -0        -0        -0        -0        -0 -0.659842  -1.21835  0.640909   -1.9266 -0.555252  -2.82301  -2.15053  -2.05299 -0.838504  -1.90865  -0.23783  -1.36657   0.46276  0.715718  -2.28879
       -0        -0        -0        -0        -0        -0        -0        -0        -0        -0        -0        -0        -0        -0        -0 -0.651864  -1.21494 -0.340802 -0.555252  -2.62477  -2.66997  -1.66916 -0.271444  0.895081  0.486917  0.173062  -2.96176  -2.56454  0.743136  -1.24865
       -0        -0        -0        -0        -0        -0        -0        -0        -0        -0        -0        -0        -0        -0        -0  -2.46392  0.256637   -2.9195  -2.82301  -2.66997   0.51173 -0.479474  -2.19186  -1.37797  -2.72471 -0.480964  -2.56153 -0.096469 0.0192765  -2.59549
       -0        -0        -0        -0        -0        -0        -0        -0        -0        -0        -0        -0        -0        -0        -0 -0.809729  -0.11391   -0.8547  -2.15053  -1.66916 -0.479474  0.218377  -2.54126  -2.31798  -1.10051   -2.6158  -1.09128   -1.0182  -2.84582  0.614742
       -0        -0        -0        -0        -0        -0        -0        -0        -0        -0        -0        -0        -0        -0        -0  -2.13349 -0.448437   -2.5219  -2.05299 -0.271444  -2.19186  -2.54126  -2.64655  0.113458  0.945658  0.855084  -1.06227  -2.18034  -1.34814  0.733146
       -0        -0        -0        -0        -0        -0        -0        -0        -0        -0        -0        -0        -0        -0        -0   -2.9838 0.0456128   -2.7088 -0.838504  0.895081  -1.37797  -2.31798  0.113458  0.727624  -2.37126  -1.36751  -2.61588 -0.241385  -2.04299  -1.77583
       -0        -0        -0        -0        -0        -0        -0        -0        -0        -0        -0        -0        -0        -0        -0  -2.38676 -0.460093  -1.45326  -1.90865  0.486917  -2.72471  -1.10051  0.945658  -2.37126  -2.80128  -2.88817 -0.462537  0.614291  -2.46169 -0.626643
        -0         -0         -0         -0         -0         -0         -0         -0         -0         -0         -0         -0         -0         -0         -0  -0.529026   -1.98843  -0.376045   -0.23783   0.173062  -0.480964    -2.6158   0.855084   -1.36751   -2.88817 -0.0581267  -0.863555   -2.06851   -2.81068   0.347437
        -0         -0         -0         -0         -0         -0         -0         -0         -0         -0         -0         -0         -0         -0         -0   -2.91331 -0.0531054   -2.04845   -1.36657   -2.96176   -2.56153   -1.09128   -1.06227   -2.61588  -0.462537  -0.863555   -1.27647   -1.29951    0.09345  -0.844341
       -0        -0        -0        -0        -0        -0        -0        -0        -0        -0        -0        -0        -0        -0        -0  -2.16119  -1.32671  0.730469   0.46276  -2.56454 -0.096469   -1.0182  -2.18034 -0.241385  0.614291  -2.06851  -1.29951  -2.64747 -0.738161  -2.92615
        -0         -0         -0         -0         -0         -0         -0         -0         -0         -0         -0         -0         -0         -0         -0  -0.235829  -0.890294 -0.0189664   0.715718   0.743136  0.0192765   -2.84582   -1.34814   -2.04299   -2.46169   -2.81068    0.09345  -0.738161   -1.55022   0.699968
       -0        -0        -0        -0        -0        -0        -0        -0        -0        -0        -0        -0        -0        -0        -0  -2.01926 -0.711411  0.969051  -2.28879  -1.24865  -2.59549  0.614742  0.733146  -1.77583 -0.626643  0.347437 -0.844341  -2.92615  0.699968  -2.82133
  2.89202   2.54549   2.61343   1.41501   2.76001 -0.875935 -0.231993  0.873421   2.41342   1.37365    2.5382  0.551197   2.41888   1.35691   1.48138        -0        -0        -0        -0        -0        -0        -0        -0        -0        -0        -0        -0        -0        -0        -0
   2.54549   0.885072    2.00393  -0.871941  -0.770299    1.61095    1.86539 0.00485187  -0.249208   0.268263    2.51202    1.03812    1.18299    1.07453    1.58777         -0         -0         -0         -0         -0         -0         -0         -0         -0         -0         -0         -0         -0         -0         -0
    2.61343     2.00393    0.392897     1.75754     1.79213     2.96562   -0.783307    0.885101     2.32959     2.24695     0.56942     1.48057     1.48715   -0.559465 -0.00840549          -0          -0          -0          -0          -0          -0          -0          -0          -0          -0          -0          -0          -0          -0          -0
   1.41501  -0.871941    1.75754    1.80394   0.152908     1.8816    2.56014   0.839045    2.63011  -0.741251    1.86779  -0.201854 -0.0116972  -0.162521 -0.0314695         -0         -0         -0         -0         -0         -0         -0         -0         -0         -0         -0         -0         -0         -0         -0
  2.76001 -0.770299   1.79213  0.152908  0.554753  0.414897 -0.981706   2.88645 -0.689067   2.10731   2.14213   1.29687 0.0507745   1.87267   2.57607        -0        -0        -0        -0        -0        -0        -0        -0        -0        -0        -0        -0        -0        -0        -0
-0.875935   1.61095   2.96562    1.8816  0.414897   2.67012  0.771446       2.3   2.34788    2.1334  0.880354  0.587879  0.629279   1.73741   1.04237        -0        -0        -0        -0        -0        -0        -0        -0        -0        -0        -0        -0        -0        -0        -0
-0.231993   1.86539 -0.783307   2.56014 -0.981706  0.771446   1.26719  0.509165  0.401555   2.55875   1.21567   2.93155   1.86866   1.42536   1.59781        -0        -0        -0        -0        -0        -0        -0        -0        -0        -0        -0        -0        -0        -0        -0
  0.873421 0.00485187   0.885101   0.839045    2.88645        2.3   0.509165    1.69946    1.57812  -0.383526  -0.456318   0.855618    2.26644    1.80422    1.44473         -0         -0         -0         -0         -0         -0         -0         -0         -0         -0         -0         -0         -0         -0         -0
  2.41342 -0.249208   2.32959   2.63011 -0.689067   2.34788  0.401555   1.57812   2.73212  0.832862 -0.541522   1.20435   1.17296 -0.406975   0.30881        -0        -0        -0        -0        -0        -0        -0        -0        -0        -0        -0        -0        -0        -0        -0
  1.37365  0.268263   2.24695 -0.741251   2.10731    2.1334   2.55875 -0.383526  0.832862  0.715173  0.947789  0.764412   2.32713 -0.370289 -0.229229        -0        -0        -0        -0        -0        -0        -0        -0        -0        -0        -0        -0        -0        -0        -0
   2.5382   2.51202   0.56942   1.86779   2.14213  0.880354   1.21567 -0.456318 -0.541522  0.947789 -0.435023   2.57079   0.21423 -0.431365  0.771866        -0        -0        -0        -0        -0        -0        -0        -0        -0        -0        -0        -0        -0        -0        -0
 0.551197   1.03812   1.48057 -0.201854   1.29687  0.587879   2.93155  0.855618   1.20435  0.764412   2.57079   1.87653   1.73794 -0.836184   1.52304        -0        -0        -0        -0        -0        -0        -0        -0        -0        -0        -0        -0        -0        -0        -0
   2.41888    1.18299    1.48715 -0.0116972  0.0507745   0.629279    1.86866    2.26644    1.17296    2.32713    0.21423    1.73794     0.1446    2.50624    2.50871         -0         -0         -0         -0         -0         -0         -0         -0         -0         -0         -0         -0         -0         -0         -0
  1.35691   1.07453 -0.559465 -0.162521   1.87267   1.73741   1.42536   1.80422 -0.406975 -0.370289 -0.431365 -0.836184   2.50624   2.16889   1.91647        -0        -0        -0        -0        -0        -0        -0        -0        -0        -0        -0        -0        -0        -0        -0
    1.48138     1.58777 -0.00840549  -0.0314695     2.57607     1.04237     1.59781     1.44473     0.30881   -0.229229    0.771866     1.52304     2.50871     1.91647     2.04637          -0          -0          -0          -0          -0          -0          -0          -0          -0          -0          -0          -0          -0          -0          -0
       -0        -0        -0        -0        -0        -0        -0        -0        -0        -0        -0        -0        -0        -0        -0  -2.89202  -2.54549  -2.61343  -1.41501  -2.76001  0.875935  0.231993 -0.873421  -2.41342  -1.37365   -2.5382 -0.551197  -2.41888  -1.35691  -1.48138
         -0          -0          -0          -0          -0          -0          -0          -0          -0          -0          -0          -0          -0          -0          -0    -2.54549   -0.885072    -2.00393    0.871941    0.770299    -1.61095    -1.86539 -0.00485187    0.249208   -0.268263    -2.51202    -1.03812    -1.18299    -1.07453    -1.58777
        -0         -0         -0         -0         -0         -0         -0         -0         -0         -0         -0         -0         -0         -0         -0   -2.61343   -2.00393  -0.392897   -1.75754   -1.79213   -2.96562   0.783307  -0.885101   -2.32959   -2.24695   -0.56942   -1.48057   -1.48715   0.559465 0.00840549
       -0        -0        -0        -0        -0        -0        -0        -0        -0        -0        -0        -0        -0        -0        -0  -1.41501  0.871941  -1.75754  -1.80394 -0.152908   -1.8816  -2.56014 -0.839045  -2.63011  0.741251  -1.86779  0.201854 0.0116972  0.162521 0.0314695
        -0         -0         -0         -0         -0         -0         -0         -0         -0         -0         -0         -0         -0         -0         -0   -2.76001   0.770299   -1.79213  -0.152908  -0.554753  -0.414897   0.981706   -2.88645   0.689067   -2.10731   -2.14213   -1.29687 -0.0507745   -1.87267   -2.57607
       -0        -0        -0        -0        -0        -0        -0        -0        -0        -0        -0        -0        -0        -0        -0  0.875935  -1.61095  -2.96562   -1.8816 -0.414897  -2.67012 -0.771446      -2.3  -2.34788   -2.1334 -0.880354 -0.587879 -0.629279  -1.73741  -1.04237
       -0        -0        -0        -0        -0        -0        -0        -0        -0        -0        -0        -0        -0        -0        -0  0.231993  -1.86539  0.783307  -2.56014  0.981706 -0.771446  -1.26719 -0.509165 -0.401555  -2.55875  -1.21567  -2.93155  -1.86866  -1.42536  -1.59781
         -0          -0          -0          -0          -0          -0          -0          -0          -0          -0          -0          -0          -0          -0          -0   -0.873421 -0.00485187   -0.885101   -0.839045    -2.88645        -2.3   -0.509165    -1.69946    -1.57812    0.383526    0.456318   -0.855618    -2.26644    -1.80422    -1.44473
       -0        -0        -0        -0        -0        -0        -0        -0        -0        -0        -0        -0        -0        -0        -0  -2.41342  0.249208  -2.32959  -2.63011  0.689067  -2.34788 -0.401555  -1.57812  -2.73212 -0.832862  0.541522  -1.20435  -1.17296  0.406975  -0.30881
       -0        -0        -0        -0        -0        -0        -0        -0        -0        -0        -0        -0        -0        -0        -0  -1.37365 -0.268263  -2.24695  0.741251  -2.10731   -2.1334  -2.55875  0.383526 -0.832862 -0.715173 -0.947789 -0.764412  -2.32713  0.370289  0.229229
       -0        -0        -0        -0        -0        -0        -0        -0        -0        -0        -0        -0        -0        -0        -0   -2.5382  -2.51202  -0.56942  -1.86779  -2.14213 -0.880354  -1.21567  0.456318  0.541522 -0.947789  0.435023  -2.57079  -0.21423  0.431365 -0.771866
       -0        -0        -0        -0        -0        -0        -0        -0        -0        -0        -0        -0        -0        -0        -0 -0.551197  -1.03812  -1.48057  0.201854  -1.29687 -0.587879  -2.93155 -0.855618  -1.20435 -0.764412  -2.57079  -1.87653  -1.73794  0.836184  -1.52304
        -0         -0         -0         -0         -0         -0         -0         -0         -0         -0         -0         -0         -0         -0         -0   -2.41888   -1.18299   -1.48715  0.0116972 -0.0507745  -0.629279   -1.86866   -2.26644   -1.17296   -2.32713   -0.21423   -1.73794    -0.1446   -2.50624   -2.50871
      -0       -0       -0       -0       -0       -0       -0       -0       -0       -0       -0       -0       -0       -0       -0 -1.35691 -1.07453 0.559465 0.162521 -1.87267 -1.73741 -1.42536 -1.80422 0.406975 0.370289 0.431365 0.836184 -2.50624 -2.16889 -1.91647
        -0         -0         -0         -0         -0         -0         -0         -0         -0         -0         -0         -0         -0         -0         -0   -1.48138   -1.58777 0.00840549  0.0314695   -2.57607   -1.04237   -1.59781   -1.44473   -0.30881   0.229229  -0.771866   -1.52304   -2.50871   -1.91647   -2.04637
 0.911121  -0.34549   1.56669 -0.619319    1.0948 -0.321165   2.02891 -0.989431   2.68299  0.945689   1.42745   2.17382  0.997381   2.75397   1.64713        -0        -0        -0        -0        -0        -0        -0        -0        -0        -0        -0        -0        -0        -0        -0
  -0.34549    2.15354 -0.0895173  -0.466298 -0.0474216   0.026313    1.43719   0.990854    2.56076  -0.785847    2.95136    0.21807    1.20836    2.85042  -0.549504         -0         -0         -0         -0         -0         -0         -0         -0         -0         -0         -0         -0         -0         -0         -0
   1.56669 -0.0895173   0.105597  -0.255709    1.98675  0.0462695    2.29838  -0.267923  -0.145428  -0.926608  -0.137336    0.40335    2.37915   0.687453   0.179157         -0         -0         -0         -0         -0         -0         -0         -0         -0         -0         -0         -0         -0         -0         -0
-0.619319 -0.466298 -0.255709  0.503766   2.20039  0.423126   1.01565 0.0568389   1.98138   1.67777   2.28202   2.24721   1.86004  0.157318   1.02628        -0        -0        -0        -0        -0        -0        -0        -0        -0        -0        -0        -0        -0        -0        -0
    1.0948 -0.0474216    1.98675    2.20039  -0.359834    1.53008   0.637586    2.41398   0.576414   0.270992    1.93274    2.89584   0.490377    2.09763    2.31054         -0         -0         -0         -0         -0         -0         -0         -0         -0         -0         -0         -0         -0         -0         -0
-0.321165  0.026313 0.0462695  0.423126   1.53008   2.22608   2.93855   2.26216   1.49216   2.48737   1.43908   1.67434   1.31189  0.583289   1.66953        -0        -0        -0        -0        -0        -0        -0        -0        -0        -0        -0        -0        -0        -0        -0
  2.02891   1.43719   2.29838   1.01565  0.637586   2.93855  -0.73546 -0.717085   1.91993  0.939922  0.774177   1.73458  0.299123   2.83166 -0.661836        -0        -0        -0        -0        -0        -0        -0        -0        -0        -0        -0        -0        -0        -0        -0
-0.989431  0.990854 -0.267923 0.0568389   2.41398   2.26216 -0.717085  0.703471  0.840954  0.553907  0.852661  0.835758   2.26455  0.832215 -0.390336        -0        -0        -0        -0        -0        -0        -0        -0        -0        -0        -0        -0        -0        -0        -0
  2.68299   2.56076 -0.145428   1.98138  0.576414   1.49216   1.91993  0.840954   1.54659  0.190842 -0.719967 -0.771751 -0.835452   2.41905  0.934089        -0        -0        -0        -0        -0        -0        -0        -0        -0        -0        -0        -0        -0        -0        -0
 0.945689 -0.785847 -0.926608   1.67777  0.270992   2.48737  0.939922  0.553907  0.190842  0.935084 -0.679237   2.92542  0.579156 -0.940091 -0.497288        -0        -0        -0        -0        -0        -0        -0        -0        -0        -0        -0        -0        -0        -0        -0
  1.42745   2.95136 -0.137336   2.28202   1.93274   1.43908  0.774177  0.852661 -0.719967 -0.679237 0.0324548   2.77084   2.58532  0.757639   1.18882        -0        -0        -0        -0        -0        -0        -0        -0        -0        -0        -0        -0        -0        -0        -0
  2.17382   0.21807   0.40335   2.24721   2.89584   1.67434   1.73458  0.835758 -0.771751   2.92542   2.77084   2.15943  0.197003   2.18989  0.519406        -0        -0        -0        -0        -0        -0        -0        -0        -0        -0        -0        -0        -0        -0        -0
