30
1
30
 -0.225038   0.269271  -0.406148  -0.336341    0.10478   0.196063    0.08597  -0.144038   0.202652 -0.0189143  -0.270966  -0.208072  -0.181118  0.0420091  -0.156398   0.110553  0.0846933  0.0288503  -0.330134  0.0100291   0.261858  -0.098401  0.0364515   0.108442   0.129919  0.0248589   0.116994   0.109528 -0.0645107  -0.189843
-104.515 -44.2576 -68.0846 -24.2597 -37.2315 -50.6055 -29.1364 -18.0002 -31.4119 -49.1942 -24.6684 -35.4025 -41.0333 -19.3399 -30.1545 -27.7265 -48.7985 -36.6584  -34.862 -56.2447 -64.3881 -25.7816 -46.9375 -36.4645 -26.6238 -59.0752 -43.5325 -35.8747 -60.7603 -31.7095
-44.2576 -73.1217 -50.4134 -16.1169  -4.5908 -33.4401 -15.4844 -21.8793 -42.4295  -47.756 -11.7885 -24.6003 -42.1248 -13.6728 -23.9896 -19.1596 -46.8364 -33.4045 -10.6285 -22.5118 -46.7053 -28.3468 -38.8276 -25.5541  -25.215 -22.2637 -24.4555 -31.6041 -32.3517 -39.5752
-68.0846 -50.4134  -91.434 -24.3532 -32.5078 -43.2835 -24.5859 -22.4907 -46.3233 -58.4592 -20.3353 -23.3877 -53.0598 -29.3074 -41.2271 -24.5057 -49.8089  -31.856 -39.0335 -53.2999 -62.5036 -35.9857 -44.1853 -33.1621 -29.6783 -42.3216 -37.2548 -46.4258 -54.2865 -34.3227
 -24.2597  -16.1169  -24.3532  -39.1003  -3.79044  -13.5319  -9.04062  -10.7919  -4.64094  -16.1096   -2.4778  -2.07933  -15.1623   -4.0361  -17.3831  -12.1916  -19.2015   -11.898 -0.283847   -27.744  -29.5242  -11.1831  -17.5612  -16.8162   -17.009  -17.8069  -6.74323  -19.1731    -21.51  -7.87373
-37.2315  -4.5908 -32.5078 -3.79044 -55.0148 -25.1357 -12.2154 -5.26911 -17.3448 -16.8418 -12.7894 -23.2181 -15.0215 -23.0216 -20.6678 -3.93602 -24.3286 -16.2229  -15.369 -18.0859 -28.4092 -6.44015 -11.7212 -22.7954  2.46655 -35.5078 -17.6234 -16.1595 -21.3711  4.08801
-50.6055 -33.4401 -43.2835 -13.5319 -25.1357 -80.1352 -24.3585  -8.5233 -27.7194 -38.0323 -11.1478 -37.7232  -37.154 -1.75405  -35.654  -23.207 -32.8369 -19.2979 -30.1326  -15.779 -43.9089 -14.6737 -32.3015 -29.2415 -29.5293 -38.1938 -20.7965 -38.0244 -33.7022 -27.6221
-29.1364 -15.4844 -24.5859 -9.04062 -12.2154 -24.3585 -56.4544 -4.92178 -9.29184 -36.9162 -3.39169 -20.0688 -27.2071 -24.2699 -14.3563 -25.2258 -16.8999 -8.47747 -13.7808 -34.5194 -27.3201 -21.0248 -27.0817 -18.0777 -29.5248 -17.6353  -31.231 -14.9399 -28.2963 -26.1776
-18.0002 -21.8793 -22.4907 -10.7919 -5.26911  -8.5233 -4.92178 -47.9069 -14.8511 -26.3538 -8.28019 -20.3067 -33.1177 -5.66111 -4.47029 -9.90101 -36.2325 -24.9586  -12.622  -13.602 -29.1141 -12.3626 -5.84258 -29.7371 -18.5785 -15.6874 -14.7893 -11.1884 -5.89895 -13.6242
 -31.4119  -42.4295  -46.3233  -4.64094  -17.3448  -27.7194  -9.29184  -14.8511  -64.3295  -30.2187   -11.187  -20.5004  -26.1298  -19.0732  -22.3566 -0.180112  -34.9717  -21.6245  -19.4977  -6.76092  -42.0527  -27.0525   -30.249  -23.0503  -6.72037  -25.0695  -19.0015  -17.0086  -14.5266  -21.2789
-49.1942  -47.756 -58.4592 -16.1096 -16.8418 -38.0323 -36.9162 -26.3538 -30.2187 -94.2014 -13.3564  -31.696  -51.701 -16.2296 -22.9699 -25.5256  -45.765 -23.2239 -28.4364 -45.3152 -53.8044 -29.5445 -38.7254 -37.7814 -34.1826 -31.3473  -47.307 -43.2856 -43.7818  -47.951
-24.6684 -11.7885 -20.3353  -2.4778 -12.7894 -11.1478 -3.39169 -8.28019  -11.187 -13.3564  -42.464 -16.6723 -24.8142 -6.77967 -4.91638 -3.73214 -28.2102 -19.9088 -9.52532 -11.7613 -9.87886  -8.0899 -15.0029 -16.0753 -7.01868 -16.0825 -21.6465 -14.8616 -18.4654 -3.03783
-35.4025 -24.6003 -23.3877 -2.07933 -23.2181 -37.7232 -20.0688 -20.3067 -20.5004  -31.696 -16.6723 -65.2086 -25.4725 -7.01796 -24.6613 -9.11609 -39.6295 -24.5191 -14.6798 -15.2917 -41.8364 -10.6219  -8.5034 -19.9903  -7.8067 -21.4002  -24.229 -19.5227 -15.0585 -6.01078
-41.0333 -42.1248 -53.0598 -15.1623 -15.0215  -37.154 -27.2071 -33.1177 -26.1298  -51.701 -24.8142 -25.4725 -93.1265 -13.8071 -25.0663  -28.478  -57.618 -28.6858 -28.4649 -37.2971 -58.1443 -34.8169 -37.8824 -36.7634 -36.4873 -30.2766  -37.534 -34.9403 -44.5842 -46.5807
-19.3399 -13.6728 -29.3074  -4.0361 -23.0216 -1.75405 -24.2699 -5.66111 -19.0732 -16.2296 -6.77967 -7.01796 -13.8071 -52.2846 -10.0132 -7.80032 -19.8606 -16.5857 -2.34547 -35.4741 -16.4386 -22.7124 -9.14995 -19.8323  -7.5406 -25.7403  -22.817 -13.3216 -18.7916 -11.2484
-30.1545 -23.9896 -41.2271 -17.3831 -20.6678  -35.654 -14.3563 -4.47029 -22.3566 -22.9699 -4.91638 -24.6613 -25.0663 -10.0132  -54.494 -18.1022 -18.3885  -7.9658 -12.3664  -26.069 -39.4041 -17.3232 -16.6267  -14.878 -11.4665 -23.9191 -20.8554 -26.6916 -26.9514 -8.25918
 -27.7265  -19.1596  -24.5057  -12.1916  -3.93602   -23.207  -25.2258  -9.90101 -0.180112  -25.5256  -3.73214  -9.11609   -28.478  -7.80032  -18.1022  -37.8677  -19.6113  -6.02083  -15.7905  -28.0915  -20.2489  -19.9379  -23.5605  -19.4831  -20.0281  -22.5929  -20.1892  -21.7836  -24.1116  -19.5967
-48.7985 -46.8364 -49.8089 -19.2015 -24.3286 -32.8369 -16.8999 -36.2325 -34.9717  -45.765 -28.2102 -39.6295  -57.618 -19.8606 -18.3885 -19.6113 -73.4281 -33.0646 -22.2804 -31.3643 -51.1026 -30.1398  -31.588 -39.6899 -23.9262 -32.6768 -26.0144 -35.4163 -37.7892 -24.8904
-36.6584 -33.4045  -31.856  -11.898 -16.2229 -19.2979 -8.47747 -24.9586 -21.6245 -23.2239 -19.9088 -24.5191 -28.6858 -16.5857  -7.9658 -6.02083 -33.0646 -67.6621 -8.08793  -26.222 -23.3961 -20.4861 -20.9787 -35.1797 -4.94255 -30.7814 -23.5897 -18.2366 -16.3757 -22.0354
  -34.862  -10.6285  -39.0335 -0.283847   -15.369  -30.1326  -13.7808   -12.622  -19.4977  -28.4364  -9.52532  -14.6798  -28.4649  -2.34547  -12.3664  -15.7905  -22.2804  -8.08793  -63.4101  -19.3366  -16.0949  -21.3968  -21.2398  -17.8318   -15.254  -27.1797  -16.4811  -30.2851  -19.8127  -19.0946
-56.2447 -22.5118 -53.2999  -27.744 -18.0859  -15.779 -34.5194  -13.602 -6.76092 -45.3152 -11.7613 -15.2917 -37.2971 -35.4741  -26.069 -28.0915 -31.3643  -26.222 -19.3366 -79.6242 -43.3355 -33.3167 -23.6329 -28.0369 -23.1228 -37.1518 -34.7563 -34.5599 -55.8189 -26.6464
-64.3881 -46.7053 -62.5036 -29.5242 -28.4092 -43.9089 -27.3201 -29.1141 -42.0527 -53.8044 -9.87886 -41.8364 -58.1443 -16.4386 -39.4041 -20.2489 -51.1026 -23.3961 -16.0949 -43.3355 -101.494 -28.9758 -32.7344 -29.6494 -27.5747 -45.6653 -36.4148 -29.8228 -44.3121 -29.6957
-25.7816 -28.3468 -35.9857 -11.1831 -6.44015 -14.6737 -21.0248 -12.3626 -27.0525 -29.5445  -8.0899 -10.6219 -34.8169 -22.7124 -17.3232 -19.9379 -30.1398 -20.4861 -21.3968 -33.3167 -28.9758 -49.7193  -28.799 -30.7711 -14.0706 -38.2587 -23.8366 -27.1524 -29.2916 -24.5551
-46.9375 -38.8276 -44.1853 -17.5612 -11.7212 -32.3015 -27.0817 -5.84258  -30.249 -38.7254 -15.0029  -8.5034 -37.8824 -9.14995 -16.6267 -23.5605  -31.588 -20.9787 -21.2398 -23.6329 -32.7344  -28.799 -62.0004 -28.9499 -21.8008  -29.265 -31.4445 -24.5934  -31.808   -32.67
-36.4645 -25.5541 -33.1621 -16.8162 -22.7954 -29.2415 -18.0777 -29.7371 -23.0503 -37.7814 -16.0753 -19.9903 -36.7634 -19.8323  -14.878 -19.4831 -39.6899 -35.1797 -17.8318 -28.0369 -29.6494 -30.7711 -28.9499 -62.1766 -12.5723 -47.3567 -34.8331 -36.5238 -22.0335 -25.9712
-26.6238  -25.215 -29.6783  -17.009  2.46655 -29.5293 -29.5248 -18.5785 -6.72037 -34.1826 -7.01868  -7.8067 -36.4873  -7.5406 -11.4665 -20.0281 -23.9262 -4.94255  -15.254 -23.1228 -27.5747 -14.0706 -21.8008 -12.5723  -54.553 -17.4381 -18.8113 -17.4666 -30.6198  -29.652
-59.0752 -22.2637 -42.3216 -17.8069 -35.5078 -38.1938 -17.6353 -15.6874 -25.0695 -31.3473 -16.0825 -21.4002 -30.2766 -25.7403 -23.9191 -22.5929 -32.6768 -30.7814 -27.1797 -37.1518 -45.6653 -38.2587  -29.265 -47.3567 -17.4381 -92.3128  -38.208 -31.2932 -32.3259 -16.6716
-43.5325 -24.4555 -37.2548 -6.74323 -17.6234 -20.7965  -31.231 -14.7893 -19.0015  -47.307 -21.6465  -24.229  -37.534  -22.817 -20.8554 -20.1892 -26.0144 -23.5897 -16.4811 -34.7563 -36.4148 -23.8366 -31.4445 -34.8331 -18.8113  -38.208 -60.6713 -26.7012 -24.1723 -31.6216
-35.8747 -31.6041 -46.4258 -19.1731 -16.1595 -38.0244 -14.9399 -11.1884 -17.0086 -43.2856 -14.8616 -19.5227 -34.9403 -13.3216 -26.6916 -21.7836 -35.4163 -18.2366 -30.2851 -34.5599 -29.8228 -27.1524 -24.5934 -36.5238 -17.4666 -31.2932 -26.7012 -66.3167 -37.5446 -27.9983
-60.7603 -32.3517 -54.2865   -21.51 -21.3711 -33.7022 -28.2963 -5.89895 -14.5266 -43.7818 -18.4654 -15.0585 -44.5842 -18.7916 -26.9514 -24.1116 -37.7892 -16.3757 -19.8127 -55.8189 -44.3121 -29.2916  -31.808 -22.0335 -30.6198 -32.3259 -24.1723 -37.5446 -71.9561   -29.01
-31.7095 -39.5752 -34.3227 -7.87373  4.08801 -27.6221 -26.1776 -13.6242 -21.2789  -47.951 -3.03783 -6.01078 -46.5807 -11.2484 -8.25918 -19.5967 -24.8904 -22.0354 -19.0946 -26.6464 -29.6957 -24.5551   -32.67 -25.9712  -29.652 -16.6716 -31.6216 -27.9983   -29.01 -57.1794
  1.91453   1.01853   1.29083   2.22604   1.50016   2.92185   2.81432  0.758896 -0.931025   1.95221  0.616593  0.304138  0.732375   1.37921 -0.213757        -0        -0        -0        -0        -0        -0        -0        -0        -0        -0        -0        -0        -0        -0        -0
   1.01853  -0.856783    2.75525    1.26492 -0.0367676    2.73609    2.87156    1.59579     1.6162    2.02665  -0.878917    2.24004    1.24202   0.147538    2.01931         -0         -0         -0         -0         -0         -0         -0         -0         -0         -0         -0         -0         -0         -0         -0
  1.29083   2.75525   1.38842   2.22551 -0.504472   1.39186   2.46327 -0.258935    2.6871   2.50761   1.95002   2.69066   1.26631 -0.323604 -0.231025        -0        -0        -0        -0        -0        -0        -0        -0        -0        -0        -0        -0        -0        -0        -0
  2.22604   1.26492   2.22551 -0.636287 -0.111425   2.14736 -0.690149 -0.849241   2.53225   2.69328  0.303696 -0.188256 -0.317608   1.06988   2.05255        -0        -0        -0        -0        -0        -0        -0        -0        -0        -0        -0        -0        -0        -0        -0
   1.50016 -0.0367676  -0.504472  -0.111425    1.23945  -0.900201  -0.239864   0.743145    1.92605    2.17741    2.65333    1.93331    2.54571   0.959282    2.70171         -0         -0         -0         -0         -0         -0         -0         -0         -0         -0         -0         -0         -0         -0         -0
  2.92185   2.73609   1.39186   2.14736 -0.900201  0.413712  0.702718 -0.159135 -0.552761   0.25075  0.876064   1.86807  0.919642   2.60971 -0.685314        -0        -0        -0        -0        -0        -0        -0        -0        -0        -0        -0        -0        -0        -0        -0
   2.81432    2.87156    2.46327  -0.690149  -0.239864   0.702718    1.95836   0.564471   0.234965  -0.465858   0.750935    1.06249    1.55846 -0.0620523  -0.027804         -0         -0         -0         -0         -0         -0         -0         -0         -0         -0         -0         -0         -0         -0         -0
 0.758896   1.59579 -0.258935 -0.849241  0.743145 -0.159135  0.564471 -0.446637  0.884406 -0.258124 -0.111704   2.46746  0.296646 -0.978224   1.26016        -0        -0        -0        -0        -0        -0        -0        -0        -0        -0        -0        -0        -0        -0        -0
-0.931025    1.6162    2.6871   2.53225   1.92605 -0.552761  0.234965  0.884406 -0.596499  0.804114   2.76047   2.60995   1.80794   2.07717  0.611332        -0        -0        -0        -0        -0        -0        -0        -0        -0        -0        -0        -0        -0        -0        -0
  1.95221   2.02665   2.50761   2.69328   2.17741   0.25075 -0.465858 -0.258124  0.804114   2.35691   1.15444   2.86661   1.31893 -0.452106   2.78013        -0        -0        -0        -0        -0        -0        -0        -0        -0        -0        -0        -0        -0        -0        -0
 0.616593 -0.878917   1.95002  0.303696   2.65333  0.876064  0.750935 -0.111704   2.76047   1.15444   1.34059   1.82437   2.45108   2.88838 -0.420912        -0        -0        -0        -0        -0        -0        -0        -0        -0        -0        -0        -0        -0        -0        -0
 0.304138   2.24004   2.69066 -0.188256   1.93331   1.86807   1.06249   2.46746   2.60995   2.86661   1.82437   1.09312  0.148531  0.901538  0.062414        -0        -0        -0        -0        -0        -0        -0        -0        -0        -0        -0        -0        -0        -0        -0
  0.732375    1.24202    1.26631  -0.317608    2.54571   0.919642    1.55846   0.296646    1.80794    1.31893    2.45108   0.148531   0.715194    1.64101 -0.0713355         -0         -0         -0         -0         -0         -0         -0         -0         -0         -0         -0         -0         -0         -0         -0
   1.37921   0.147538  -0.323604    1.06988   0.959282    2.60971 -0.0620523  -0.978224    2.07717  -0.452106    2.88838   0.901538    1.64101   0.286939    1.29428         -0         -0         -0         -0         -0         -0         -0         -0         -0         -0         -0         -0         -0         -0         -0
 -0.213757    2.01931  -0.231025    2.05255    2.70171  -0.685314  -0.027804    1.26016   0.611332    2.78013  -0.420912   0.062414 -0.0713355    1.29428 -0.0941858         -0         -0         -0         -0         -0         -0         -0         -0         -0         -0         -0         -0         -0         -0         -0
       -0        -0        -0        -0        -0        -0        -0        -0        -0        -0        -0        -0        -0        -0        -0  -1.91453  -1.01853  -1.29083  -2.22604  -1.50016  -2.92185  -2.81432 -0.758896  0.931025  -1.95221 -0.616593 -0.304138 -0.732375  -1.37921  0.213757
       -0        -0        -0        -0        -0        -0        -0        -0        -0        -0        -0        -0        -0        -0        -0  -1.01853  0.856783  -2.75525  -1.26492 0.0367676  -2.73609  -2.87156  -1.59579   -1.6162  -2.02665  0.878917  -2.24004  -1.24202 -0.147538  -2.01931
      -0       -0       -0       -0       -0       -0       -0       -0       -0       -0       -0       -0       -0       -0       -0 -1.29083 -2.75525 -1.38842 -2.22551 0.504472 -1.39186 -2.46327 0.258935  -2.6871 -2.50761 -1.95002 -2.69066 -1.26631 0.323604 0.231025
       -0        -0        -0        -0        -0        -0        -0        -0        -0        -0        -0        -0        -0        -0        -0  -2.22604  -1.26492  -2.22551  0.636287  0.111425  -2.14736  0.690149  0.849241  -2.53225  -2.69328 -0.303696  0.188256  0.317608  -1.06988  -2.05255
       -0        -0        -0        -0        -0        -0        -0        -0        -0        -0        -0        -0        -0        -0        -0  -1.50016 0.0367676  0.504472  0.111425  -1.23945  0.900201  0.239864 -0.743145  -1.92605  -2.17741  -2.65333  -1.93331  -2.54571 -0.959282  -2.70171
       -0        -0        -0        -0        -0        -0        -0        -0        -0        -0        -0        -0        -0        -0        -0  -2.92185  -2.73609  -1.39186  -2.14736  0.900201 -0.413712 -0.702718  0.159135  0.552761  -0.25075 -0.876064  -1.86807 -0.919642  -2.60971  0.685314
       -0        -0        -0        -0        -0        -0        -0        -0        -0        -0        -0        -0        -0        -0        -0  -2.81432  -2.87156  -2.46327  0.690149  0.239864 -0.702718  -1.95836 -0.564471 -0.234965  0.465858 -0.750935  -1.06249  -1.55846 0.0620523  0.027804
       -0        -0        -0        -0        -0        -0        -0        -0        -0        -0        -0        -0        -0        -0        -0 -0.758896  -1.59579  0.258935  0.849241 -0.743145  0.159135 -0.564471  0.446637 -0.884406  0.258124  0.111704  -2.46746 -0.296646  0.978224  -1.26016
       -0        -0        -0        -0        -0        -0        -0        -0        -0        -0        -0        -0        -0        -0        -0  0.931025   -1.6162   -2.6871  -2.53225  -1.92605  0.552761 -0.234965 -0.884406  0.596499 -0.804114  -2.76047  -2.60995  -1.80794  -2.07717 -0.611332
       -0        -0        -0        -0        -0        -0        -0        -0        -0        -0        -0        -0        -0        -0        -0  -1.95221  -2.02665  -2.50761  -2.69328  -2.17741  -0.25075  0.465858  0.258124 -0.804114  -2.35691  -1.15444  -2.86661  -1.31893  0.452106  -2.78013
       -0        -0        -0        -0        -0        -0        -0        -0        -0        -0        -0        -0        -0        -0        -0 -0.616593  0.878917  -1.95002 -0.303696  -2.65333 -0.876064 -0.750935  0.111704  -2.76047  -1.15444  -1.34059  -1.82437  -2.45108  -2.88838  0.420912
       -0        -0        -0        -0        -0        -0        -0        -0        -0        -0        -0        -0        -0        -0        -0 -0.304138  -2.24004  -2.69066  0.188256  -1.93331  -1.86807  -1.06249  -2.46746  -2.60995  -2.86661  -1.82437  -1.09312 -0.148531 -0.901538 -0.062414
       -0        -0        -0        -0        -0        -0        -0        -0        -0        -0        -0        -0        -0        -0        -0 -0.732375  -1.24202  -1.26631  0.317608  -2.54571 -0.919642  -1.55846 -0.296646  -1.80794  -1.31893  -2.45108 -0.148531 -0.715194  -1.64101 0.0713355
       -0        -0        -0        -0        -0        -0        -0        -0        -0        -0        -0        -0        -0        -0        -0  -1.37921 -0.147538  0.323604  -1.06988 -0.959282  -2.60971 0.0620523  0.978224  -2.07717  0.452106  -2.88838 -0.901538  -1.64101 -0.286939  -1.29428
       -0        -0        -0        -0        -0        -0        -0        -0        -0        -0        -0        -0        -0        -0        -0  0.213757  -2.01931  0.231025  -2.05255  -2.70171  0.685314  0.027804  -1.26016 -0.611332  -2.78013  0.420912 -0.062414 0.0713355  -1.29428 0.0941858
  1.36502   1.15679   1.82001   1.05294 -0.762051   1.27295   1.05736 -0.681333   2.62968   2.98178   2.84504 -0.753274 -0.942359  0.963292   1.95309        -0        -0        -0        -0        -0        -0        -0        -0        -0        -0        -0        -0        -0        -0        -0
  1.15679   2.65647   1.75504   2.96251   2.71473  0.290642  0.600637  0.936585 0.0287529   2.02472    2.6574   2.60474   0.30962   2.20235   2.60803        -0        -0        -0        -0        -0        -0        -0        -0        -0        -0        -0        -0        -0        -0        -0
 1.82001  1.75504 0.737781  1.91838  2.91505   1.1032  1.71015  2.69518  1.20553  1.06796 0.216716 0.161805   1.5469 0.452863  2.95966       -0       -0       -0       -0       -0       -0       -0       -0       -0       -0       -0       -0       -0       -0       -0
 1.05294  2.96251  1.91838  1.28199 0.975729 0.191333 0.972408  1.42187  1.33983  2.67696  1.05057  1.31469 0.274357   2.1251 0.499991       -0       -0       -0       -0       -0       -0       -0       -0       -0       -0       -0       -0       -0       -0       -0
-0.762051   2.71473   2.91505  0.975729 -0.411909   2.57263   2.57637   2.12792   2.00116  0.446588  0.997233    2.2817   2.36019  0.517035 -0.117615        -0        -0        -0        -0        -0        -0        -0        -0        -0        -0        -0        -0        -0        -0        -0
    1.27295    0.290642      1.1032    0.191333     2.57263 -0.00852708     2.29824     2.26781    0.781895    0.195879   -0.782124     1.60839   -0.455867   -0.265433     2.31985          -0          -0          -0          -0          -0          -0          -0          -0          -0          -0          -0          -0          -0          -0          -0
 1.05736 0.600637  1.71015 0.972408  2.57637  2.29824  2.68391  2.41334 0.638076  1.94477  2.83247  2.51057 0.492233 0.733489  1.04412       -0       -0       -0       -0       -0       -0       -0       -0       -0       -0       -0       -0       -0       -0       -0
-0.681333  0.936585   2.69518   1.42187   2.12792   2.26781   2.41334   0.94666   1.68507 -0.140074   2.63531   1.22647   2.19266 0.0276017   1.37462        -0        -0        -0        -0        -0        -0        -0        -0        -0        -0        -0        -0        -0        -0        -0
  2.62968 0.0287529   1.20553   1.33983   2.00116  0.781895  0.638076   1.68507   2.81514   2.14254   1.90295   2.46832 -0.820558   1.96104   1.51251        -0        -0        -0        -0        -0        -0        -0        -0        -0        -0        -0        -0        -0        -0        -0
  2.98178   2.02472   1.06796   2.67696  0.446588  0.195879   1.94477 -0.140074   2.14254   2.99795   2.64761   1.65311 -0.604817  0.201806   1.22357        -0        -0        -0        -0        -0        -0        -0        -0        -0        -0        -0        -0        -0        -0        -0
  2.84504    2.6574  0.216716   1.05057  0.997233 -0.782124   2.83247   2.63531   1.90295   2.64761   1.04572   1.22442   1.84027   2.68071    1.7698        -0        -0        -0        -0        -0        -0        -0        -0        -0        -0        -0        -0        -0        -0        -0
-0.753274   2.60474  0.161805   1.31469    2.2817   1.60839   2.51057   1.22647   2.46832   1.65311   1.22442   1.86178   1.22516  0.185465  0.352784        -0        -0        -0        -0        -0        -0        -0        -0        -0        -0        -0        -0        -0        -0        -0
-0.942359   0.30962    1.5469  0.274357   2.36019 -0.455867  0.492233   2.19266 -0.820558 -0.604817   1.84027   1.22516   2.82621 -0.936411 -0.551274        -0        -0        -0        -0        -0        -0        -0        -0        -0        -0        -0        -0        -0        -0        -0
 0.963292   2.20235  0.452863    2.1251  0.517035 -0.265433  0.733489 0.0276017   1.96104  0.201806   2.68071  0.185465 -0.936411   2.55039   1.59601        -0        -0        -0        -0        -0        -0        -0        -0        -0        -0        -0        -0        -0        -0        -0
  1.95309   2.60803   2.95966  0.499991 -0.117615   2.31985   1.04412   1.37462   1.51251   1.22357    1.7698  0.352784 -0.551274   1.59601 -0.691595        -0        -0        -0        -0        -0        -0        -0        -0        -0        -0        -0        -0        -0        -0        -0
       -0        -0        -0        -0        -0        -0        -0        -0        -0        -0        -0        -0        -0        -0        -0  -1.36502  -1.15679  -1.82001  -1.05294  0.762051  -1.27295  -1.05736  0.681333  -2.62968  -2.98178  -2.84504  0.753274  0.942359 -0.963292  -1.95309
        -0         -0         -0         -0         -0         -0         -0         -0         -0         -0         -0         -0         -0         -0         -0   -1.15679   -2.65647   -1.75504   -2.96251   -2.71473  -0.290642  -0.600637  -0.936585 -0.0287529   -2.02472    -2.6574   -2.60474   -0.30962   -2.20235   -2.60803
       -0        -0        -0        -0        -0        -0        -0        -0        -0        -0        -0        -0        -0        -0        -0  -1.82001  -1.75504 -0.737781  -1.91838  -2.91505   -1.1032  -1.71015  -2.69518  -1.20553  -1.06796 -0.216716 -0.161805   -1.5469 -0.452863  -2.95966
       -0        -0        -0        -0        -0        -0        -0        -0        -0        -0        -0        -0        -0        -0        -0  -1.05294  -2.96251  -1.91838  -1.28199 -0.975729 -0.191333 -0.972408  -1.42187  -1.33983  -2.67696  -1.05057  -1.31469 -0.274357   -2.1251 -0.499991
       -0        -0        -0        -0        -0        -0        -0        -0        -0        -0        -0        -0        -0        -0        -0  0.762051  -2.71473  -2.91505 -0.975729  0.411909  -2.57263  -2.57637  -2.12792  -2.00116 -0.446588 -0.997233   -2.2817  -2.36019 -0.517035  0.117615
        -0         -0         -0         -0         -0         -0         -0         -0         -0         -0         -0         -0         -0         -0         -0   -1.27295  -0.290642    -1.1032  -0.191333   -2.57263 0.00852708   -2.29824   -2.26781  -0.781895  -0.195879   0.782124   -1.60839   0.455867   0.265433   -2.31985
       -0        -0        -0        -0        -0        -0        -0        -0        -0        -0        -0        -0        -0        -0        -0  -1.05736 -0.600637  -1.71015 -0.972408  -2.57637  -2.29824  -2.68391  -2.41334 -0.638076  -1.94477  -2.83247  -2.51057 -0.492233 -0.733489  -1.04412
        -0         -0         -0         -0         -0         -0         -0         -0         -0         -0         -0         -0         -0         -0         -0   0.681333  -0.936585   -2.69518   -1.42187   -2.12792   -2.26781   -2.41334   -0.94666   -1.68507   0.140074   -2.63531   -1.22647   -2.19266 -0.0276017   -1.37462
        -0         -0         -0         -0         -0         -0         -0         -0         -0         -0         -0         -0         -0         -0         -0   -2.62968 -0.0287529   -1.20553   -1.33983   -2.00116  -0.781895  -0.638076   -1.68507   -2.81514   -2.14254   -1.90295   -2.46832   0.820558   -1.96104   -1.51251
       -0        -0        -0        -0        -0        -0        -0        -0        -0        -0        -0        -0        -0        -0        -0  -2.98178  -2.02472  -1.06796  -2.67696 -0.446588 -0.195879  -1.94477  0.140074  -2.14254  -2.99795  -2.64761  -1.65311  0.604817 -0.201806  -1.22357
       -0        -0        -0        -0        -0        -0        -0        -0        -0        -0        -0        -0        -0        -0        -0  -2.84504   -2.6574 -0.216716  -1.05057 -0.997233  0.782124  -2.83247  -2.63531  -1.90295  -2.64761  -1.04572  -1.22442  -1.84027  -2.68071   -1.7698
       -0        -0        -0        -0        -0        -0        -0        -0        -0        -0        -0        -0        -0        -0        -0  0.753274  -2.60474 -0.161805  -1.31469   -2.2817  -1.60839  -2.51057  -1.22647  -2.46832  -1.65311  -1.22442  -1.86178  -1.22516 -0.185465 -0.352784
       -0        -0        -0        -0        -0        -0        -0        -0        -0        -0        -0        -0        -0        -0        -0  0.942359  -0.30962   -1.5469 -0.274357  -2.36019  0.455867 -0.492233  -2.19266  0.820558  0.604817  -1.84027  -1.22516  -2.82621  0.936411  0.551274
        -0         -0         -0         -0         -0         -0         -0         -0         -0         -0         -0         -0         -0         -0         -0  -0.963292   -2.20235  -0.452863    -2.1251  -0.517035   0.265433  -0.733489 -0.0276017   -1.96104  -0.201806   -2.68071  -0.185465   0.936411   -2.55039   -1.59601
       -0        -0        -0        -0        -0        -0        -0        -0        -0        -0        -0        -0        -0        -0        -0  -1.95309  -2.60803  -2.95966 -0.499991  0.117615  -2.31985  -1.04412  -1.37462  -1.51251  -1.22357   -1.7698 -0.352784  0.551274  -1.59601  0.691595
   1.29685    2.28082    1.73404  -0.649452    2.61212 -0.0907844     1.2484    1.32217    2.90744    2.29823  -0.413733  -0.927252    1.36851   0.986285  -0.301708         -0         -0         -0         -0         -0         -0         -0         -0         -0         -0         -0         -0         -0         -0         -0
  2.28082  0.636374   1.14963  0.740545   0.77389 -0.966158  0.181244   1.28502    2.1167  0.224229 0.0823983   2.65653   1.99015   1.08454   2.25441        -0        -0        -0        -0        -0        -0        -0        -0        -0        -0        -0        -0        -0        -0        -0
  1.73404   1.14963   1.07663   1.11827   2.84159   1.15376 -0.895896   2.75041   2.55488  0.353958 -0.442017   2.92167 -0.212215    2.9015   1.97507        -0        -0        -0        -0        -0        -0        -0        -0        -0        -0        -0        -0        -0        -0        -0
-0.649452  0.740545   1.11827   0.24506  0.688752   2.02749   1.08999 -0.524071 -0.988455   2.04864 -0.858856  0.426706   1.92649  0.907954  0.486077        -0        -0        -0        -0        -0        -0        -0        -0        -0        -0        -0        -0        -0        -0        -0
  2.61212   0.77389   2.84159  0.688752 -0.981318  0.278903      1.87  0.312505  0.206694  0.700158  0.093943   1.70517    2.1313   2.51125    1.1809        -0        -0        -0        -0        -0        -0        -0        -0        -0        -0        -0        -0        -0        -0        -0
-0.0907844  -0.966158    1.15376    2.02749   0.278903    2.13478  -0.877214  0.0293148    1.42487    1.66646   0.764677   0.621827   0.881728    1.60667    1.10637         -0         -0         -0         -0         -0         -0         -0         -0         -0         -0         -0         -0         -0         -0         -0
   1.2484  0.181244 -0.895896   1.08999      1.87 -0.877214   2.83092   2.61071 -0.865669 -0.922048   1.56602 -0.906831 -0.308833   2.52978   2.36781        -0        -0        -0        -0        -0        -0        -0        -0        -0        -0        -0        -0        -0        -0        -0
  1.32217   1.28502   2.75041 -0.524071  0.312505 0.0293148   2.61071  0.594628 0.0376167   0.31087  0.228274   1.78312  0.697313   2.60442   1.87207        -0        -0        -0        -0        -0        -0        -0        -0        -0        -0        -0        -0        -0        -0        -0
  2.90744    2.1167   2.55488 -0.988455  0.206694   1.42487 -0.865669 0.0376167 -0.255346 -0.738909   1.80229    1.9327      2.11  0.389788   2.80368        -0        -0        -0        -0        -0        -0        -0        -0        -0        -0        -0        -0        -0        -0        -0
  2.29823  0.224229  0.353958   2.04864  0.700158   1.66646 -0.922048   0.31087 -0.738909  0.408127   2.31067  -0.64574   2.49346   1.46248   1.47781        -0        -0        -0        -0        -0        -0        -0        -0        -0        -0        -0        -0        -0        -0        -0
 -0.413733  0.0823983  -0.442017  -0.858856   0.093943   0.764677    1.56602   0.228274    1.80229    2.31067  -0.223347   -0.80875 0.00798357    2.95868    1.36553         -0         -0         -0         -0         -0         -0         -0         -0         -0         -0         -0         -0         -0         -0         -0
-0.927252   2.65653   2.92167  0.426706   1.70517  0.621827 -0.906831   1.78312    1.9327  -0.64574  -0.80875   1.53043   2.88665  0.581038 -0.188332        -0        -0        -0        -0        -0        -0        -0        -0        -0        -0        -0        -0        -0        -0        -0
    1.36851     1.99015   -0.212215     1.92649      2.1313    0.881728   -0.308833    0.697313        2.11     2.49346  0.00798357     2.88665     2.28884 -0.00709419     1.36446          -0          -0          -0          -0          -0          -0          -0          -0          -0          -0          -0          -0          -0          -0          -0
   0.986285     1.08454      2.9015    0.907954     2.51125     1.60667     2.52978     2.60442    0.389788     1.46248     2.95868    0.581038 -0.00709419   -0.114095    0.654374          -0          -0          -0          -0          -0          -0          -0          -0          -0          -0          -0          -0          -0          -0          -0
-0.301708   2.25441   1.97507  0.486077    1.1809   1.10637   2.36781   1.87207   2.80368   1.47781   1.36553 -0.188332   1.36446  0.654374   1.82346        -0        -0        -0        -0        -0        -0        -0        -0        -0        -0        -0        -0        -0        -0        -0
       -0        -0        -0        -0        -0        -0        -0        -0        -0        -0        -0        -0        -0        -0        -0  -1.29685  -2.28082  -1.73404  0.649452  -2.61212 0.0907844   -1.2484  -1.32217  -2.90744  -2.29823  0.413733  0.927252  -1.36851 -0.986285  0.301708
        -0         -0         -0         -0         -0         -0         -0         -0         -0         -0         -0         -0         -0         -0         -0   -2.28082  -0.636374   -1.14963  -0.740545   -0.77389   0.966158  -0.181244   -1.28502    -2.1167  -0.224229 -0.0823983   -2.65653   -1.99015   -1.08454   -2.25441
       -0        -0        -0        -0        -0        -0        -0        -0        -0        -0        -0        -0        -0        -0        -0  -1.73404  -1.14963  -1.07663  -1.11827  -2.84159  -1.15376  0.895896  -2.75041  -2.55488 -0.353958  0.442017  -2.92167  0.212215   -2.9015  -1.97507
       -0        -0        -0        -0        -0        -0        -0        -0        -0        -0        -0        -0        -0        -0        -0  0.649452 -0.740545  -1.11827  -0.24506 -0.688752  -2.02749  -1.08999  0.524071  0.988455  -2.04864  0.858856 -0.426706  -1.92649 -0.907954 -0.486077
       -0        -0        -0        -0        -0        -0        -0        -0        -0        -0        -0        -0        -0        -0        -0  -2.61212  -0.77389  -2.84159 -0.688752  0.981318 -0.278903     -1.87 -0.312505 -0.206694 -0.700158 -0.093943  -1.70517   -2.1313  -2.51125   -1.1809
        -0         -0         -0         -0         -0         -0         -0         -0         -0         -0         -0         -0         -0         -0         -0  0.0907844   0.966158   -1.15376   -2.02749  -0.278903   -2.13478   0.877214 -0.0293148   -1.42487   -1.66646  -0.764677  -0.621827  -0.881728   -1.60667   -1.10637
       -0        -0        -0        -0        -0        -0        -0        -0        -0        -0        -0        -0        -0        -0        -0   -1.2484 -0.181244  0.895896  -1.08999     -1.87  0.877214  -2.83092  -2.61071  0.865669  0.922048  -1.56602  0.906831  0.308833  -2.52978  -2.36781
        -0         -0         -0         -0         -0         -0         -0         -0         -0         -0         -0         -0         -0         -0         -0   -1.32217   -1.28502   -2.75041   0.524071  -0.312505 -0.0293148   -2.61071  -0.594628 -0.0376167   -0.31087  -0.228274   -1.78312  -0.697313   -2.60442   -1.87207
        -0         -0         -0         -0         -0         -0         -0         -0         -0         -0         -0         -0         -0         -0         -0   -2.90744    -2.1167   -2.55488   0.988455  -0.206694   -1.42487   0.865669 -0.0376167   0.255346   0.738909   -1.80229    -1.9327      -2.11  -0.389788   -2.80368
       -0        -0        -0        -0        -0        -0        -0        -0        -0        -0        -0        -0        -0        -0        -0  -2.29823 -0.224229 -0.353958  -2.04864 -0.700158  -1.66646  0.922048  -0.31087  0.738909 -0.408127  -2.31067   0.64574  -2.49346  -1.46248  -1.47781
         -0          -0          -0          -0          -0          -0          -0          -0          -0          -0          -0          -0          -0          -0          -0    0.413733  -0.0823983    0.442017    0.858856   -0.093943   -0.764677    -1.56602   -0.228274    -1.80229    -2.31067    0.223347     0.80875 -0.00798357    -2.95868    -1.36553
       -0        -0        -0        -0        -0        -0        -0        -0        -0        -0        -0        -0        -0        -0        -0  0.927252  -2.65653  -2.92167 -0.426706  -1.70517 -0.621827  0.906831  -1.78312   -1.9327   0.64574   0.80875  -1.53043  -2.88665 -0.581038  0.188332
         -0          -0          -0          -0          -0          -0          -0          -0          -0          -0          -0          -0          -0          -0          -0    -1.36851    -1.99015    0.212215    -1.92649     -2.1313   -0.881728    0.308833   -0.697313       -2.11    -2.49346 -0.00798357    -2.88665    -2.28884  0.00709419    -1.36446
        -0         -0         -0         -0         -0         -0         -0         -0         -0         -0         -0         -0         -0         -0         -0  -0.986285   -1.08454    -2.9015  -0.907954   -2.51125   -1.60667   -2.52978   -2.60442  -0.389788   -1.46248   -2.95868  -0.581038 0.00709419   0.114095  -0.654374
       -0        -0        -0        -0        -0        -0        -0        -0        -0        -0        -0        -0        -0        -0        -0  0.301708  -2.25441  -1.97507 -0.486077   -1.1809  -1.10637  -2.36781  -1.87207  -2.80368  -1.47781  -1.36553  0.188332  -1.36446 -0.654374  -1.82346
  1.60942 -0.926665 -0.406408   1.79508   2.13361 -0.640304  0.395409  0.215229 0.0715877   1.65859    1.8508   1.19527   1.63152   1.32779  0.437322        -0        -0        -0        -0        -0        -0        -0        -0        -0        -0        -0        -0        -0        -0        -0
-0.926665  0.232068  0.537644   2.83527   2.36065  0.449498 0.0571229   1.38086  -0.95538 -0.658896   2.57869 -0.867666 -0.301506  0.147301   0.76935        -0        -0        -0        -0        -0        -0        -0        -0        -0        -0        -0        -0        -0        -0        -0
-0.406408  0.537644 -0.163811 -0.230091   1.60363   2.08907  0.135843   0.61266    1.5345 -0.455748  0.196448 -0.433591  0.430768  0.792929   2.87171        -0        -0        -0        -0        -0        -0        -0        -0        -0        -0        -0        -0        -0        -0        -0
  1.79508   2.83527 -0.230091   1.91773   2.96979  0.129605   2.99904 -0.695701   1.20743 -0.728751  0.385296   1.73953   2.82797    1.8942   1.86809        -0        -0        -0        -0        -0        -0        -0        -0        -0        -0        -0        -0        -0        -0        -0
  2.13361   2.36065   1.60363   2.96979 -0.137758 -0.632768 0.0269171   2.51046 -0.956345 -0.354597  0.786123 -0.596417   1.08379   2.88683  0.597318        -0        -0        -0        -0        -0        -0        -0        -0        -0        -0        -0        -0        -0        -0        -0
-0.640304  0.449498   2.08907  0.129605 -0.632768   0.97275  0.998085  0.979892   2.56142 -0.945287  0.240103  0.211812   2.21689   1.19651  0.955499        -0        -0        -0        -0        -0        -0        -0        -0        -0        -0        -0        -0        -0        -0        -0
  0.395409  0.0571229   0.135843    2.99904  0.0269171   0.998085    1.65123    1.27705  -0.794484    1.25114 -0.0532868    1.79424  0.0680713  -0.893991    1.08498         -0         -0         -0         -0         -0         -0         -0         -0         -0         -0         -0         -0         -0         -0         -0
 0.215229   1.38086   0.61266 -0.695701   2.51046  0.979892   1.27705 -0.871879   1.69488   1.92245  0.991639   1.65472    2.0305   1.68107   1.66539        -0        -0        -0        -0        -0        -0        -0        -0        -0        -0        -0        -0        -0        -0        -0
 0.0715877   -0.95538     1.5345    1.20743  -0.956345    2.56142  -0.794484    1.69488    1.94293  -0.817166    2.93498  -0.865737    0.20853  -0.148764 -0.0139987         -0         -0         -0         -0         -0         -0         -0         -0         -0         -0         -0         -0         -0         -0         -0
   1.65859  -0.658896  -0.455748  -0.728751  -0.354597  -0.945287    1.25114    1.92245  -0.817166   0.819558    2.88964    1.97707 0.00305457  -0.759728    2.29351         -0         -0         -0         -0         -0         -0         -0         -0         -0         -0         -0         -0         -0         -0         -0
    1.8508    2.57869   0.196448   0.385296   0.786123   0.240103 -0.0532868   0.991639    2.93498    2.88964    1.97832  -0.525719    1.92015   0.658139    2.66844         -0         -0         -0         -0         -0         -0         -0         -0         -0         -0         -0         -0         -0         -0         -0
