30
1
30
  -0.378845   -0.185017  -0.0406975   0.0809812    -0.02129    0.010416   -0.245965   0.0554606    0.087512   -0.153747     0.20287   -0.108656    0.188936   -0.126571  -0.0947946  -0.0126472   -0.205333    0.136098    0.256137  -0.0697807    0.102327    0.326546 -0.00482685   -0.125057   0.0685265   -0.129354   -0.224838   -0.269791   -0.375907    0.234037
-83.1823 -17.3796 -30.4131 -48.1325 -53.5824 -28.7751 -31.6093  -20.315 -47.7338 -44.7148 -36.3501 -41.6024 -27.4459 -54.5157 -39.4275 -43.9108 -60.9555 -51.7339 -40.7584 -25.2331 -35.4413 -21.0053 -37.1018 -38.2978 -47.6068 -19.3625 -25.6442 -49.3452 -32.5301 -59.5227
-17.3796 -49.9507 -18.7824 -29.3005 -17.1213 -16.9109 -21.0475 -31.1548 -24.8228 -30.6133  -14.293 -20.4693 -30.6492 -16.1325 -11.2431 -19.4796 -13.4807 -35.7396 -15.5917 -14.7755 -10.8692 -15.6446 -14.5496 -19.6025 -16.5011 -6.76161 -15.3649  -15.418 -19.6905 -20.0586
-30.4131 -18.7824 -79.7857 -19.8336 -33.4756 -40.8372 -38.3584 -27.1409 -39.2183 -27.2482 -15.1174  -35.126 -41.7189 -32.8327 -27.0073 -38.0678 -36.5588 -41.3593 -38.1787 -10.2277 -28.8955 -30.4522 -13.8279 -30.8697  -31.734 -14.2083 -34.2388 -22.7617 -21.1092 -39.3666
-48.1325 -29.3005 -19.8336 -79.5925 -37.6182 -26.9514 -31.4545 -20.6178 -48.0484 -47.2104 -34.6205 -36.6424 -42.0961  -37.271 -33.1528 -34.8612 -53.5666 -42.6994  -27.275  -18.989 -44.7854 -27.4602 -26.7059 -17.0024 -44.5056 -11.7732 -32.7283 -49.9447 -25.0454 -43.3558
-53.5824 -17.1213 -33.4756 -37.6182 -87.9472 -24.1984 -16.8328 -24.7338 -51.2224 -42.6109 -42.1308 -35.3276 -26.7307 -38.2153 -10.2904 -36.3168 -54.4019 -32.1165 -29.7047 -16.3179 -37.9944 -23.3306 -23.8008 -29.0132 -53.5728 -13.2502   -17.89 -38.9504 -27.7227 -46.4785
-28.7751 -16.9109 -40.8372 -26.9514 -24.1984 -59.1729 -30.1197 -22.2022 -26.6533 -21.1385 -20.8079  -35.061 -28.1317 -28.3792  -20.642 -29.3822 -34.7657 -30.7671 -17.8952 -16.1696  -27.183 -30.4734 -21.5867 -29.8218 -26.7164 -9.67544 -20.9816 -25.6835   -17.36  -24.384
-31.6093 -21.0475 -38.3584 -31.4545 -16.8328 -30.1197 -70.2717 -31.0169 -42.1823 -35.9712 -34.0659 -27.5074 -38.9444 -23.2751 -35.6117 -45.3741 -33.5394 -46.4783 -39.0761  -12.235 -19.0893 -26.9129  -19.187 -15.4982 -29.9965 -12.0214 -21.2635 -28.2685 -33.0507 -39.6996
 -20.315 -31.1548 -27.1409 -20.6178 -24.7338 -22.2022 -31.0169 -65.4185 -30.5511 -28.5688 -31.9041 -29.8335 -27.0973 -23.7276 -13.2868 -36.5669 -20.4011 -30.9573 -26.5093 -18.1512  -23.086 -33.5766 -17.7473 -20.0419 -28.8975 -25.8897 -8.05858  -3.3255 -30.4362  -28.266
-47.7338 -24.8228 -39.2183 -48.0484 -51.2224 -26.6533 -42.1823 -30.5511 -86.4809 -56.3602 -50.7153 -34.3231 -42.8201 -39.3704 -32.2131 -37.5033  -50.477 -47.9769 -33.2746 -18.5309 -31.1434 -30.1354  -31.808 -20.9269 -45.8366 -28.6185 -34.5011 -35.6672 -32.7002 -53.2204
-44.7148 -30.6133 -27.2482 -47.2104 -42.6109 -21.1385 -35.9712 -28.5688 -56.3602 -81.6713 -39.2885 -33.2873 -38.8691 -39.8904 -24.5906 -19.2804 -50.4337 -37.6993 -26.6002 -18.1548 -35.8444 -29.9871 -22.7088 -21.6209 -35.9078 -23.6786  -16.746 -45.8238 -40.5472 -43.7404
-36.3501  -14.293 -15.1174 -34.6205 -42.1308 -20.8079 -34.0659 -31.9041 -50.7153 -39.2885 -77.4051 -30.7315 -31.9044 -37.1571  -25.855 -34.0771 -45.8601 -25.9069 -31.3297 -16.1271 -24.0327 -23.4542  -22.653 -10.5211 -49.6027 -22.1544  -21.119 -36.5794 -28.6572 -44.3064
-41.6024 -20.4693  -35.126 -36.6424 -35.3276  -35.061 -27.5074 -29.8335 -34.3231 -33.2873 -30.7315  -76.153 -33.0193 -35.6803  -30.345 -47.9076 -43.5019 -29.3839 -35.8701  -23.175  -52.802 -28.2107 -35.4943 -39.8666 -45.8238 -17.8719 -38.4081 -23.0172 -33.7722 -41.7998
-27.4459 -30.6492 -41.7189 -42.0961 -26.7307 -28.1317 -38.9444 -27.0973 -42.8201 -38.8691 -31.9044 -33.0193 -67.9525 -34.6049 -31.5199 -33.9337  -31.818 -45.8882 -39.6533 -19.4219 -30.5538  -15.462 -17.5626  -20.229 -39.1692 -10.7793 -31.1336 -29.9163 -31.3865 -37.1362
-54.5157 -16.1325 -32.8327  -37.271 -38.2153 -28.3792 -23.2751 -23.7276 -39.3704 -39.8904 -37.1571 -35.6803 -34.6049 -73.5625 -26.4386 -34.8251 -54.0062 -32.9927 -32.4183 -22.8269 -34.5123 -22.2861 -18.3578 -29.1874 -34.1079 -23.6858 -31.3323 -34.3831 -26.1186 -41.2088
-39.4275 -11.2431 -27.0073 -33.1528 -10.2904  -20.642 -35.6117 -13.2868 -32.2131 -24.5906  -25.855  -30.345 -31.5199 -26.4386 -59.1438 -38.8753 -38.2316 -43.1693 -34.7095 -14.1738 -20.4451 -22.0921 -36.1962 -20.5876 -28.2579 -14.6924 -30.1766 -32.1707 -25.9239 -34.0737
-43.9108 -19.4796 -38.0678 -34.8612 -36.3168 -29.3822 -45.3741 -36.5669 -37.5033 -19.2804 -34.0771 -47.9076 -33.9337 -34.8251 -38.8753 -95.4025 -45.6489 -39.8338 -52.2647 -1.73767 -24.3064 -19.4998 -22.0773 -28.4971 -51.7641 -22.0796 -38.4766 -19.7254 -40.0577 -57.3581
-60.9555 -13.4807 -36.5588 -53.5666 -54.4019 -34.7657 -33.5394 -20.4011  -50.477 -50.4337 -45.8601 -43.5019  -31.818 -54.0062 -38.2316 -45.6489 -97.5723 -27.2468 -36.9743 -15.7294 -44.8744 -32.0809 -34.2066 -39.1336 -50.8337 -17.4106 -32.0208 -49.6962  -39.836 -46.8603
-51.7339 -35.7396 -41.3593 -42.6994 -32.1165 -30.7671 -46.4783 -30.9573 -47.9769 -37.6993 -25.9069 -29.3839 -45.8882 -32.9927 -43.1693 -39.8338 -27.2468 -85.2142 -36.5579  -28.453 -26.4449 -19.7314 -30.2319 -26.6671 -34.3218 -19.3428   -24.74 -35.3628 -33.3602 -52.4554
-40.7584 -15.5917 -38.1787  -27.275 -29.7047 -17.8952 -39.0761 -26.5093 -33.2746 -26.6002 -31.3297 -35.8701 -39.6533 -32.4183 -34.7095 -52.2647 -36.9743 -36.5579 -70.0617 -4.72337 -19.5734 -17.0177  -22.829 -28.2217 -52.3173 -8.34151 -34.6651 -29.6224 -21.4327 -35.9771
-25.2331 -14.7755 -10.2277  -18.989 -16.3179 -16.1696  -12.235 -18.1512 -18.5309 -18.1548 -16.1271  -23.175 -19.4219 -22.8269 -14.1738 -1.73767 -15.7294  -28.453 -4.72337 -45.3031 -24.8043  -12.917 -25.7844 -19.0276 -11.3855 -9.65776 -4.69753  -9.9176 -14.2279 -18.2412
-35.4413 -10.8692 -28.8955 -44.7854 -37.9944  -27.183 -19.0893  -23.086 -31.1434 -35.8444 -24.0327  -52.802 -30.5538 -34.5123 -20.4451 -24.3064 -44.8744 -26.4449 -19.5734 -24.8043 -79.4576 -29.7192 -30.3535 -23.7858 -31.9319 -19.2077 -23.9492  -20.299  -33.158 -33.1758
-21.0053 -15.6446 -30.4522 -27.4602 -23.3306 -30.4734 -26.9129 -33.5766 -30.1354 -29.9871 -23.4542 -28.2107  -15.462 -22.2861 -22.0921 -19.4998 -32.0809 -19.7314 -17.0177  -12.917 -29.7192 -70.0916 -29.4555 -31.7824 -22.8218  -19.791 -23.6387 -24.8745 -11.4779 -12.5392
-37.1018 -14.5496 -13.8279 -26.7059 -23.8008 -21.5867  -19.187 -17.7473  -31.808 -22.7088  -22.653 -35.4943 -17.5626 -18.3578 -36.1962 -22.0773 -34.2066 -30.2319  -22.829 -25.7844 -30.3535 -29.4555 -58.8195 -33.4951 -20.9038  -19.326 -24.9864 -20.5916 -24.0774 -20.7561
-38.2978 -19.6025 -30.8697 -17.0024 -29.0132 -29.8218 -15.4982 -20.0419 -20.9269 -21.6209 -10.5211 -39.8666  -20.229 -29.1874 -20.5876 -28.4971 -39.1336 -26.6671 -28.2217 -19.0276 -23.7858 -31.7824 -33.4951 -63.6613 -24.1582 -13.0092 -26.1621 -20.8764 -24.2662 -18.3441
-47.6068 -16.5011  -31.734 -44.5056 -53.5728 -26.7164 -29.9965 -28.8975 -45.8366 -35.9078 -49.6027 -45.8238 -39.1692 -34.1079 -28.2579 -51.7641 -50.8337 -34.3218 -52.3173 -11.3855 -31.9319 -22.8218 -20.9038 -24.1582 -91.6457   -14.26 -28.8945 -40.7858 -25.0635 -50.2643
-19.3625 -6.76161 -14.2083 -11.7732 -13.2502 -9.67544 -12.0214 -25.8897 -28.6185 -23.6786 -22.1544 -17.8719 -10.7793 -23.6858 -14.6924 -22.0796 -17.4106 -19.3428 -8.34151 -9.65776 -19.2077  -19.791  -19.326 -13.0092   -14.26 -43.6413 -16.5189 -7.49078 -26.1632 -28.2003
-25.6442 -15.3649 -34.2388 -32.7283   -17.89 -20.9816 -21.2635 -8.05858 -34.5011  -16.746  -21.119 -38.4081 -31.1336 -31.3323 -30.1766 -38.4766 -32.0208   -24.74 -34.6651 -4.69753 -23.9492 -23.6387 -24.9864 -26.1621 -28.8945 -16.5189 -63.8448 -20.4179 -7.13925  -27.747
-49.3452  -15.418 -22.7617 -49.9447 -38.9504 -25.6835 -28.2685  -3.3255 -35.6672 -45.8238 -36.5794 -23.0172 -29.9163 -34.3831 -32.1707 -19.7254 -49.6962 -35.3628 -29.6224  -9.9176  -20.299 -24.8745 -20.5916 -20.8764 -40.7858 -7.49078 -20.4179  -71.515 -17.7573 -38.0476
-32.5301 -19.6905 -21.1092 -25.0454 -27.7227   -17.36 -33.0507 -30.4362 -32.7002 -40.5472 -28.6572 -33.7722 -31.3865 -26.1186 -25.9239 -40.0577  -39.836 -33.3602 -21.4327 -14.2279  -33.158 -11.4779 -24.0774 -24.2662 -25.0635 -26.1632 -7.13925 -17.7573 -58.3618 -38.3632
-59.5227 -20.0586 -39.3666 -43.3558 -46.4785  -24.384 -39.6996  -28.266 -53.2204 -43.7404 -44.3064 -41.7998 -37.1362 -41.2088 -34.0737 -57.3581 -46.8603 -52.4554 -35.9771 -18.2412 -33.1758 -12.5392 -20.7561 -18.3441 -50.2643 -28.2003  -27.747 -38.0476 -38.3632 -80.6087
   1.40762    1.56099    1.77752   0.486006    1.18541   0.613742    1.56188    2.64605 -0.0629865     2.1615   0.418284  -0.130063   0.649099    1.41725    1.88176         -0         -0         -0         -0         -0         -0         -0         -0         -0         -0         -0         -0         -0         -0         -0
   1.56099    2.95259    2.95253  -0.229682 -0.0239876    2.53689    1.61152  -0.413769  -0.897248    2.33135   0.105479  -0.621093 -0.0407892   0.132721   0.410408         -0         -0         -0         -0         -0         -0         -0         -0         -0         -0         -0         -0         -0         -0         -0
   1.77752    2.95253    1.18744   -0.35746    1.95996  -0.965384  -0.947404    1.02151    1.64625   0.642388  -0.990571    2.93096    2.85066  -0.620022 -0.0181951         -0         -0         -0         -0         -0         -0         -0         -0         -0         -0         -0         -0         -0         -0         -0
  0.486006  -0.229682   -0.35746  -0.920917  -0.627153    1.25628   0.521842    2.68067 -0.0103904   0.183008  -0.935469    1.51232   0.658528    1.34821    1.73242         -0         -0         -0         -0         -0         -0         -0         -0         -0         -0         -0         -0         -0         -0         -0
   1.18541 -0.0239876    1.95996  -0.627153   0.160093    2.61597    1.98437    1.84251   0.624595    2.01202    1.09509   0.561915  0.0237413    2.64505    2.06894         -0         -0         -0         -0         -0         -0         -0         -0         -0         -0         -0         -0         -0         -0         -0
 0.613742   2.53689 -0.965384   1.25628   2.61597   1.63301  0.212689  0.637485  0.630618   -0.5151  0.634023   1.94298  0.945745  0.941893   1.00555        -0        -0        -0        -0        -0        -0        -0        -0        -0        -0        -0        -0        -0        -0        -0
  1.56188   1.61152 -0.947404  0.521842   1.98437  0.212689   1.35216   1.31368    1.2023   1.82049  0.695148   1.99723   2.29255  0.291191 -0.321838        -0        -0        -0        -0        -0        -0        -0        -0        -0        -0        -0        -0        -0        -0        -0
  2.64605 -0.413769   1.02151   2.68067   1.84251  0.637485   1.31368   2.89449   2.97675  0.325699 -0.702613 -0.617592   1.71889   1.64227   1.36149        -0        -0        -0        -0        -0        -0        -0        -0        -0        -0        -0        -0        -0        -0        -0
-0.0629865  -0.897248    1.64625 -0.0103904   0.624595   0.630618     1.2023    2.97675  -0.965035   -0.62061   0.610777  -0.731323    1.24313     1.3243  -0.275564         -0         -0         -0         -0         -0         -0         -0         -0         -0         -0         -0         -0         -0         -0         -0
    2.1615    2.33135   0.642388   0.183008    2.01202    -0.5151    1.82049   0.325699   -0.62061   0.774957   0.730113    2.37662 -0.0966717   0.559868    1.92129         -0         -0         -0         -0         -0         -0         -0         -0         -0         -0         -0         -0         -0         -0         -0
 0.418284  0.105479 -0.990571 -0.935469   1.09509  0.634023  0.695148 -0.702613  0.610777  0.730113  -0.45947   1.15737 -0.550997   1.01889   2.26482        -0        -0        -0        -0        -0        -0        -0        -0        -0        -0        -0        -0        -0        -0        -0
-0.130063 -0.621093   2.93096   1.51232  0.561915   1.94298   1.99723 -0.617592 -0.731323   2.37662   1.15737   1.57671   1.78366 -0.518333  0.173438        -0        -0        -0        -0        -0        -0        -0        -0        -0        -0        -0        -0        -0        -0        -0
  0.649099 -0.0407892    2.85066   0.658528  0.0237413   0.945745    2.29255    1.71889    1.24313 -0.0966717  -0.550997    1.78366   0.817644  -0.863419   0.704957         -0         -0         -0         -0         -0         -0         -0         -0         -0         -0         -0         -0         -0         -0         -0
  1.41725  0.132721 -0.620022   1.34821   2.64505  0.941893  0.291191   1.64227    1.3243  0.559868   1.01889 -0.518333 -0.863419   2.76131 0.0824601        -0        -0        -0        -0        -0        -0        -0        -0        -0        -0        -0        -0        -0        -0        -0
   1.88176   0.410408 -0.0181951    1.73242    2.06894    1.00555  -0.321838    1.36149  -0.275564    1.92129    2.26482   0.173438   0.704957  0.0824601   0.436222         -0         -0         -0         -0         -0         -0         -0         -0         -0         -0         -0         -0         -0         -0         -0
       -0        -0        -0        -0        -0        -0        -0        -0        -0        -0        -0        -0        -0        -0        -0  -1.40762  -1.56099  -1.77752 -0.486006  -1.18541 -0.613742  -1.56188  -2.64605 0.0629865   -2.1615 -0.418284  0.130063 -0.649099  -1.41725  -1.88176
       -0        -0        -0        -0        -0        -0        -0        -0        -0        -0        -0        -0        -0        -0        -0  -1.56099  -2.95259  -2.95253  0.229682 0.0239876  -2.53689  -1.61152  0.413769  0.897248  -2.33135 -0.105479  0.621093 0.0407892 -0.132721 -0.410408
       -0        -0        -0        -0        -0        -0        -0        -0        -0        -0        -0        -0        -0        -0        -0  -1.77752  -2.95253  -1.18744   0.35746  -1.95996  0.965384  0.947404  -1.02151  -1.64625 -0.642388  0.990571  -2.93096  -2.85066  0.620022 0.0181951
       -0        -0        -0        -0        -0        -0        -0        -0        -0        -0        -0        -0        -0        -0        -0 -0.486006  0.229682   0.35746  0.920917  0.627153  -1.25628 -0.521842  -2.68067 0.0103904 -0.183008  0.935469  -1.51232 -0.658528  -1.34821  -1.73242
        -0         -0         -0         -0         -0         -0         -0         -0         -0         -0         -0         -0         -0         -0         -0   -1.18541  0.0239876   -1.95996   0.627153  -0.160093   -2.61597   -1.98437   -1.84251  -0.624595   -2.01202   -1.09509  -0.561915 -0.0237413   -2.64505   -2.06894
       -0        -0        -0        -0        -0        -0        -0        -0        -0        -0        -0        -0        -0        -0        -0 -0.613742  -2.53689  0.965384  -1.25628  -2.61597  -1.63301 -0.212689 -0.637485 -0.630618    0.5151 -0.634023  -1.94298 -0.945745 -0.941893  -1.00555
       -0        -0        -0        -0        -0        -0        -0        -0        -0        -0        -0        -0        -0        -0        -0  -1.56188  -1.61152  0.947404 -0.521842  -1.98437 -0.212689  -1.35216  -1.31368   -1.2023  -1.82049 -0.695148  -1.99723  -2.29255 -0.291191  0.321838
       -0        -0        -0        -0        -0        -0        -0        -0        -0        -0        -0        -0        -0        -0        -0  -2.64605  0.413769  -1.02151  -2.68067  -1.84251 -0.637485  -1.31368  -2.89449  -2.97675 -0.325699  0.702613  0.617592  -1.71889  -1.64227  -1.36149
       -0        -0        -0        -0        -0        -0        -0        -0        -0        -0        -0        -0        -0        -0        -0 0.0629865  0.897248  -1.64625 0.0103904 -0.624595 -0.630618   -1.2023  -2.97675  0.965035   0.62061 -0.610777  0.731323  -1.24313   -1.3243  0.275564
       -0        -0        -0        -0        -0        -0        -0        -0        -0        -0        -0        -0        -0        -0        -0   -2.1615  -2.33135 -0.642388 -0.183008  -2.01202    0.5151  -1.82049 -0.325699   0.62061 -0.774957 -0.730113  -2.37662 0.0966717 -0.559868  -1.92129
       -0        -0        -0        -0        -0        -0        -0        -0        -0        -0        -0        -0        -0        -0        -0 -0.418284 -0.105479  0.990571  0.935469  -1.09509 -0.634023 -0.695148  0.702613 -0.610777 -0.730113   0.45947  -1.15737  0.550997  -1.01889  -2.26482
       -0        -0        -0        -0        -0        -0        -0        -0        -0        -0        -0        -0        -0        -0        -0  0.130063  0.621093  -2.93096  -1.51232 -0.561915  -1.94298  -1.99723  0.617592  0.731323  -2.37662  -1.15737  -1.57671  -1.78366  0.518333 -0.173438
        -0         -0         -0         -0         -0         -0         -0         -0         -0         -0         -0         -0         -0         -0         -0  -0.649099  0.0407892   -2.85066  -0.658528 -0.0237413  -0.945745   -2.29255   -1.71889   -1.24313  0.0966717   0.550997   -1.78366  -0.817644   0.863419  -0.704957
        -0         -0         -0         -0         -0         -0         -0         -0         -0         -0         -0         -0         -0         -0         -0   -1.41725  -0.132721   0.620022   -1.34821   -2.64505  -0.941893  -0.291191   -1.64227    -1.3243  -0.559868   -1.01889   0.518333   0.863419   -2.76131 -0.0824601
        -0         -0         -0         -0         -0         -0         -0         -0         -0         -0         -0         -0         -0         -0         -0   -1.88176  -0.410408  0.0181951   -1.73242   -2.06894   -1.00555   0.321838   -1.36149   0.275564   -1.92129   -2.26482  -0.173438  -0.704957 -0.0824601  -0.436222
  0.706028    1.85646    0.17791  -0.671306     2.5353   0.199268    1.05048   0.592129    2.78897   0.248876    2.48345    1.21884 -0.0636407   0.435607 -0.0876568         -0         -0         -0         -0         -0         -0         -0         -0         -0         -0         -0         -0         -0         -0         -0
  1.85646   2.71733  0.460183   2.61662  -0.21345   2.33228  0.413856   2.20097   2.81184   2.57535 -0.497497  0.336367 0.0106935  0.223331 -0.161223        -0        -0        -0        -0        -0        -0        -0        -0        -0        -0        -0        -0        -0        -0        -0
  0.17791  0.460183  0.324275    2.5632 -0.595622  0.827726   1.84346  0.518302   2.88555   1.31516  0.245698 -0.654717   2.23567  0.963341  0.217157        -0        -0        -0        -0        -0        -0        -0        -0        -0        -0        -0        -0        -0        -0        -0
-0.671306   2.61662    2.5632 -0.624445 -0.140425 -0.237536   1.45486   2.41986   1.63244   1.76718     2.369 -0.466003   1.18206  0.780891 -0.851991        -0        -0        -0        -0        -0        -0        -0        -0        -0        -0        -0        -0        -0        -0        -0
   2.5353  -0.21345 -0.595622 -0.140425 -0.466598   2.70783   1.27343   2.96343    1.2667   1.99521   2.13494 -0.896455 -0.620307  0.757328   2.02083        -0        -0        -0        -0        -0        -0        -0        -0        -0        -0        -0        -0        -0        -0        -0
 0.199268   2.33228  0.827726 -0.237536   2.70783  0.282616   2.37686  0.226133   1.15898   1.27859   2.51239   2.34049    1.3706   1.06689  0.596851        -0        -0        -0        -0        -0        -0        -0        -0        -0        -0        -0        -0        -0        -0        -0
  1.05048  0.413856   1.84346   1.45486   1.27343   2.37686   1.40542 -0.297529    1.0093   2.99331  0.527979   1.81258  0.694451   0.12138   1.51861        -0        -0        -0        -0        -0        -0        -0        -0        -0        -0        -0        -0        -0        -0        -0
 0.592129   2.20097  0.518302   2.41986   2.96343  0.226133 -0.297529   1.73883 -0.327881   2.69768  0.144237 -0.903145  0.907672 -0.430088 -0.284715        -0        -0        -0        -0        -0        -0        -0        -0        -0        -0        -0        -0        -0        -0        -0
  2.78897   2.81184   2.88555   1.63244    1.2667   1.15898    1.0093 -0.327881 -0.535814 0.0174201 -0.815487   2.03817   2.51484   1.16374   2.50452        -0        -0        -0        -0        -0        -0        -0        -0        -0        -0        -0        -0        -0        -0        -0
 0.248876   2.57535   1.31516   1.76718   1.99521   1.27859   2.99331   2.69768 0.0174201 -0.581374  0.992165      2.83  0.878964 -0.840454   1.03345        -0        -0        -0        -0        -0        -0        -0        -0        -0        -0        -0        -0        -0        -0        -0
  2.48345 -0.497497  0.245698     2.369   2.13494   2.51239  0.527979  0.144237 -0.815487  0.992165  0.024642 -0.484519   2.89984 -0.600084   1.59425        -0        -0        -0        -0        -0        -0        -0        -0        -0        -0        -0        -0        -0        -0        -0
  1.21884  0.336367 -0.654717 -0.466003 -0.896455   2.34049   1.81258 -0.903145   2.03817      2.83 -0.484519   1.01963 -0.460517   1.67922   2.40436        -0        -0        -0        -0        -0        -0        -0        -0        -0        -0        -0        -0        -0        -0        -0
-0.0636407  0.0106935    2.23567    1.18206  -0.620307     1.3706   0.694451   0.907672    2.51484   0.878964    2.89984  -0.460517  -0.334325    1.17918    1.57294         -0         -0         -0         -0         -0         -0         -0         -0         -0         -0         -0         -0         -0         -0         -0
 0.435607  0.223331  0.963341  0.780891  0.757328   1.06689   0.12138 -0.430088   1.16374 -0.840454 -0.600084   1.67922   1.17918   2.90242   2.25992        -0        -0        -0        -0        -0        -0        -0        -0        -0        -0        -0        -0        -0        -0        -0
-0.0876568  -0.161223   0.217157  -0.851991    2.02083   0.596851    1.51861  -0.284715    2.50452    1.03345    1.59425    2.40436    1.57294    2.25992    1.40885         -0         -0         -0         -0         -0         -0         -0         -0         -0         -0         -0         -0         -0         -0         -0
       -0        -0        -0        -0        -0        -0        -0        -0        -0        -0        -0        -0        -0        -0        -0 -0.706028  -1.85646  -0.17791  0.671306   -2.5353 -0.199268  -1.05048 -0.592129  -2.78897 -0.248876  -2.48345  -1.21884 0.0636407 -0.435607 0.0876568
        -0         -0         -0         -0         -0         -0         -0         -0         -0         -0         -0         -0         -0         -0         -0   -1.85646   -2.71733  -0.460183   -2.61662    0.21345   -2.33228  -0.413856   -2.20097   -2.81184   -2.57535   0.497497  -0.336367 -0.0106935  -0.223331   0.161223
       -0        -0        -0        -0        -0        -0        -0        -0        -0        -0        -0        -0        -0        -0        -0  -0.17791 -0.460183 -0.324275   -2.5632  0.595622 -0.827726  -1.84346 -0.518302  -2.88555  -1.31516 -0.245698  0.654717  -2.23567 -0.963341 -0.217157
       -0        -0        -0        -0        -0        -0        -0        -0        -0        -0        -0        -0        -0        -0        -0  0.671306  -2.61662   -2.5632  0.624445  0.140425  0.237536  -1.45486  -2.41986  -1.63244  -1.76718    -2.369  0.466003  -1.18206 -0.780891  0.851991
       -0        -0        -0        -0        -0        -0        -0        -0        -0        -0        -0        -0        -0        -0        -0   -2.5353   0.21345  0.595622  0.140425  0.466598  -2.70783  -1.27343  -2.96343   -1.2667  -1.99521  -2.13494  0.896455  0.620307 -0.757328  -2.02083
       -0        -0        -0        -0        -0        -0        -0        -0        -0        -0        -0        -0        -0        -0        -0 -0.199268  -2.33228 -0.827726  0.237536  -2.70783 -0.282616  -2.37686 -0.226133  -1.15898  -1.27859  -2.51239  -2.34049   -1.3706  -1.06689 -0.596851
       -0        -0        -0        -0        -0        -0        -0        -0        -0        -0        -0        -0        -0        -0        -0  -1.05048 -0.413856  -1.84346  -1.45486  -1.27343  -2.37686  -1.40542  0.297529   -1.0093  -2.99331 -0.527979  -1.81258 -0.694451  -0.12138  -1.51861
       -0        -0        -0        -0        -0        -0        -0        -0        -0        -0        -0        -0        -0        -0        -0 -0.592129  -2.20097 -0.518302  -2.41986  -2.96343 -0.226133  0.297529  -1.73883  0.327881  -2.69768 -0.144237  0.903145 -0.907672  0.430088  0.284715
        -0         -0         -0         -0         -0         -0         -0         -0         -0         -0         -0         -0         -0         -0         -0   -2.78897   -2.81184   -2.88555   -1.63244    -1.2667   -1.15898    -1.0093   0.327881   0.535814 -0.0174201   0.815487   -2.03817   -2.51484   -1.16374   -2.50452
        -0         -0         -0         -0         -0         -0         -0         -0         -0         -0         -0         -0         -0         -0         -0  -0.248876   -2.57535   -1.31516   -1.76718   -1.99521   -1.27859   -2.99331   -2.69768 -0.0174201   0.581374  -0.992165      -2.83  -0.878964   0.840454   -1.03345
       -0        -0        -0        -0        -0        -0        -0        -0        -0        -0        -0        -0        -0        -0        -0  -2.48345  0.497497 -0.245698    -2.369  -2.13494  -2.51239 -0.527979 -0.144237  0.815487 -0.992165 -0.024642  0.484519  -2.89984  0.600084  -1.59425
       -0        -0        -0        -0        -0        -0        -0        -0        -0        -0        -0        -0        -0        -0        -0  -1.21884 -0.336367  0.654717  0.466003  0.896455  -2.34049  -1.81258  0.903145  -2.03817     -2.83  0.484519  -1.01963  0.460517  -1.67922  -2.40436
        -0         -0         -0         -0         -0         -0         -0         -0         -0         -0         -0         -0         -0         -0         -0  0.0636407 -0.0106935   -2.23567   -1.18206   0.620307    -1.3706  -0.694451  -0.907672   -2.51484  -0.878964   -2.89984   0.460517   0.334325   -1.17918   -1.57294
       -0        -0        -0        -0        -0        -0        -0        -0        -0        -0        -0        -0        -0        -0        -0 -0.435607 -0.223331 -0.963341 -0.780891 -0.757328  -1.06689  -0.12138  0.430088  -1.16374  0.840454  0.600084  -1.67922  -1.17918  -2.90242  -2.25992
       -0        -0        -0        -0        -0        -0        -0        -0        -0        -0        -0        -0        -0        -0        -0 0.0876568  0.161223 -0.217157  0.851991  -2.02083 -0.596851  -1.51861  0.284715  -2.50452  -1.03345  -1.59425  -2.40436  -1.57294  -2.25992  -1.40885
   2.19991  -0.720434  -0.588696  -0.986495    1.19378     2.2759  0.0463586    2.07412  -0.675322    1.11866     1.3797 -0.0686903    1.06067    1.58737    0.23481         -0         -0         -0         -0         -0         -0         -0         -0         -0         -0         -0         -0         -0         -0         -0
 -0.720434    1.84887   0.321797    2.46174  0.0638908    2.69804    2.81627    2.14018     2.4002 -0.0919244  -0.298233   -0.29617    1.71009    0.99552    2.91498         -0         -0         -0         -0         -0         -0         -0         -0         -0         -0         -0         -0         -0         -0         -0
 -0.588696   0.321797   0.386358  -0.996666    2.50834   0.461552    1.83866    2.80175  -0.780401    2.20264    2.56899   0.528535    1.27776 -0.0234441  -0.846245         -0         -0         -0         -0         -0         -0         -0         -0         -0         -0         -0         -0         -0         -0         -0
-0.986495   2.46174 -0.996666   2.11404   2.58014   2.27923 -0.445303 -0.464324   2.16333  0.920408    1.5993 -0.866046  0.629657 -0.884095   2.51257        -0        -0        -0        -0        -0        -0        -0        -0        -0        -0        -0        -0        -0        -0        -0
  1.19378 0.0638908   2.50834   2.58014  0.107375   1.81208   2.39641   1.41941    2.9549  0.443751    2.8651   1.62424  0.309394   1.12947  0.544638        -0        -0        -0        -0        -0        -0        -0        -0        -0        -0        -0        -0        -0        -0        -0
  2.2759  2.69804 0.461552  2.27923  1.81208  1.42001  2.94603  1.61383  2.61601 0.622059  2.52388  1.97229  1.14286  2.60079 0.463149       -0       -0       -0       -0       -0       -0       -0       -0       -0       -0       -0       -0       -0       -0       -0
0.0463586   2.81627   1.83866 -0.445303   2.39641   2.94603   1.54809   1.95569   2.10936 -0.465766   1.21531  0.756014  0.153539   2.08819  0.655427        -0        -0        -0        -0        -0        -0        -0        -0        -0        -0        -0        -0        -0        -0        -0
  2.07412   2.14018   2.80175 -0.464324   1.41941   1.61383   1.95569 -0.301136   1.50298  -0.60056   1.97447   2.15847   2.52471   2.88549   1.69818        -0        -0        -0        -0        -0        -0        -0        -0        -0        -0        -0        -0        -0        -0        -0
 -0.675322     2.4002  -0.780401    2.16333     2.9549    2.61601    2.10936    1.50298    1.45535    1.32092    1.02686    2.37173   0.117325    1.75927 -0.0121441         -0         -0         -0         -0         -0         -0         -0         -0         -0         -0         -0         -0         -0         -0         -0
   1.11866 -0.0919244    2.20264   0.920408   0.443751   0.622059  -0.465766   -0.60056    1.32092    2.19554  -0.329341  -0.923063     2.1804    1.45992    1.77275         -0         -0         -0         -0         -0         -0         -0         -0         -0         -0         -0         -0         -0         -0         -0
   1.3797 -0.298233   2.56899    1.5993    2.8651   2.52388   1.21531   1.97447   1.02686 -0.329341 -0.429771   1.35401 -0.804634   2.96243  0.878578        -0        -0        -0        -0        -0        -0        -0        -0        -0        -0        -0        -0        -0        -0        -0
-0.0686903   -0.29617   0.528535  -0.866046    1.62424    1.97229   0.756014    2.15847    2.37173  -0.923063    1.35401   0.198902   0.687553   0.113277   0.183221         -0         -0         -0         -0         -0         -0         -0         -0         -0         -0         -0         -0         -0         -0         -0
  1.06067   1.71009   1.27776  0.629657  0.309394   1.14286  0.153539   2.52471  0.117325    2.1804 -0.804634  0.687553   0.96691   2.65882 -0.539694        -0        -0        -0        -0        -0        -0        -0        -0        -0        -0        -0        -0        -0        -0        -0
   1.58737    0.99552 -0.0234441  -0.884095    1.12947    2.60079    2.08819    2.88549    1.75927    1.45992    2.96243   0.113277    2.65882   0.854309    2.84549         -0         -0         -0         -0         -0         -0         -0         -0         -0         -0         -0         -0         -0         -0         -0
   0.23481    2.91498  -0.846245    2.51257   0.544638   0.463149   0.655427    1.69818 -0.0121441    1.77275   0.878578   0.183221  -0.539694    2.84549    1.24743         -0         -0         -0         -0         -0         -0         -0         -0         -0         -0         -0         -0         -0         -0         -0
        -0         -0         -0         -0         -0         -0         -0         -0         -0         -0         -0         -0         -0         -0         -0   -2.19991   0.720434   0.588696   0.986495   -1.19378    -2.2759 -0.0463586   -2.07412   0.675322   -1.11866    -1.3797  0.0686903   -1.06067   -1.58737   -0.23481
        -0         -0         -0         -0         -0         -0         -0         -0         -0         -0         -0         -0         -0         -0         -0   0.720434   -1.84887  -0.321797   -2.46174 -0.0638908   -2.69804   -2.81627   -2.14018    -2.4002  0.0919244   0.298233    0.29617   -1.71009   -0.99552   -2.91498
       -0        -0        -0        -0        -0        -0        -0        -0        -0        -0        -0        -0        -0        -0        -0  0.588696 -0.321797 -0.386358  0.996666  -2.50834 -0.461552  -1.83866  -2.80175  0.780401  -2.20264  -2.56899 -0.528535  -1.27776 0.0234441  0.846245
       -0        -0        -0        -0        -0        -0        -0        -0        -0        -0        -0        -0        -0        -0        -0  0.986495  -2.46174  0.996666  -2.11404  -2.58014  -2.27923  0.445303  0.464324  -2.16333 -0.920408   -1.5993  0.866046 -0.629657  0.884095  -2.51257
        -0         -0         -0         -0         -0         -0         -0         -0         -0         -0         -0         -0         -0         -0         -0   -1.19378 -0.0638908   -2.50834   -2.58014  -0.107375   -1.81208   -2.39641   -1.41941    -2.9549  -0.443751    -2.8651   -1.62424  -0.309394   -1.12947  -0.544638
       -0        -0        -0        -0        -0        -0        -0        -0        -0        -0        -0        -0        -0        -0        -0   -2.2759  -2.69804 -0.461552  -2.27923  -1.81208  -1.42001  -2.94603  -1.61383  -2.61601 -0.622059  -2.52388  -1.97229  -1.14286  -2.60079 -0.463149
        -0         -0         -0         -0         -0         -0         -0         -0         -0         -0         -0         -0         -0         -0         -0 -0.0463586   -2.81627   -1.83866   0.445303   -2.39641   -2.94603   -1.54809   -1.95569   -2.10936   0.465766   -1.21531  -0.756014  -0.153539   -2.08819  -0.655427
      -0       -0       -0       -0       -0       -0       -0       -0       -0       -0       -0       -0       -0       -0       -0 -2.07412 -2.14018 -2.80175 0.464324 -1.41941 -1.61383 -1.95569 0.301136 -1.50298  0.60056 -1.97447 -2.15847 -2.52471 -2.88549 -1.69818
       -0        -0        -0        -0        -0        -0        -0        -0        -0        -0        -0        -0        -0        -0        -0  0.675322   -2.4002  0.780401  -2.16333   -2.9549  -2.61601  -2.10936  -1.50298  -1.45535  -1.32092  -1.02686  -2.37173 -0.117325  -1.75927 0.0121441
       -0        -0        -0        -0        -0        -0        -0        -0        -0        -0        -0        -0        -0        -0        -0  -1.11866 0.0919244  -2.20264 -0.920408 -0.443751 -0.622059  0.465766   0.60056  -1.32092  -2.19554  0.329341  0.923063   -2.1804  -1.45992  -1.77275
       -0        -0        -0        -0        -0        -0        -0        -0        -0        -0        -0        -0        -0        -0        -0   -1.3797  0.298233  -2.56899   -1.5993   -2.8651  -2.52388  -1.21531  -1.97447  -1.02686  0.329341  0.429771  -1.35401  0.804634  -2.96243 -0.878578
       -0        -0        -0        -0        -0        -0        -0        -0        -0        -0        -0        -0        -0        -0        -0 0.0686903   0.29617 -0.528535  0.866046  -1.62424  -1.97229 -0.756014  -2.15847  -2.37173  0.923063  -1.35401 -0.198902 -0.687553 -0.113277 -0.183221
       -0        -0        -0        -0        -0        -0        -0        -0        -0        -0        -0        -0        -0        -0        -0  -1.06067  -1.71009  -1.27776 -0.629657 -0.309394  -1.14286 -0.153539  -2.52471 -0.117325   -2.1804  0.804634 -0.687553  -0.96691  -2.65882  0.539694
       -0        -0        -0        -0        -0        -0        -0        -0        -0        -0        -0        -0        -0        -0        -0  -1.58737  -0.99552 0.0234441  0.884095  -1.12947  -2.60079  -2.08819  -2.88549  -1.75927  -1.45992  -2.96243 -0.113277  -2.65882 -0.854309  -2.84549
       -0        -0        -0        -0        -0        -0        -0        -0        -0        -0        -0        -0        -0        -0        -0  -0.23481  -2.91498  0.846245  -2.51257 -0.544638 -0.463149 -0.655427  -1.69818 0.0121441  -1.77275 -0.878578 -0.183221  0.539694  -2.84549  -1.24743
-0.266968   1.62659 -0.337998   2.83028  0.654153   1.65634  0.488922   2.72039 -0.964995  0.266751   1.03557   2.47481   1.31964   2.19662  0.128152        -0        -0        -0        -0        -0        -0        -0        -0        -0        -0        -0        -0        -0        -0        -0
    1.62659 -0.00949766     1.12459   0.0237155   -0.644529     0.65901    0.771514     2.23845     2.95939     1.55952     2.13091 -0.00984242   -0.320659  -0.0697018    0.193884          -0          -0          -0          -0          -0          -0          -0          -0          -0          -0          -0          -0          -0          -0          -0
-0.337998   1.12459 -0.610633   0.41815 -0.472887   1.14089   2.32034   1.67941  0.300021 -0.914288   1.52122   1.48396   2.38437 -0.516394  0.920559        -0        -0        -0        -0        -0        -0        -0        -0        -0        -0        -0        -0        -0        -0        -0
  2.83028 0.0237155   0.41815   2.81991   1.04352 -0.925512   1.01604  0.861282   2.35535   2.94616   2.33559   2.56052 -0.159147  0.680578  -0.48748        -0        -0        -0        -0        -0        -0        -0        -0        -0        -0        -0        -0        -0        -0        -0
  0.654153  -0.644529  -0.472887    1.04352   0.260425   0.478921    2.81503    2.31293   0.975425  -0.579197    1.48625 -0.0636837  -0.985073  -0.509183    1.03474         -0         -0         -0         -0         -0         -0         -0         -0         -0         -0         -0         -0         -0         -0         -0
  1.65634   0.65901   1.14089 -0.925512  0.478921   0.94495 -0.419233 -0.841672  0.115056   2.39865 -0.503359   1.90476  0.870621  0.419922  0.935485        -0        -0        -0        -0        -0        -0        -0        -0        -0        -0        -0        -0        -0        -0        -0
 0.488922  0.771514   2.32034   1.01604   2.81503 -0.419233   1.37732   2.80623   2.93611 -0.895513 -0.549358   1.95916  0.337493 -0.414663   1.38314        -0        -0        -0        -0        -0        -0        -0        -0        -0        -0        -0        -0        -0        -0        -0
  2.72039   2.23845   1.67941  0.861282   2.31293 -0.841672   2.80623  0.308642 -0.647252 -0.772966   1.42237 0.0408034 -0.534431   2.44998   2.37223        -0        -0        -0        -0        -0        -0        -0        -0        -0        -0        -0        -0        -0        -0        -0
-0.964995   2.95939  0.300021   2.35535  0.975425  0.115056   2.93611 -0.647252   0.91174 -0.292712 -0.150611   2.13179 -0.707011   1.46073   1.40105        -0        -0        -0        -0        -0        -0        -0        -0        -0        -0        -0        -0        -0        -0        -0
 0.266751   1.55952 -0.914288   2.94616 -0.579197   2.39865 -0.895513 -0.772966 -0.292712   2.09591   1.36238   2.66645   1.18688   2.71713   1.67613        -0        -0        -0        -0        -0        -0        -0        -0        -0        -0        -0        -0        -0        -0        -0
  1.03557   2.13091   1.52122   2.33559   1.48625 -0.503359 -0.549358   1.42237 -0.150611   1.36238   2.47705 -0.863283   1.82795   2.11644  0.559112        -0        -0        -0        -0        -0        -0        -0        -0        -0        -0        -0        -0        -0        -0        -0
