10
1
10
  0.629493  0.0435443 -0.0878233 -0.0567375   -0.33348 -0.0910197  -0.336018  0.0657918  0.0410787  -0.593711
-27.8946 -4.44537 -1.91148 -7.50465 -20.2371 -10.2814 -7.93042 -12.5899 -17.0012 -5.05641
-4.44537 -18.0719 -13.2316 -7.41339 -5.60195 -6.00833 -5.05517 -9.78091 -9.60088 -14.1751
-1.91148 -13.2316 -23.7758 -10.6174 -9.52578 -3.99557 -9.05905 -8.13467  -8.1749 -17.8761
-7.50465 -7.41339 -10.6174 -14.1423 -13.4158  -5.0441  -10.662 -4.97846 -11.0711 -11.8996
-20.2371 -5.60195 -9.52578 -13.4158 -36.0806 -11.0452   -17.97 -12.3579  -18.488  -9.1139
-10.2814 -6.00833 -3.99557  -5.0441 -11.0452 -13.1078 -6.22405  -7.9049 -8.83651 -1.56133
-7.93042 -5.05517 -9.05905  -10.662   -17.97 -6.22405  -17.608 -5.09157 -10.0627 -7.52643
-12.5899 -9.78091 -8.13467 -4.97846 -12.3579  -7.9049 -5.09157 -17.9837 -12.8767 -6.94103
-17.0012 -9.60088  -8.1749 -11.0711  -18.488 -8.83651 -10.0627 -12.8767  -19.718 -10.9127
-5.05641 -14.1751 -17.8761 -11.8996  -9.1139 -1.56133 -7.52643 -6.94103 -10.9127 -31.5778
-0.316284 -0.883227   2.78596  0.792453   2.58779        -0        -0        -0        -0        -0
-0.883227  0.182055  0.273262   1.68121   2.87963        -0        -0        -0        -0        -0
  2.78596  0.273262   1.11983 -0.544916   1.37242        -0        -0        -0        -0        -0
 0.792453   1.68121 -0.544916 -0.316626   2.69545        -0        -0        -0        -0        -0
2.58779 2.87963 1.37242 2.69545 0.39892      -0      -0      -0      -0      -0
       -0        -0        -0        -0        -0  0.316284  0.883227  -2.78596 -0.792453  -2.58779
       -0        -0        -0        -0        -0  0.883227 -0.182055 -0.273262  -1.68121  -2.87963
       -0        -0        -0        -0        -0  -2.78596 -0.273262  -1.11983  0.544916  -1.37242
       -0        -0        -0        -0        -0 -0.792453  -1.68121  0.544916  0.316626  -2.69545
      -0       -0       -0       -0       -0 -2.58779 -2.87963 -1.37242 -2.69545 -0.39892
  0.917004 -0.0523981  -0.535663    2.23775    1.53419         -0         -0         -0         -0         -0
-0.0523981   0.606813   -0.43575  -0.413087    2.15004         -0         -0         -0         -0         -0
-0.535663  -0.43575   1.68613   2.15918  -0.37176        -0        -0        -0        -0        -0
  2.23775 -0.413087   2.15918  0.357582   1.98928        -0        -0        -0        -0        -0
 1.53419  2.15004 -0.37176  1.98928  2.83341       -0       -0       -0       -0       -0
       -0        -0        -0        -0        -0 -0.917004 0.0523981  0.535663  -2.23775  -1.53419
       -0        -0        -0        -0        -0 0.0523981 -0.606813   0.43575  0.413087  -2.15004
      -0       -0       -0       -0       -0 0.535663  0.43575 -1.68613 -2.15918  0.37176
       -0        -0        -0        -0        -0  -2.23775  0.413087  -2.15918 -0.357582  -1.98928
      -0       -0       -0       -0       -0 -1.53419 -2.15004  0.37176 -1.98928 -2.83341
 1.33574 0.111955  1.33143  1.65915 0.232382       -0       -0       -0       -0       -0
 0.111955   1.62517   1.33473 -0.454501 -0.416962        -0        -0        -0        -0        -0
 1.33143  1.33473 0.155076  2.34646  0.93337       -0       -0       -0       -0       -0
  1.65915 -0.454501   2.34646  0.345288 -0.608435        -0        -0        -0        -0        -0
 0.232382 -0.416962   0.93337 -0.608435   0.94062        -0        -0        -0        -0        -0
       -0        -0        -0        -0        -0  -1.33574 -0.111955  -1.33143  -1.65915 -0.232382
       -0        -0        -0        -0        -0 -0.111955  -1.62517  -1.33473  0.454501  0.416962
       -0        -0        -0        -0        -0  -1.33143  -1.33473 -0.155076  -2.34646  -0.93337
       -0        -0        -0        -0        -0  -1.65915  0.454501  -2.34646 -0.345288  0.608435
       -0        -0        -0        -0        -0 -0.232382  0.416962  -0.93337  0.608435  -0.94062
    2.8804 -0.0759363    1.76462   0.725965  -0.746868         -0         -0         -0         -0         -0
-0.0759363    1.84438   0.749055   0.663993   0.540196         -0         -0         -0         -0         -0
 1.76462 0.749055   1.1777 0.470921  1.29065       -0       -0       -0       -0       -0
0.725965 0.663993 0.470921  1.88104  2.59959       -0       -0       -0       -0       -0
-0.746868  0.540196   1.29065   2.59959   1.88548        -0        -0        -0        -0        -0
       -0        -0        -0        -0        -0   -2.8804 0.0759363  -1.76462 -0.725965  0.746868
       -0        -0        -0        -0        -0 0.0759363  -1.84438 -0.749055 -0.663993 -0.540196
       -0        -0        -0        -0        -0  -1.76462 -0.749055   -1.1777 -0.470921  -1.29065
       -0        -0        -0        -0        -0 -0.725965 -0.663993 -0.470921  -1.88104  -2.59959
       -0        -0        -0        -0        -0  0.746868 -0.540196  -1.29065  -2.59959  -1.88548
   2.63711   0.409142    1.06433  -0.643576 -0.0537981         -0         -0         -0         -0         -0
 0.409142  0.450876   2.42386  0.321051 -0.739908        -0        -0        -0        -0        -0
  1.06433   2.42386 -0.196113  0.810015   1.31761        -0        -0        -0        -0        -0
-0.643576  0.321051  0.810015   1.53413   1.41712        -0        -0        -0        -0        -0
-0.0537981  -0.739908    1.31761    1.41712    2.14113         -0         -0         -0         -0         -0
       -0        -0        -0        -0        -0  -2.63711 -0.409142  -1.06433  0.643576 0.0537981
       -0        -0        -0        -0        -0 -0.409142 -0.450876  -2.42386 -0.321051  0.739908
       -0        -0        -0        -0        -0  -1.06433  -2.42386  0.196113 -0.810015  -1.31761
       -0        -0        -0        -0        -0  0.643576 -0.321051 -0.810015  -1.53413  -1.41712
       -0        -0        -0        -0        -0 0.0537981  0.739908  -1.31761  -1.41712  -2.14113
-0.937234   2.56681 -0.674635    1.9714    1.4291        -0        -0        -0        -0        -0
  2.56681   0.99053 -0.555523   1.53899 -0.868292        -0        -0        -0        -0        -0
-0.674635 -0.555523  0.011886   1.36814   1.41647        -0        -0        -0        -0        -0
  1.9714  1.53899  1.36814  2.77528 -0.76089       -0       -0       -0       -0       -0
   1.4291 -0.868292   1.41647  -0.76089   1.66583        -0        -0        -0        -0        -0
      -0       -0       -0       -0       -0 0.937234 -2.56681 0.674635  -1.9714  -1.4291
      -0       -0       -0       -0       -0 -2.56681 -0.99053 0.555523 -1.53899 0.868292
       -0        -0        -0        -0        -0  0.674635  0.555523 -0.011886  -1.36814  -1.41647
      -0       -0       -0       -0       -0  -1.9714 -1.53899 -1.36814 -2.77528  0.76089
      -0       -0       -0       -0       -0  -1.4291 0.868292 -1.41647  0.76089 -1.66583
  2.07009   1.06706 -0.457461  0.355428 -0.260714        -0        -0        -0        -0        -0
 1.06706 0.450468   1.3152  2.96973 0.338711       -0       -0       -0       -0       -0
-0.457461    1.3152  0.794418  0.795012   1.98338        -0        -0        -0        -0        -0
0.355428  2.96973 0.795012  1.36731  2.10742       -0       -0       -0       -0       -0
-0.260714  0.338711   1.98338   2.10742  0.113994        -0        -0        -0        -0        -0
       -0        -0        -0        -0        -0  -2.07009  -1.06706  0.457461 -0.355428  0.260714
       -0        -0        -0        -0        -0  -1.06706 -0.450468   -1.3152  -2.96973 -0.338711
       -0        -0        -0        -0        -0  0.457461   -1.3152 -0.794418 -0.795012  -1.98338
       -0        -0        -0        -0        -0 -0.355428  -2.96973 -0.795012  -1.36731  -2.10742
       -0        -0        -0        -0        -0  0.260714 -0.338711  -1.98338  -2.10742 -0.113994
-0.921194   2.91154   1.56337  -0.79257   2.31864        -0        -0        -0        -0        -0
   2.91154   0.565372 -0.0954798   0.378603    2.35728         -0         -0         -0         -0         -0
    1.56337  -0.0954798   -0.596457    0.968107 -0.00730656          -0          -0          -0          -0          -0
-0.79257 0.378603 0.968107  1.00185 0.113654       -0       -0       -0       -0       -0
    2.31864     2.35728 -0.00730656    0.113654    0.724589          -0          -0          -0          -0          -0
      -0       -0       -0       -0       -0 0.921194 -2.91154 -1.56337  0.79257 -2.31864
       -0        -0        -0        -0        -0  -2.91154 -0.565372 0.0954798 -0.378603  -2.35728
        -0         -0         -0         -0         -0   -1.56337  0.0954798   0.596457  -0.968107 0.00730656
       -0        -0        -0        -0        -0   0.79257 -0.378603 -0.968107  -1.00185 -0.113654
        -0         -0         -0         -0         -0   -2.31864   -2.35728 0.00730656  -0.113654  -0.724589
 0.437084 -0.822705 -0.727493     2.513 -0.270578        -0        -0        -0        -0        -0
-0.822705 -0.500729  0.334533   0.79682  -0.87603        -0        -0        -0        -0        -0
-0.727493  0.334533 -0.440077 0.0765143 -0.988512        -0        -0        -0        -0        -0
    2.513   0.79682 0.0765143   2.91654   1.69753        -0        -0        -0        -0        -0
-0.270578  -0.87603 -0.988512   1.69753   1.12582        -0        -0        -0        -0        -0
       -0        -0        -0        -0        -0 -0.437084  0.822705  0.727493    -2.513  0.270578
       -0        -0        -0        -0        -0  0.822705  0.500729 -0.334533  -0.79682   0.87603
        -0         -0         -0         -0         -0   0.727493  -0.334533   0.440077 -0.0765143   0.988512
        -0         -0         -0         -0         -0     -2.513   -0.79682 -0.0765143   -2.91654   -1.69753
      -0       -0       -0       -0       -0 0.270578  0.87603 0.988512 -1.69753 -1.12582
0.0344537   2.20768  0.943129   2.37852  0.377801        -0        -0        -0        -0        -0
  2.20768   2.46423   1.44828 -0.287485   2.45144        -0        -0        -0        -0        -0
 0.943129   1.44828 -0.616032  0.205807  0.742781        -0        -0        -0        -0        -0
  2.37852 -0.287485  0.205807   2.93844   1.45432        -0        -0        -0        -0        -0
0.377801  2.45144 0.742781  1.45432  2.36798       -0       -0       -0       -0       -0
        -0         -0         -0         -0         -0 -0.0344537   -2.20768  -0.943129   -2.37852  -0.377801
      -0       -0       -0       -0       -0 -2.20768 -2.46423 -1.44828 0.287485 -2.45144
       -0        -0        -0        -0        -0 -0.943129  -1.44828  0.616032 -0.205807 -0.742781
       -0        -0        -0        -0        -0  -2.37852  0.287485 -0.205807  -2.93844  -1.45432
       -0        -0        -0        -0        -0 -0.377801  -2.45144 -0.742781  -1.45432  -2.36798
