10
1
10
-0.0638196  -0.254584    0.49491  -0.315769   0.409061  -0.577825   0.108601  -0.107008   0.147743  -0.200459
 -32.7218  -16.3992  -11.3725   -11.239  -6.51061  -15.2771  -11.7869 -0.646634  -12.0097  -7.46637
-16.3992 -35.5452 -5.93207 -17.4644 -3.35426 -12.9509 -7.44244 -2.76811 -9.20533 -19.3198
-11.3725 -5.93207 -14.4278  -4.1166  -3.8505 -7.32409 -6.37808 -2.95768 -5.80927 -3.61674
 -11.239 -17.4644  -4.1166 -18.1398 -4.30152 -11.2806 -5.51856 -1.35504 -5.07106 -14.7304
-6.51061 -3.35426  -3.8505 -4.30152 -18.2392 0.325411 -14.5088  5.46883 -7.17109  -11.956
-15.2771 -12.9509 -7.32409 -11.2806 0.325411 -20.8154 -3.43991 -5.04957 -6.99311 -10.6206
-11.7869 -7.44244 -6.37808 -5.51856 -14.5088 -3.43991 -21.5567   4.0033 -11.0814   -10.15
-0.646634  -2.76811  -2.95768  -1.35504   5.46883  -5.04957    4.0033  -10.4543   2.34239    1.2841
-12.0097 -9.20533 -5.80927 -5.07106 -7.17109 -6.99311 -11.0814  2.34239 -20.6373 -8.67554
-7.46637 -19.3198 -3.61674 -14.7304  -11.956 -10.6206   -10.15   1.2841 -8.67554  -27.116
  -0.424726     1.99019     1.97761 0.000820345     2.07884          -0          -0          -0          -0          -0
  1.99019 -0.168611   2.98814   2.92442 -0.247142        -0        -0        -0        -0        -0
 1.97761  2.98814  1.23984 0.577009   1.4015       -0       -0       -0       -0       -0
0.000820345     2.92442    0.577009    0.383736   -0.752216          -0          -0          -0          -0          -0
  2.07884 -0.247142    1.4015 -0.752216  0.694577        -0        -0        -0        -0        -0
          -0           -0           -0           -0           -0     0.424726     -1.99019     -1.97761 -0.000820345     -2.07884
      -0       -0       -0       -0       -0 -1.99019 0.168611 -2.98814 -2.92442 0.247142
       -0        -0        -0        -0        -0  -1.97761  -2.98814  -1.23984 -0.577009   -1.4015
          -0           -0           -0           -0           -0 -0.000820345     -2.92442    -0.577009    -0.383736     0.752216
       -0        -0        -0        -0        -0  -2.07884  0.247142   -1.4015  0.752216 -0.694577
-0.910658   1.25163 0.0846424   2.89672  0.196154        -0        -0        -0        -0        -0
 1.25163 0.186273  1.81988  2.10746  2.13738       -0       -0       -0       -0       -0
0.0846424   1.81988   1.88457   1.98557   0.50369        -0        -0        -0        -0        -0
2.89672 2.10746 1.98557 1.13656 1.77316      -0      -0      -0      -0      -0
 0.196154   2.13738   0.50369   1.77316 -0.478887        -0        -0        -0        -0        -0
        -0         -0         -0         -0         -0   0.910658   -1.25163 -0.0846424   -2.89672  -0.196154
       -0        -0        -0        -0        -0  -1.25163 -0.186273  -1.81988  -2.10746  -2.13738
        -0         -0         -0         -0         -0 -0.0846424   -1.81988   -1.88457   -1.98557   -0.50369
      -0       -0       -0       -0       -0 -2.89672 -2.10746 -1.98557 -1.13656 -1.77316
       -0        -0        -0        -0        -0 -0.196154  -2.13738  -0.50369  -1.77316  0.478887
  1.95821   1.96855 -0.249052  0.299496   2.19359        -0        -0        -0        -0        -0
  1.96855  0.449047  0.546586  -0.12812 -0.919221        -0        -0        -0        -0        -0
-0.249052  0.546586   2.24632 -0.803837 -0.890822        -0        -0        -0        -0        -0
 0.299496  -0.12812 -0.803837 -0.815938   1.17917        -0        -0        -0        -0        -0
  2.19359 -0.919221 -0.890822   1.17917   1.21734        -0        -0        -0        -0        -0
       -0        -0        -0        -0        -0  -1.95821  -1.96855  0.249052 -0.299496  -2.19359
       -0        -0        -0        -0        -0  -1.96855 -0.449047 -0.546586   0.12812  0.919221
       -0        -0        -0        -0        -0  0.249052 -0.546586  -2.24632  0.803837  0.890822
       -0        -0        -0        -0        -0 -0.299496   0.12812  0.803837  0.815938  -1.17917
      -0       -0       -0       -0       -0 -2.19359 0.919221 0.890822 -1.17917 -1.21734
0.688445 0.875827  1.10027  2.01914 -0.66383       -0       -0       -0       -0       -0
0.875827  1.15034  1.11835  1.86184  2.56495       -0       -0       -0       -0       -0
   1.10027    1.11835 -0.0409081    1.95989    2.52096         -0         -0         -0         -0         -0
  2.01914   1.86184   1.95989   1.26546 -0.467666        -0        -0        -0        -0        -0
 -0.66383   2.56495   2.52096 -0.467666   2.74901        -0        -0        -0        -0        -0
       -0        -0        -0        -0        -0 -0.688445 -0.875827  -1.10027  -2.01914   0.66383
       -0        -0        -0        -0        -0 -0.875827  -1.15034  -1.11835  -1.86184  -2.56495
       -0        -0        -0        -0        -0  -1.10027  -1.11835 0.0409081  -1.95989  -2.52096
      -0       -0       -0       -0       -0 -2.01914 -1.86184 -1.95989 -1.26546 0.467666
      -0       -0       -0       -0       -0  0.66383 -2.56495 -2.52096 0.467666 -2.74901
-0.47732  1.04713  2.42889  2.17282  2.95912       -0       -0       -0       -0       -0
 1.04713   1.3203 0.277671 0.529651  2.15105       -0       -0       -0       -0       -0
 2.42889 0.277671  2.66278  1.54581  1.50238       -0       -0       -0       -0       -0
  2.17282  0.529651   1.54581 -0.868087   1.91901        -0        -0        -0        -0        -0
 2.95912  2.15105  1.50238  1.91901 0.416507       -0       -0       -0       -0       -0
      -0       -0       -0       -0       -0  0.47732 -1.04713 -2.42889 -2.17282 -2.95912
       -0        -0        -0        -0        -0  -1.04713   -1.3203 -0.277671 -0.529651  -2.15105
       -0        -0        -0        -0        -0  -2.42889 -0.277671  -2.66278  -1.54581  -1.50238
       -0        -0        -0        -0        -0  -2.17282 -0.529651  -1.54581  0.868087  -1.91901
       -0        -0        -0        -0        -0  -2.95912  -2.15105  -1.50238  -1.91901 -0.416507
  0.15146 -0.269526  0.418534  0.659695   2.71438        -0        -0        -0        -0        -0
-0.269526  0.195098    1.6074   1.12784 -0.504708        -0        -0        -0        -0        -0
 0.418534    1.6074 -0.852741   2.28692   2.08687        -0        -0        -0        -0        -0
0.659695  1.12784  2.28692 0.322472   1.2602       -0       -0       -0       -0       -0
  2.71438 -0.504708   2.08687    1.2602 -0.372795        -0        -0        -0        -0        -0
       -0        -0        -0        -0        -0  -0.15146  0.269526 -0.418534 -0.659695  -2.71438
       -0        -0        -0        -0        -0  0.269526 -0.195098   -1.6074  -1.12784  0.504708
       -0        -0        -0        -0        -0 -0.418534   -1.6074  0.852741  -2.28692  -2.08687
       -0        -0        -0        -0        -0 -0.659695  -1.12784  -2.28692 -0.322472   -1.2602
      -0       -0       -0       -0       -0 -2.71438 0.504708 -2.08687  -1.2602 0.372795
  1.72741  0.194763 -0.818971   1.07573  -0.91639        -0        -0        -0        -0        -0
0.194763  1.38125   1.9067 0.113006  2.88268       -0       -0       -0       -0       -0
-0.818971    1.9067 -0.751231   1.07437  0.939793        -0        -0        -0        -0        -0
 1.07573 0.113006  1.07437  1.22298  2.37052       -0       -0       -0       -0       -0
-0.91639  2.88268 0.939793  2.37052 0.205151       -0       -0       -0       -0       -0
       -0        -0        -0        -0        -0  -1.72741 -0.194763  0.818971  -1.07573   0.91639
       -0        -0        -0        -0        -0 -0.194763  -1.38125   -1.9067 -0.113006  -2.88268
       -0        -0        -0        -0        -0  0.818971   -1.9067  0.751231  -1.07437 -0.939793
       -0        -0        -0        -0        -0  -1.07573 -0.113006  -1.07437  -1.22298  -2.37052
       -0        -0        -0        -0        -0   0.91639  -2.88268 -0.939793  -2.37052 -0.205151
  2.49701   1.32765 -0.297241   2.97602   2.85055        -0        -0        -0        -0        -0
 1.32765 0.311295  2.30067 0.277301  1.30051       -0       -0       -0       -0       -0
-0.297241   2.30067 -0.077656 -0.616413   1.08478        -0        -0        -0        -0        -0
  2.97602  0.277301 -0.616413 -0.775215  0.924917        -0        -0        -0        -0        -0
  2.85055   1.30051   1.08478  0.924917 -0.476506        -0        -0        -0        -0        -0
      -0       -0       -0       -0       -0 -2.49701 -1.32765 0.297241 -2.97602 -2.85055
       -0        -0        -0        -0        -0  -1.32765 -0.311295  -2.30067 -0.277301  -1.30051
      -0       -0       -0       -0       -0 0.297241 -2.30067 0.077656 0.616413 -1.08478
       -0        -0        -0        -0        -0  -2.97602 -0.277301  0.616413  0.775215 -0.924917
       -0        -0        -0        -0        -0  -2.85055  -1.30051  -1.08478 -0.924917  0.476506
 0.896732  0.611325  0.809069  0.769804 -0.477121        -0        -0        -0        -0        -0
0.611325  2.33354 0.639417  1.07625  1.66816       -0       -0       -0       -0       -0
 0.809069  0.639417   2.22871   2.04599 -0.550172        -0        -0        -0        -0        -0
  0.769804    1.07625    2.04599    1.69215 -0.0935347         -0         -0         -0         -0         -0
 -0.477121    1.66816  -0.550172 -0.0935347    1.89295         -0         -0         -0         -0         -0
       -0        -0        -0        -0        -0 -0.896732 -0.611325 -0.809069 -0.769804  0.477121
       -0        -0        -0        -0        -0 -0.611325  -2.33354 -0.639417  -1.07625  -1.66816
       -0        -0        -0        -0        -0 -0.809069 -0.639417  -2.22871  -2.04599  0.550172
       -0        -0        -0        -0        -0 -0.769804  -1.07625  -2.04599  -1.69215 0.0935347
       -0        -0        -0        -0        -0  0.477121  -1.66816  0.550172 0.0935347  -1.89295
 0.421601  0.716954   1.06951   1.49059 -0.569041        -0        -0        -0        -0        -0
 0.716954  0.403113   2.73445 -0.657457   2.48911        -0        -0        -0        -0        -0
  1.06951   2.73445 -0.426826 -0.314362   2.79229        -0        -0        -0        -0        -0
  1.49059 -0.657457 -0.314362  0.719307   2.47695        -0        -0        -0        -0        -0
-0.569041   2.48911   2.79229   2.47695   1.18126        -0        -0        -0        -0        -0
       -0        -0        -0        -0        -0 -0.421601 -0.716954  -1.06951  -1.49059  0.569041
       -0        -0        -0        -0        -0 -0.716954 -0.403113  -2.73445  0.657457  -2.48911
      -0       -0       -0       -0       -0 -1.06951 -2.73445 0.426826 0.314362 -2.79229
       -0        -0        -0        -0        -0  -1.49059  0.657457  0.314362 -0.719307  -2.47695
      -0       -0       -0       -0       -0 0.569041 -2.48911 -2.79229 -2.47695 -1.18126
