10
1
10
 -0.353451   0.135689  -0.428589  -0.199323  -0.216424  -0.584871 -0.0855312   0.322286   0.249035   0.266696
  -10.0906 -0.0819216   -8.68567   -1.53018   -4.13409   -4.02177   0.660387   -5.39154    -4.5014   -3.38794
-0.0819216   -27.5356   -6.72278   0.496796    1.43436   -16.6901   -22.5721    -16.557     2.7185   -5.89792
-8.68567 -6.72278 -31.6163 -7.41902 -6.67605 -26.2539 -10.7167 -16.0503  -8.5026 -11.2855
 -1.53018  0.496796  -7.41902  -19.1421  -6.07608  -16.1376 -0.655607  -9.71788  -6.06768  -8.49142
 -4.13409   1.43436  -6.67605  -6.07608   -14.527  -10.2791  -2.21714  -6.74374  -7.39593 -0.781871
-4.02177 -16.6901 -26.2539 -16.1376 -10.2791 -45.1271 -19.6152 -28.9793 -8.53644 -13.5946
 0.660387  -22.5721  -10.7167 -0.655607  -2.21714  -19.6152   -28.559   -16.683  -2.59373  -2.66074
-5.39154  -16.557 -16.0503 -9.71788 -6.74374 -28.9793  -16.683 -29.3222 -6.87199  -6.9403
  -4.5014    2.7185   -8.5026  -6.06768  -7.39593  -8.53644  -2.59373  -6.87199  -12.1576 -0.608695
 -3.38794  -5.89792  -11.2855  -8.49142 -0.781871  -13.5946  -2.66074   -6.9403 -0.608695  -15.2276
-0.124204   1.43957   2.24446   2.81351   1.68587        -0        -0        -0        -0        -0
  1.43957 -0.758603   1.22559   1.33888   0.41023        -0        -0        -0        -0        -0
  2.24446   1.22559   2.32909 -0.500066 -0.323938        -0        -0        -0        -0        -0
  2.81351   1.33888 -0.500066 -0.786931 -0.541272        -0        -0        -0        -0        -0
  1.68587   0.41023 -0.323938 -0.541272   2.54933        -0        -0        -0        -0        -0
      -0       -0       -0       -0       -0 0.124204 -1.43957 -2.24446 -2.81351 -1.68587
      -0       -0       -0       -0       -0 -1.43957 0.758603 -1.22559 -1.33888 -0.41023
      -0       -0       -0       -0       -0 -2.24446 -1.22559 -2.32909 0.500066 0.323938
      -0       -0       -0       -0       -0 -2.81351 -1.33888 0.500066 0.786931 0.541272
      -0       -0       -0       -0       -0 -1.68587 -0.41023 0.323938 0.541272 -2.54933
  0.30519  0.310559 -0.736614   1.38193   1.06814        -0        -0        -0        -0        -0
 0.310559  0.867051 -0.638056   1.08377  0.524526        -0        -0        -0        -0        -0
-0.736614 -0.638056   2.47846   1.62693    1.7101        -0        -0        -0        -0        -0
1.38193 1.08377 1.62693 0.71102 1.56807      -0      -0      -0      -0      -0
 1.06814 0.524526   1.7101  1.56807 0.737596       -0       -0       -0       -0       -0
       -0        -0        -0        -0        -0  -0.30519 -0.310559  0.736614  -1.38193  -1.06814
       -0        -0        -0        -0        -0 -0.310559 -0.867051  0.638056  -1.08377 -0.524526
      -0       -0       -0       -0       -0 0.736614 0.638056 -2.47846 -1.62693  -1.7101
      -0       -0       -0       -0       -0 -1.38193 -1.08377 -1.62693 -0.71102 -1.56807
       -0        -0        -0        -0        -0  -1.06814 -0.524526   -1.7101  -1.56807 -0.737596
  2.49233   1.69715  0.174676   2.56894 -0.143874        -0        -0        -0        -0        -0
 1.69715 0.473579  1.17047  1.00034 0.429331       -0       -0       -0       -0       -0
 0.174676   1.17047 -0.668116 -0.545215   1.92342        -0        -0        -0        -0        -0
  2.56894   1.00034 -0.545215    2.0474   2.48305        -0        -0        -0        -0        -0
-0.143874  0.429331   1.92342   2.48305   2.14035        -0        -0        -0        -0        -0
       -0        -0        -0        -0        -0  -2.49233  -1.69715 -0.174676  -2.56894  0.143874
       -0        -0        -0        -0        -0  -1.69715 -0.473579  -1.17047  -1.00034 -0.429331
       -0        -0        -0        -0        -0 -0.174676  -1.17047  0.668116  0.545215  -1.92342
      -0       -0       -0       -0       -0 -2.56894 -1.00034 0.545215  -2.0474 -2.48305
       -0        -0        -0        -0        -0  0.143874 -0.429331  -1.92342  -2.48305  -2.14035
 2.29464  1.40247  2.08587 0.603875  2.37067       -0       -0       -0       -0       -0
  1.40247  0.497075 -0.752551  0.446933  0.504702        -0        -0        -0        -0        -0
  2.08587 -0.752551   2.13904   2.27783  0.184224        -0        -0        -0        -0        -0
0.603875 0.446933  2.27783  0.93576  2.82545       -0       -0       -0       -0       -0
 2.37067 0.504702 0.184224  2.82545  -0.4479       -0       -0       -0       -0       -0
       -0        -0        -0        -0        -0  -2.29464  -1.40247  -2.08587 -0.603875  -2.37067
       -0        -0        -0        -0        -0  -1.40247 -0.497075  0.752551 -0.446933 -0.504702
       -0        -0        -0        -0        -0  -2.08587  0.752551  -2.13904  -2.27783 -0.184224
       -0        -0        -0        -0        -0 -0.603875 -0.446933  -2.27783  -0.93576  -2.82545
       -0        -0        -0        -0        -0  -2.37067 -0.504702 -0.184224  -2.82545    0.4479
 1.02387 0.121783 0.835083 0.409224  2.09424       -0       -0       -0       -0       -0
 0.121783 -0.758063 -0.810866   1.29415   1.15214        -0        -0        -0        -0        -0
 0.835083 -0.810866   2.74376  0.986882 -0.986656        -0        -0        -0        -0        -0
 0.409224   1.29415  0.986882 -0.451734   1.37206        -0        -0        -0        -0        -0
  2.09424   1.15214 -0.986656   1.37206 -0.912099        -0        -0        -0        -0        -0
       -0        -0        -0        -0        -0  -1.02387 -0.121783 -0.835083 -0.409224  -2.09424
       -0        -0        -0        -0        -0 -0.121783  0.758063  0.810866  -1.29415  -1.15214
       -0        -0        -0        -0        -0 -0.835083  0.810866  -2.74376 -0.986882  0.986656
       -0        -0        -0        -0        -0 -0.409224  -1.29415 -0.986882  0.451734  -1.37206
      -0       -0       -0       -0       -0 -2.09424 -1.15214 0.986656 -1.37206 0.912099
   2.19723     1.1447    1.41439   0.841244 -0.0368554         -0         -0         -0         -0         -0
  1.1447  1.40533 0.247918 0.965294  1.99423       -0       -0       -0       -0       -0
 1.41439 0.247918  2.59456  2.22371  2.46773       -0       -0       -0       -0       -0
0.841244 0.965294  2.22371 0.585004  1.95003       -0       -0       -0       -0       -0
-0.0368554    1.99423    2.46773    1.95003    2.54249         -0         -0         -0         -0         -0
       -0        -0        -0        -0        -0  -2.19723   -1.1447  -1.41439 -0.841244 0.0368554
       -0        -0        -0        -0        -0   -1.1447  -1.40533 -0.247918 -0.965294  -1.99423
       -0        -0        -0        -0        -0  -1.41439 -0.247918  -2.59456  -2.22371  -2.46773
       -0        -0        -0        -0        -0 -0.841244 -0.965294  -2.22371 -0.585004  -1.95003
       -0        -0        -0        -0        -0 0.0368554  -1.99423  -2.46773  -1.95003  -2.54249
 1.03414 0.782535  2.72724  2.38412 0.928472       -0       -0       -0       -0       -0
 0.782535  0.244718  0.519842  -0.60861 -0.180075        -0        -0        -0        -0        -0
 2.72724 0.519842  -0.9685  1.89389  1.48689       -0       -0       -0       -0       -0
 2.38412 -0.60861  1.89389  1.97868 0.152184       -0       -0       -0       -0       -0
 0.928472 -0.180075   1.48689  0.152184   1.40493        -0        -0        -0        -0        -0
       -0        -0        -0        -0        -0  -1.03414 -0.782535  -2.72724  -2.38412 -0.928472
       -0        -0        -0        -0        -0 -0.782535 -0.244718 -0.519842   0.60861  0.180075
       -0        -0        -0        -0        -0  -2.72724 -0.519842    0.9685  -1.89389  -1.48689
       -0        -0        -0        -0        -0  -2.38412   0.60861  -1.89389  -1.97868 -0.152184
       -0        -0        -0        -0        -0 -0.928472  0.180075  -1.48689 -0.152184  -1.40493
 2.66047 -0.05835  2.52595  1.08073  1.95978       -0       -0       -0       -0       -0
-0.05835 0.162349 -0.58118 0.412256  0.49635       -0       -0       -0       -0       -0
  2.52595  -0.58118 -0.545445    0.3138   2.78065        -0        -0        -0        -0        -0
 1.08073 0.412256   0.3138  1.11223  0.85367       -0       -0       -0       -0       -0
  1.95978   0.49635   2.78065   0.85367 -0.524969        -0        -0        -0        -0        -0
      -0       -0       -0       -0       -0 -2.66047  0.05835 -2.52595 -1.08073 -1.95978
       -0        -0        -0        -0        -0   0.05835 -0.162349   0.58118 -0.412256  -0.49635
      -0       -0       -0       -0       -0 -2.52595  0.58118 0.545445  -0.3138 -2.78065
       -0        -0        -0        -0        -0  -1.08073 -0.412256   -0.3138  -1.11223  -0.85367
      -0       -0       -0       -0       -0 -1.95978 -0.49635 -2.78065 -0.85367 0.524969
-0.697752   2.69988 -0.884989  0.950006 -0.110246        -0        -0        -0        -0        -0
  2.69988   1.44961   1.04069   1.75058 -0.514712        -0        -0        -0        -0        -0
-0.884989   1.04069   1.74017 0.0957957  0.847852        -0        -0        -0        -0        -0
 0.950006   1.75058 0.0957957   1.40456   1.20355        -0        -0        -0        -0        -0
-0.110246 -0.514712  0.847852   1.20355   1.59752        -0        -0        -0        -0        -0
       -0        -0        -0        -0        -0  0.697752  -2.69988  0.884989 -0.950006  0.110246
      -0       -0       -0       -0       -0 -2.69988 -1.44961 -1.04069 -1.75058 0.514712
        -0         -0         -0         -0         -0   0.884989   -1.04069   -1.74017 -0.0957957  -0.847852
        -0         -0         -0         -0         -0  -0.950006   -1.75058 -0.0957957   -1.40456   -1.20355
       -0        -0        -0        -0        -0  0.110246  0.514712 -0.847852  -1.20355  -1.59752
 0.237109 -0.431102   2.73347  -0.86342  0.380446        -0        -0        -0        -0        -0
-0.431102  0.320003  0.563738   1.89814 -0.173246        -0        -0        -0        -0        -0
  2.73347  0.563738   1.55876  -0.29653 -0.126649        -0        -0        -0        -0        -0
-0.86342  1.89814 -0.29653  1.87675  1.47624       -0       -0       -0       -0       -0
 0.380446 -0.173246 -0.126649   1.47624   2.23131        -0        -0        -0        -0        -0
       -0        -0        -0        -0        -0 -0.237109  0.431102  -2.73347   0.86342 -0.380446
       -0        -0        -0        -0        -0  0.431102 -0.320003 -0.563738  -1.89814  0.173246
       -0        -0        -0        -0        -0  -2.73347 -0.563738  -1.55876   0.29653  0.126649
      -0       -0       -0       -0       -0  0.86342 -1.89814  0.29653 -1.87675 -1.47624
       -0        -0        -0        -0        -0 -0.380446  0.173246  0.126649  -1.47624  -2.23131
