10
1
10
 0.206975  0.641043 -0.305651  0.240673 -0.300663 -0.344104  0.143347  0.356334 0.0930721  0.172883
 -26.2115  -16.7431  -2.97965  -2.70002 -0.819016   -6.7102   -11.395  -9.96945  -15.0598   8.59761
-16.7431 -42.1396 -10.8266 -9.76475 -10.4775 -15.0569 -18.1477 -9.08868 -22.6722 -16.4922
-2.97965 -10.8266 -22.6329 -7.24073 -6.51371 -1.74733 -6.28803 -7.37456 -5.75807 -12.2144
-2.70002 -9.76475 -7.24073 -21.5132 -6.21686 -8.54057  -4.7663 -6.73108 -16.9168  -14.161
-0.819016  -10.4775  -6.51371  -6.21686  -13.6069  -6.72345  -5.63842  -6.28876  -7.35908  -13.0805
 -6.7102 -15.0569 -1.74733 -8.54057 -6.72345 -16.3397 -11.2874 -8.11026 -13.3585 -8.61623
 -11.395 -18.1477 -6.28803  -4.7663 -5.63842 -11.2874 -22.2089 -12.8531 -9.57126 -6.79091
-9.96945 -9.08868 -7.37456 -6.73108 -6.28876 -8.11026 -12.8531 -19.6149 -9.78533 -4.19152
-15.0598 -22.6722 -5.75807 -16.9168 -7.35908 -13.3585 -9.57126 -9.78533 -28.6749 -7.84262
 8.59761 -16.4922 -12.2144  -14.161 -13.0805 -8.61623 -6.79091 -4.19152 -7.84262 -32.8855
-0.0632067    0.85925   0.312687  -0.667789    1.50214         -0         -0         -0         -0         -0
  0.85925  0.167006   2.59987 -0.671775   0.68849        -0        -0        -0        -0        -0
 0.312687   2.59987 -0.887955  0.799558   2.23324        -0        -0        -0        -0        -0
-0.667789 -0.671775  0.799558  0.610877 -0.372255        -0        -0        -0        -0        -0
  1.50214   0.68849   2.23324 -0.372255   2.31604        -0        -0        -0        -0        -0
       -0        -0        -0        -0        -0 0.0632067  -0.85925 -0.312687  0.667789  -1.50214
       -0        -0        -0        -0        -0  -0.85925 -0.167006  -2.59987  0.671775  -0.68849
       -0        -0        -0        -0        -0 -0.312687  -2.59987  0.887955 -0.799558  -2.23324
       -0        -0        -0        -0        -0  0.667789  0.671775 -0.799558 -0.610877  0.372255
      -0       -0       -0       -0       -0 -1.50214 -0.68849 -2.23324 0.372255 -2.31604
  1.14152 -0.472829   1.20311   2.93822 -0.861293        -0        -0        -0        -0        -0
-0.472829 -0.776224   0.61834 -0.542575 -0.617522        -0        -0        -0        -0        -0
1.20311 0.61834 2.64053 1.12292 1.43371      -0      -0      -0      -0      -0
  2.93822 -0.542575   1.12292 -0.949733  0.938266        -0        -0        -0        -0        -0
-0.861293 -0.617522   1.43371  0.938266  0.993355        -0        -0        -0        -0        -0
      -0       -0       -0       -0       -0 -1.14152 0.472829 -1.20311 -2.93822 0.861293
      -0       -0       -0       -0       -0 0.472829 0.776224 -0.61834 0.542575 0.617522
      -0       -0       -0       -0       -0 -1.20311 -0.61834 -2.64053 -1.12292 -1.43371
       -0        -0        -0        -0        -0  -2.93822  0.542575  -1.12292  0.949733 -0.938266
       -0        -0        -0        -0        -0  0.861293  0.617522  -1.43371 -0.938266 -0.993355
 0.834195   1.99788 -0.431017  0.193239 -0.855693        -0        -0        -0        -0        -0
  1.99788   2.20895 -0.756175   1.12374 -0.228007        -0        -0        -0        -0        -0
-0.431017 -0.756175   1.71971  0.621255  0.725903        -0        -0        -0        -0        -0
 0.193239   1.12374  0.621255 -0.166228   1.26723        -0        -0        -0        -0        -0
-0.855693 -0.228007  0.725903   1.26723  -0.17774        -0        -0        -0        -0        -0
       -0        -0        -0        -0        -0 -0.834195  -1.99788  0.431017 -0.193239  0.855693
      -0       -0       -0       -0       -0 -1.99788 -2.20895 0.756175 -1.12374 0.228007
       -0        -0        -0        -0        -0  0.431017  0.756175  -1.71971 -0.621255 -0.725903
       -0        -0        -0        -0        -0 -0.193239  -1.12374 -0.621255  0.166228  -1.26723
       -0        -0        -0        -0        -0  0.855693  0.228007 -0.725903  -1.26723   0.17774
 2.83138  2.19809 0.852763  1.87161 0.841217       -0       -0       -0       -0       -0
  2.19809 -0.900716  0.877822 -0.460724   1.78456        -0        -0        -0        -0        -0
 0.852763  0.877822 -0.624328  0.838301   1.58365        -0        -0        -0        -0        -0
  1.87161 -0.460724  0.838301  0.591321   2.46247        -0        -0        -0        -0        -0
0.841217  1.78456  1.58365  2.46247  2.61833       -0       -0       -0       -0       -0
       -0        -0        -0        -0        -0  -2.83138  -2.19809 -0.852763  -1.87161 -0.841217
       -0        -0        -0        -0        -0  -2.19809  0.900716 -0.877822  0.460724  -1.78456
       -0        -0        -0        -0        -0 -0.852763 -0.877822  0.624328 -0.838301  -1.58365
       -0        -0        -0        -0        -0  -1.87161  0.460724 -0.838301 -0.591321  -2.46247
       -0        -0        -0        -0        -0 -0.841217  -1.78456  -1.58365  -2.46247  -2.61833
   2.85213   0.212586  -0.375852 -0.0594963    2.96765         -0         -0         -0         -0         -0
 0.212586  0.409412  0.615416   2.26152 -0.812215        -0        -0        -0        -0        -0
-0.375852  0.615416   2.77379   1.37318   2.77109        -0        -0        -0        -0        -0
-0.0594963    2.26152    1.37318   0.316176   0.805953         -0         -0         -0         -0         -0
  2.96765 -0.812215   2.77109  0.805953  0.779106        -0        -0        -0        -0        -0
       -0        -0        -0        -0        -0  -2.85213 -0.212586  0.375852 0.0594963  -2.96765
       -0        -0        -0        -0        -0 -0.212586 -0.409412 -0.615416  -2.26152  0.812215
       -0        -0        -0        -0        -0  0.375852 -0.615416  -2.77379  -1.37318  -2.77109
       -0        -0        -0        -0        -0 0.0594963  -2.26152  -1.37318 -0.316176 -0.805953
       -0        -0        -0        -0        -0  -2.96765  0.812215  -2.77109 -0.805953 -0.779106
-0.769001 -0.818002  -0.40957  0.328715     1.313        -0        -0        -0        -0        -0
-0.818002   1.66677  0.784909  0.494523     1.043        -0        -0        -0        -0        -0
-0.40957 0.784909 0.654214 0.817648   1.1648       -0       -0       -0       -0       -0
 0.328715  0.494523  0.817648    0.1025 -0.313823        -0        -0        -0        -0        -0
    1.313     1.043    1.1648 -0.313823   2.35918        -0        -0        -0        -0        -0
       -0        -0        -0        -0        -0  0.769001  0.818002   0.40957 -0.328715    -1.313
       -0        -0        -0        -0        -0  0.818002  -1.66677 -0.784909 -0.494523    -1.043
       -0        -0        -0        -0        -0   0.40957 -0.784909 -0.654214 -0.817648   -1.1648
       -0        -0        -0        -0        -0 -0.328715 -0.494523 -0.817648   -0.1025  0.313823
      -0       -0       -0       -0       -0   -1.313   -1.043  -1.1648 0.313823 -2.35918
 0.396617   0.32607  0.216594   2.12493 -0.368803        -0        -0        -0        -0        -0
  0.32607  0.398706   1.07173 -0.476555   1.10786        -0        -0        -0        -0        -0
 0.216594   1.07173   1.88013 -0.571035   1.88834        -0        -0        -0        -0        -0
  2.12493 -0.476555 -0.571035 -0.220859   1.44885        -0        -0        -0        -0        -0
-0.368803   1.10786   1.88834   1.44885   2.21036        -0        -0        -0        -0        -0
       -0        -0        -0        -0        -0 -0.396617  -0.32607 -0.216594  -2.12493  0.368803
       -0        -0        -0        -0        -0  -0.32607 -0.398706  -1.07173  0.476555  -1.10786
       -0        -0        -0        -0        -0 -0.216594  -1.07173  -1.88013  0.571035  -1.88834
      -0       -0       -0       -0       -0 -2.12493 0.476555 0.571035 0.220859 -1.44885
      -0       -0       -0       -0       -0 0.368803 -1.10786 -1.88834 -1.44885 -2.21036
 0.791624  -0.38746 -0.438364 -0.867192 -0.908899        -0        -0        -0        -0        -0
-0.38746 0.353043 0.485575  2.88518  1.13786       -0       -0       -0       -0       -0
-0.438364  0.485575   2.91946  0.447044 -0.658358        -0        -0        -0        -0        -0
-0.867192   2.88518  0.447044   2.01293 -0.479934        -0        -0        -0        -0        -0
-0.908899   1.13786 -0.658358 -0.479934     1.917        -0        -0        -0        -0        -0
       -0        -0        -0        -0        -0 -0.791624   0.38746  0.438364  0.867192  0.908899
       -0        -0        -0        -0        -0   0.38746 -0.353043 -0.485575  -2.88518  -1.13786
       -0        -0        -0        -0        -0  0.438364 -0.485575  -2.91946 -0.447044  0.658358
       -0        -0        -0        -0        -0  0.867192  -2.88518 -0.447044  -2.01293  0.479934
      -0       -0       -0       -0       -0 0.908899 -1.13786 0.658358 0.479934   -1.917
 0.735462 -0.764785  0.809979   1.24565   2.12151        -0        -0        -0        -0        -0
-0.764785   1.41543   1.10112 -0.526532   1.29791        -0        -0        -0        -0        -0
0.809979  1.10112   2.7249   2.7462  2.02724       -0       -0       -0       -0       -0
  1.24565 -0.526532    2.7462   1.16511  -0.43145        -0        -0        -0        -0        -0
 2.12151  1.29791  2.02724 -0.43145 0.310847       -0       -0       -0       -0       -0
       -0        -0        -0        -0        -0 -0.735462  0.764785 -0.809979  -1.24565  -2.12151
      -0       -0       -0       -0       -0 0.764785 -1.41543 -1.10112 0.526532 -1.29791
       -0        -0        -0        -0        -0 -0.809979  -1.10112   -2.7249   -2.7462  -2.02724
      -0       -0       -0       -0       -0 -1.24565 0.526532  -2.7462 -1.16511  0.43145
       -0        -0        -0        -0        -0  -2.12151  -1.29791  -2.02724   0.43145 -0.310847
 1.84544  1.36571 0.931088  1.33363 0.476095       -0       -0       -0       -0       -0
   1.36571 -0.0774613    2.62578  -0.896978  -0.695825         -0         -0         -0         -0         -0
 0.931088   2.62578   2.96177   2.21547 -0.511678        -0        -0        -0        -0        -0
  1.33363 -0.896978   2.21547   1.05853   0.22229        -0        -0        -0        -0        -0
 0.476095 -0.695825 -0.511678   0.22229   1.46928        -0        -0        -0        -0        -0
       -0        -0        -0        -0        -0  -1.84544  -1.36571 -0.931088  -1.33363 -0.476095
       -0        -0        -0        -0        -0  -1.36571 0.0774613  -2.62578  0.896978  0.695825
       -0        -0        -0        -0        -0 -0.931088  -2.62578  -2.96177  -2.21547  0.511678
      -0       -0       -0       -0       -0 -1.33363 0.896978 -2.21547 -1.05853 -0.22229
       -0        -0        -0        -0        -0 -0.476095  0.695825  0.511678  -0.22229  -1.46928
