10
1
10
  0.15527  0.265575  0.504912  0.381579  0.132092 -0.236332  0.270168  0.440501 -0.331586  -0.23354
-15.1077 -0.66961 -5.59709  2.71363 -11.0666 -5.72376 -7.04456 -1.26517 -9.11352  -0.8536
 -0.66961  -19.2433  -2.78314  -15.7832  -16.6789  -14.8705 -0.255823  -3.53379   3.65627  0.140922
-5.59709 -2.78314 -16.5961 -10.3826  -16.626   -11.08 -14.8035   -18.13 -16.7199 -9.98662
 2.71363 -15.7832 -10.3826 -32.3765 -20.3316 -16.8112 -8.60847 -17.2078 -1.48373  -7.4433
-11.0666 -16.6789  -16.626 -20.3316  -40.665 -25.4848 -14.6394 -18.0422   -19.79 -7.23333
-5.72376 -14.8705   -11.08 -16.8112 -25.4848 -22.8665 -5.02082  -14.119 -8.34106 -2.47319
 -7.04456 -0.255823  -14.8035  -8.60847  -14.6394  -5.02082  -25.8882  -16.2839   -20.754  -13.7582
-1.26517 -3.53379   -18.13 -17.2078 -18.0422  -14.119 -16.2839 -33.1321 -15.6886 -8.79911
-9.11352  3.65627 -16.7199 -1.48373   -19.79 -8.34106  -20.754 -15.6886   -38.29 -10.8209
 -0.8536 0.140922 -9.98662  -7.4433 -7.23333 -2.47319 -13.7582 -8.79911 -10.8209 -15.8277
   1.72008    1.58456    1.05542    2.42063 -0.0862729         -0         -0         -0         -0         -0
   1.58456   0.710732 0.00556595    1.25075     1.6522         -0         -0         -0         -0         -0
   1.05542 0.00556595    2.69813    2.26982  -0.145573         -0         -0         -0         -0         -0
 2.42063  1.25075  2.26982 0.606053  1.73727       -0       -0       -0       -0       -0
-0.0862729     1.6522  -0.145573    1.73727   0.572489         -0         -0         -0         -0         -0
       -0        -0        -0        -0        -0  -1.72008  -1.58456  -1.05542  -2.42063 0.0862729
         -0          -0          -0          -0          -0    -1.58456   -0.710732 -0.00556595    -1.25075     -1.6522
         -0          -0          -0          -0          -0    -1.05542 -0.00556595    -2.69813    -2.26982    0.145573
       -0        -0        -0        -0        -0  -2.42063  -1.25075  -2.26982 -0.606053  -1.73727
       -0        -0        -0        -0        -0 0.0862729   -1.6522  0.145573  -1.73727 -0.572489
  2.55869  0.135683  0.501767 -0.334638 0.0567234        -0        -0        -0        -0        -0
 0.135683   2.73188 -0.995031 -0.959882   2.78412        -0        -0        -0        -0        -0
 0.501767 -0.995031   1.12182   2.53917   1.30311        -0        -0        -0        -0        -0
-0.334638 -0.959882   2.53917 -0.636513  -0.67346        -0        -0        -0        -0        -0
0.0567234   2.78412   1.30311  -0.67346  0.390174        -0        -0        -0        -0        -0
        -0         -0         -0         -0         -0   -2.55869  -0.135683  -0.501767   0.334638 -0.0567234
       -0        -0        -0        -0        -0 -0.135683  -2.73188  0.995031  0.959882  -2.78412
       -0        -0        -0        -0        -0 -0.501767  0.995031  -1.12182  -2.53917  -1.30311
      -0       -0       -0       -0       -0 0.334638 0.959882 -2.53917 0.636513  0.67346
        -0         -0         -0         -0         -0 -0.0567234   -2.78412   -1.30311    0.67346  -0.390174
-0.506467  0.614859  0.265522   1.06141 -0.865528        -0        -0        -0        -0        -0
  0.614859 -0.0933526   -0.82451    1.34945  -0.151414         -0         -0         -0         -0         -0
 0.265522  -0.82451   0.65032  0.600867 -0.625727        -0        -0        -0        -0        -0
  1.06141   1.34945  0.600867 -0.816776   2.67364        -0        -0        -0        -0        -0
-0.865528 -0.151414 -0.625727   2.67364  0.212073        -0        -0        -0        -0        -0
       -0        -0        -0        -0        -0  0.506467 -0.614859 -0.265522  -1.06141  0.865528
       -0        -0        -0        -0        -0 -0.614859 0.0933526   0.82451  -1.34945  0.151414
       -0        -0        -0        -0        -0 -0.265522   0.82451  -0.65032 -0.600867  0.625727
       -0        -0        -0        -0        -0  -1.06141  -1.34945 -0.600867  0.816776  -2.67364
       -0        -0        -0        -0        -0  0.865528  0.151414  0.625727  -2.67364 -0.212073
-0.573367   1.38637   1.27471   2.39633 -0.145206        -0        -0        -0        -0        -0
1.38637 2.22328 -0.9564 2.40957 2.10806      -0      -0      -0      -0      -0
 1.27471  -0.9564 0.477888   2.2589  1.60671       -0       -0       -0       -0       -0
  2.39633   2.40957    2.2589 0.0466535   1.45566        -0        -0        -0        -0        -0
-0.145206   2.10806   1.60671   1.45566   2.29128        -0        -0        -0        -0        -0
      -0       -0       -0       -0       -0 0.573367 -1.38637 -1.27471 -2.39633 0.145206
      -0       -0       -0       -0       -0 -1.38637 -2.22328   0.9564 -2.40957 -2.10806
       -0        -0        -0        -0        -0  -1.27471    0.9564 -0.477888   -2.2589  -1.60671
        -0         -0         -0         -0         -0   -2.39633   -2.40957    -2.2589 -0.0466535   -1.45566
      -0       -0       -0       -0       -0 0.145206 -2.10806 -1.60671 -1.45566 -2.29128
  1.94087  0.351943 -0.948954   1.26604   1.29025        -0        -0        -0        -0        -0
 0.351943   2.74177 -0.265492  -0.37707   2.14026        -0        -0        -0        -0        -0
-0.948954 -0.265492  0.694802   2.20685   1.17655        -0        -0        -0        -0        -0
 1.26604 -0.37707  2.20685  2.74393 0.549149       -0       -0       -0       -0       -0
  1.29025   2.14026   1.17655  0.549149 -0.813082        -0        -0        -0        -0        -0
       -0        -0        -0        -0        -0  -1.94087 -0.351943  0.948954  -1.26604  -1.29025
       -0        -0        -0        -0        -0 -0.351943  -2.74177  0.265492   0.37707  -2.14026
       -0        -0        -0        -0        -0  0.948954  0.265492 -0.694802  -2.20685  -1.17655
       -0        -0        -0        -0        -0  -1.26604   0.37707  -2.20685  -2.74393 -0.549149
       -0        -0        -0        -0        -0  -1.29025  -2.14026  -1.17655 -0.549149  0.813082
 1.43381  1.58626 0.713511  0.50983  1.32397       -0       -0       -0       -0       -0
  1.58626   2.98139 -0.921925 -0.241303  0.470675        -0        -0        -0        -0        -0
 0.713511 -0.921925   2.03831   2.16072   2.72985        -0        -0        -0        -0        -0
  0.50983 -0.241303   2.16072   2.20463  0.530816        -0        -0        -0        -0        -0
 1.32397 0.470675  2.72985 0.530816 0.214607       -0       -0       -0       -0       -0
       -0        -0        -0        -0        -0  -1.43381  -1.58626 -0.713511  -0.50983  -1.32397
       -0        -0        -0        -0        -0  -1.58626  -2.98139  0.921925  0.241303 -0.470675
       -0        -0        -0        -0        -0 -0.713511  0.921925  -2.03831  -2.16072  -2.72985
       -0        -0        -0        -0        -0  -0.50983  0.241303  -2.16072  -2.20463 -0.530816
       -0        -0        -0        -0        -0  -1.32397 -0.470675  -2.72985 -0.530816 -0.214607
  1.49683 -0.458211 -0.366235   2.42565   2.65345        -0        -0        -0        -0        -0
-0.458211   2.10719   1.42303  0.797011   2.97378        -0        -0        -0        -0        -0
-0.366235   1.42303 -0.870888  0.227235   2.26336        -0        -0        -0        -0        -0
 2.42565 0.797011 0.227235  1.46395  1.81417       -0       -0       -0       -0       -0
2.65345 2.97378 2.26336 1.81417 2.17841      -0      -0      -0      -0      -0
      -0       -0       -0       -0       -0 -1.49683 0.458211 0.366235 -2.42565 -2.65345
       -0        -0        -0        -0        -0  0.458211  -2.10719  -1.42303 -0.797011  -2.97378
       -0        -0        -0        -0        -0  0.366235  -1.42303  0.870888 -0.227235  -2.26336
       -0        -0        -0        -0        -0  -2.42565 -0.797011 -0.227235  -1.46395  -1.81417
      -0       -0       -0       -0       -0 -2.65345 -2.97378 -2.26336 -1.81417 -2.17841
  1.37027  0.863697   2.86024 -0.474761   1.16931        -0        -0        -0        -0        -0
 0.863697 -0.403053   1.76036 -0.731834 -0.920004        -0        -0        -0        -0        -0
  2.86024   1.76036  -0.62248 0.0201535   1.14868        -0        -0        -0        -0        -0
-0.474761 -0.731834 0.0201535 -0.345649   2.39655        -0        -0        -0        -0        -0
  1.16931 -0.920004   1.14868   2.39655   1.54395        -0        -0        -0        -0        -0
       -0        -0        -0        -0        -0  -1.37027 -0.863697  -2.86024  0.474761  -1.16931
       -0        -0        -0        -0        -0 -0.863697  0.403053  -1.76036  0.731834  0.920004
        -0         -0         -0         -0         -0   -2.86024   -1.76036    0.62248 -0.0201535   -1.14868
        -0         -0         -0         -0         -0   0.474761   0.731834 -0.0201535   0.345649   -2.39655
      -0       -0       -0       -0       -0 -1.16931 0.920004 -1.14868 -2.39655 -1.54395
-0.346659  0.696147  0.671252   1.25437   2.78498        -0        -0        -0        -0        -0
 0.696147   1.28698 -0.791066 -0.978486   2.15713        -0        -0        -0        -0        -0
  0.671252  -0.791066 -0.0159575    0.18786    2.92408         -0         -0         -0         -0         -0
  1.25437 -0.978486   0.18786   1.63189 -0.194862        -0        -0        -0        -0        -0
  2.78498   2.15713   2.92408 -0.194862   2.81148        -0        -0        -0        -0        -0
       -0        -0        -0        -0        -0  0.346659 -0.696147 -0.671252  -1.25437  -2.78498
       -0        -0        -0        -0        -0 -0.696147  -1.28698  0.791066  0.978486  -2.15713
       -0        -0        -0        -0        -0 -0.671252  0.791066 0.0159575  -0.18786  -2.92408
      -0       -0       -0       -0       -0 -1.25437 0.978486 -0.18786 -1.63189 0.194862
      -0       -0       -0       -0       -0 -2.78498 -2.15713 -2.92408 0.194862 -2.81148
-0.72425  1.43543  2.28516 0.668541  2.63098       -0       -0       -0       -0       -0
   1.43543    2.07777    1.64931    2.95871 -0.0930467         -0         -0         -0         -0         -0
  2.28516   1.64931  0.281446  0.203476 -0.858498        -0        -0        -0        -0        -0
 0.668541   2.95871  0.203476   1.65258 -0.181161        -0        -0        -0        -0        -0
   2.63098 -0.0930467  -0.858498  -0.181161    2.53884         -0         -0         -0         -0         -0
       -0        -0        -0        -0        -0   0.72425  -1.43543  -2.28516 -0.668541  -2.63098
       -0        -0        -0        -0        -0  -1.43543  -2.07777  -1.64931  -2.95871 0.0930467
       -0        -0        -0        -0        -0  -2.28516  -1.64931 -0.281446 -0.203476  0.858498
       -0        -0        -0        -0        -0 -0.668541  -2.95871 -0.203476  -1.65258  0.181161
       -0        -0        -0        -0        -0  -2.63098 0.0930467  0.858498  0.181161  -2.53884
