10
1
10
 -0.331412     0.6937 -0.0551392   0.143941   0.422733  -0.351651  -0.010628 -0.0465507  -0.243607   0.145604
 -18.9706  -2.23524  -5.89192  -5.63647  0.989125  -2.27561 -0.902382  -9.80183  -1.03981  -12.0685
-2.23524 -17.6593 -4.78843 -8.10889 -4.07734 -6.14939 -1.07286 -9.65212 -2.95508 -6.28817
-5.89192 -4.78843 -11.1554 -8.96567 -1.94312  -4.8062 -5.49344 -7.09384 -6.61727  -6.9004
-5.63647 -8.10889 -8.96567 -40.7249 -11.5951 -15.0451 -10.2085 -16.8721 -18.3155 -14.0562
 0.989125  -4.07734  -1.94312  -11.5951  -15.9245   -7.8024 -0.944648  -7.76577  -8.66746  -2.77457
-2.27561 -6.14939  -4.8062 -15.0451  -7.8024 -17.8067 -0.63995 -11.7883 -5.74042 -3.31775
-0.902382  -1.07286  -5.49344  -10.2085 -0.944648  -0.63995  -14.5223  -4.43322  -5.27832  -5.17712
-9.80183 -9.65212 -7.09384 -16.8721 -7.76577 -11.7883 -4.43322 -21.8055 -3.50783 -11.1011
-1.03981 -2.95508 -6.61727 -18.3155 -8.66746 -5.74042 -5.27832 -3.50783 -26.7692 -4.55913
-12.0685 -6.28817  -6.9004 -14.0562 -2.77457 -3.31775 -5.17712 -11.1011 -4.55913 -21.7669
-0.837926   1.10737 -0.589135  0.692686   2.53351        -0        -0        -0        -0        -0
 1.10737  1.99703  2.74302  2.32637 0.925869       -0       -0       -0       -0       -0
-0.589135   2.74302 -0.617908   2.55852  0.158821        -0        -0        -0        -0        -0
0.692686  2.32637  2.55852  1.21661  1.60852       -0       -0       -0       -0       -0
 2.53351 0.925869 0.158821  1.60852  1.05758       -0       -0       -0       -0       -0
       -0        -0        -0        -0        -0  0.837926  -1.10737  0.589135 -0.692686  -2.53351
       -0        -0        -0        -0        -0  -1.10737  -1.99703  -2.74302  -2.32637 -0.925869
       -0        -0        -0        -0        -0  0.589135  -2.74302  0.617908  -2.55852 -0.158821
       -0        -0        -0        -0        -0 -0.692686  -2.32637  -2.55852  -1.21661  -1.60852
       -0        -0        -0        -0        -0  -2.53351 -0.925869 -0.158821  -1.60852  -1.05758
 2.46617  1.21995  1.49797 0.383892 0.323111       -0       -0       -0       -0       -0
1.21995 1.40705 2.77141  1.6238 2.45867      -0      -0      -0      -0      -0
1.49797 2.77141 1.54789   1.215 2.57875      -0      -0      -0      -0      -0
 0.383892    1.6238     1.215  0.765983 -0.118369        -0        -0        -0        -0        -0
 0.323111   2.45867   2.57875 -0.118369  0.675283        -0        -0        -0        -0        -0
       -0        -0        -0        -0        -0  -2.46617  -1.21995  -1.49797 -0.383892 -0.323111
      -0       -0       -0       -0       -0 -1.21995 -1.40705 -2.77141  -1.6238 -2.45867
      -0       -0       -0       -0       -0 -1.49797 -2.77141 -1.54789   -1.215 -2.57875
       -0        -0        -0        -0        -0 -0.383892   -1.6238    -1.215 -0.765983  0.118369
       -0        -0        -0        -0        -0 -0.323111  -2.45867  -2.57875  0.118369 -0.675283
  2.80211   0.65873 -0.297373 -0.369999   2.58129        -0        -0        -0        -0        -0
  0.65873 -0.572893   2.67384   1.18338 -0.438217        -0        -0        -0        -0        -0
-0.297373   2.67384  0.079142  0.109301   2.02012        -0        -0        -0        -0        -0
-0.369999   1.18338  0.109301   2.17789   0.79629        -0        -0        -0        -0        -0
  2.58129 -0.438217   2.02012   0.79629   1.32777        -0        -0        -0        -0        -0
      -0       -0       -0       -0       -0 -2.80211 -0.65873 0.297373 0.369999 -2.58129
      -0       -0       -0       -0       -0 -0.65873 0.572893 -2.67384 -1.18338 0.438217
       -0        -0        -0        -0        -0  0.297373  -2.67384 -0.079142 -0.109301  -2.02012
       -0        -0        -0        -0        -0  0.369999  -1.18338 -0.109301  -2.17789  -0.79629
      -0       -0       -0       -0       -0 -2.58129 0.438217 -2.02012 -0.79629 -1.32777
2.27251 2.46172 2.43984 1.71349 2.18723      -0      -0      -0      -0      -0
  2.46172   1.65337   -0.2784   2.55045 -0.577364        -0        -0        -0        -0        -0
  2.43984   -0.2784 -0.958595  0.849337  0.419248        -0        -0        -0        -0        -0
  1.71349   2.55045  0.849337   2.79263 -0.703474        -0        -0        -0        -0        -0
  2.18723 -0.577364  0.419248 -0.703474   2.60053        -0        -0        -0        -0        -0
      -0       -0       -0       -0       -0 -2.27251 -2.46172 -2.43984 -1.71349 -2.18723
      -0       -0       -0       -0       -0 -2.46172 -1.65337   0.2784 -2.55045 0.577364
       -0        -0        -0        -0        -0  -2.43984    0.2784  0.958595 -0.849337 -0.419248
       -0        -0        -0        -0        -0  -1.71349  -2.55045 -0.849337  -2.79263  0.703474
       -0        -0        -0        -0        -0  -2.18723  0.577364 -0.419248  0.703474  -2.60053
 0.815567   1.49008 -0.205465   0.22711  0.698193        -0        -0        -0        -0        -0
  1.49008 -0.891806   2.73823 -0.349447   2.98201        -0        -0        -0        -0        -0
-0.205465   2.73823  0.612813    2.5227   2.04883        -0        -0        -0        -0        -0
  0.22711 -0.349447    2.5227  0.268515   2.54753        -0        -0        -0        -0        -0
0.698193  2.98201  2.04883  2.54753  2.77464       -0       -0       -0       -0       -0
       -0        -0        -0        -0        -0 -0.815567  -1.49008  0.205465  -0.22711 -0.698193
      -0       -0       -0       -0       -0 -1.49008 0.891806 -2.73823 0.349447 -2.98201
       -0        -0        -0        -0        -0  0.205465  -2.73823 -0.612813   -2.5227  -2.04883
       -0        -0        -0        -0        -0  -0.22711  0.349447   -2.5227 -0.268515  -2.54753
       -0        -0        -0        -0        -0 -0.698193  -2.98201  -2.04883  -2.54753  -2.77464
   1.2847   2.79781 -0.416803  0.422845   0.26603        -0        -0        -0        -0        -0
  2.79781  0.519515   1.45019   1.17124 -0.737232        -0        -0        -0        -0        -0
-0.416803   1.45019    1.4634   1.46493   -0.9675        -0        -0        -0        -0        -0
 0.422845   1.17124   1.46493   2.03566 -0.211272        -0        -0        -0        -0        -0
  0.26603 -0.737232   -0.9675 -0.211272  0.531283        -0        -0        -0        -0        -0
       -0        -0        -0        -0        -0   -1.2847  -2.79781  0.416803 -0.422845  -0.26603
       -0        -0        -0        -0        -0  -2.79781 -0.519515  -1.45019  -1.17124  0.737232
      -0       -0       -0       -0       -0 0.416803 -1.45019  -1.4634 -1.46493   0.9675
       -0        -0        -0        -0        -0 -0.422845  -1.17124  -1.46493  -2.03566  0.211272
       -0        -0        -0        -0        -0  -0.26603  0.737232    0.9675  0.211272 -0.531283
 2.53088 0.287934  2.80049 -0.55692  1.42003       -0       -0       -0       -0       -0
 0.287934 -0.135587  0.283018   2.29278 -0.670678        -0        -0        -0        -0        -0
 2.80049 0.283018  1.08788  2.69332  1.84071       -0       -0       -0       -0       -0
 -0.55692   2.29278   2.69332   1.90648 -0.115044        -0        -0        -0        -0        -0
  1.42003 -0.670678   1.84071 -0.115044   2.36498        -0        -0        -0        -0        -0
       -0        -0        -0        -0        -0  -2.53088 -0.287934  -2.80049   0.55692  -1.42003
       -0        -0        -0        -0        -0 -0.287934  0.135587 -0.283018  -2.29278  0.670678
       -0        -0        -0        -0        -0  -2.80049 -0.283018  -1.08788  -2.69332  -1.84071
      -0       -0       -0       -0       -0  0.55692 -2.29278 -2.69332 -1.90648 0.115044
      -0       -0       -0       -0       -0 -1.42003 0.670678 -1.84071 0.115044 -2.36498
 1.22266 0.159031  2.46109 0.798527  2.97162       -0       -0       -0       -0       -0
 0.159031  0.786039   2.96026 -0.969223 -0.670517        -0        -0        -0        -0        -0
 2.46109  2.96026 0.230166  1.72849  1.03313       -0       -0       -0       -0       -0
 0.798527 -0.969223   1.72849    2.8864   2.66495        -0        -0        -0        -0        -0
  2.97162 -0.670517   1.03313   2.66495   2.23596        -0        -0        -0        -0        -0
       -0        -0        -0        -0        -0  -1.22266 -0.159031  -2.46109 -0.798527  -2.97162
       -0        -0        -0        -0        -0 -0.159031 -0.786039  -2.96026  0.969223  0.670517
       -0        -0        -0        -0        -0  -2.46109  -2.96026 -0.230166  -1.72849  -1.03313
       -0        -0        -0        -0        -0 -0.798527  0.969223  -1.72849   -2.8864  -2.66495
      -0       -0       -0       -0       -0 -2.97162 0.670517 -1.03313 -2.66495 -2.23596
  1.70261   1.93026 -0.939374 -0.827068   2.79509        -0        -0        -0        -0        -0
   1.93026    2.76598    2.71704 -0.0516537    2.20163         -0         -0         -0         -0         -0
-0.939374   2.71704   2.80718   1.34962  0.209414        -0        -0        -0        -0        -0
 -0.827068 -0.0516537    1.34962   0.403098    1.52358         -0         -0         -0         -0         -0
 2.79509  2.20163 0.209414  1.52358  2.08803       -0       -0       -0       -0       -0
      -0       -0       -0       -0       -0 -1.70261 -1.93026 0.939374 0.827068 -2.79509
       -0        -0        -0        -0        -0  -1.93026  -2.76598  -2.71704 0.0516537  -2.20163
       -0        -0        -0        -0        -0  0.939374  -2.71704  -2.80718  -1.34962 -0.209414
       -0        -0        -0        -0        -0  0.827068 0.0516537  -1.34962 -0.403098  -1.52358
       -0        -0        -0        -0        -0  -2.79509  -2.20163 -0.209414  -1.52358  -2.08803
  2.94977   1.65347   2.21504 -0.984045  0.813423        -0        -0        -0        -0        -0
  1.65347 -0.314488  0.149013  -0.60342   2.99607        -0        -0        -0        -0        -0
 2.21504 0.149013 0.994814  2.42406  1.83219       -0       -0       -0       -0       -0
-0.984045  -0.60342   2.42406   2.82313 -0.836958        -0        -0        -0        -0        -0
 0.813423   2.99607   1.83219 -0.836958  0.399165        -0        -0        -0        -0        -0
       -0        -0        -0        -0        -0  -2.94977  -1.65347  -2.21504  0.984045 -0.813423
       -0        -0        -0        -0        -0  -1.65347  0.314488 -0.149013   0.60342  -2.99607
       -0        -0        -0        -0        -0  -2.21504 -0.149013 -0.994814  -2.42406  -1.83219
      -0       -0       -0       -0       -0 0.984045  0.60342 -2.42406 -2.82313 0.836958
       -0        -0        -0        -0        -0 -0.813423  -2.99607  -1.83219  0.836958 -0.399165
