10
1
10
-0.0554227   0.342213  -0.214189  -0.188345  -0.470276  -0.557045   0.253346  -0.337643   0.071043   0.289439
-31.0484 -9.25848  -10.353 -5.33235 -2.51323 -5.18478  -11.682 -13.7915 -2.85827  -1.4099
-9.25848  -28.178 -13.4627 -14.7554 -7.25649 -17.3907  -16.443 -23.4005 -18.0824 -16.5828
 -10.353 -13.4627 -24.0313  -8.2446  -12.944 -9.34002 -16.8056 -10.1783 -15.5339 -18.7506
-5.33235 -14.7554  -8.2446 -21.7319 -7.64147 -11.6924 -10.5429 -15.1033 -17.2867 -9.44358
-2.51323 -7.25649  -12.944 -7.64147 -26.2361 -8.37275 -20.5981 -2.21667 -6.76349 -20.3777
-5.18478 -17.3907 -9.34002 -11.6924 -8.37275 -23.6531 -12.5915 -19.7959 -11.2442 -12.6038
 -11.682  -16.443 -16.8056 -10.5429 -20.5981 -12.5915 -28.8376 -11.9965  -12.574 -20.3027
-13.7915 -23.4005 -10.1783 -15.1033 -2.21667 -19.7959 -11.9965 -32.4192 -15.2262  -10.216
-2.85827 -18.0824 -15.5339 -17.2867 -6.76349 -11.2442  -12.574 -15.2262  -29.348 -17.6192
 -1.4099 -16.5828 -18.7506 -9.44358 -20.3777 -12.6038 -20.3027  -10.216 -17.6192 -29.6193
 0.522324 -0.554427   1.37567 -0.394538   1.07636        -0        -0        -0        -0        -0
-0.554427 -0.311871   1.54252   1.88346 -0.956068        -0        -0        -0        -0        -0
  1.37567   1.54252 -0.820508 -0.332861 -0.106174        -0        -0        -0        -0        -0
-0.394538   1.88346 -0.332861 -0.563202   1.37428        -0        -0        -0        -0        -0
  1.07636 -0.956068 -0.106174   1.37428   0.54303        -0        -0        -0        -0        -0
       -0        -0        -0        -0        -0 -0.522324  0.554427  -1.37567  0.394538  -1.07636
      -0       -0       -0       -0       -0 0.554427 0.311871 -1.54252 -1.88346 0.956068
      -0       -0       -0       -0       -0 -1.37567 -1.54252 0.820508 0.332861 0.106174
      -0       -0       -0       -0       -0 0.394538 -1.88346 0.332861 0.563202 -1.37428
      -0       -0       -0       -0       -0 -1.07636 0.956068 0.106174 -1.37428 -0.54303
  2.9678   1.8492  1.10968 0.393426  1.85929       -0       -0       -0       -0       -0
 1.8492 2.86956 2.80653 2.30683 1.17838      -0      -0      -0      -0      -0
  1.10968   2.80653 0.0422986 -0.550091   0.25017        -0        -0        -0        -0        -0
 0.393426   2.30683 -0.550091  0.572918   2.52643        -0        -0        -0        -0        -0
1.85929 1.17838 0.25017 2.52643 1.61518      -0      -0      -0      -0      -0
       -0        -0        -0        -0        -0   -2.9678   -1.8492  -1.10968 -0.393426  -1.85929
      -0       -0       -0       -0       -0  -1.8492 -2.86956 -2.80653 -2.30683 -1.17838
        -0         -0         -0         -0         -0   -1.10968   -2.80653 -0.0422986   0.550091   -0.25017
       -0        -0        -0        -0        -0 -0.393426  -2.30683  0.550091 -0.572918  -2.52643
      -0       -0       -0       -0       -0 -1.85929 -1.17838 -0.25017 -2.52643 -1.61518
-0.927513 -0.797861  0.199703   2.50508   0.50344        -0        -0        -0        -0        -0
 -0.797861 -0.0658913  -0.571435   0.206294   0.940808         -0         -0         -0         -0         -0
 0.199703 -0.571435   2.15091   2.59605  0.444288        -0        -0        -0        -0        -0
  2.50508  0.206294   2.59605 -0.452618  0.953349        -0        -0        -0        -0        -0
 0.50344 0.940808 0.444288 0.953349  2.51373       -0       -0       -0       -0       -0
       -0        -0        -0        -0        -0  0.927513  0.797861 -0.199703  -2.50508  -0.50344
       -0        -0        -0        -0        -0  0.797861 0.0658913  0.571435 -0.206294 -0.940808
       -0        -0        -0        -0        -0 -0.199703  0.571435  -2.15091  -2.59605 -0.444288
       -0        -0        -0        -0        -0  -2.50508 -0.206294  -2.59605  0.452618 -0.953349
       -0        -0        -0        -0        -0  -0.50344 -0.940808 -0.444288 -0.953349  -2.51373
     2.811  -0.692716   0.918931    1.31543 -0.0340132         -0         -0         -0         -0         -0
 -0.692716   0.133658    2.16853    2.40941 -0.0285741         -0         -0         -0         -0         -0
0.918931  2.16853  2.03408 0.176465  2.71232       -0       -0       -0       -0       -0
  1.31543   2.40941  0.176465  0.466343 -0.437962        -0        -0        -0        -0        -0
-0.0340132 -0.0285741    2.71232  -0.437962   0.518808         -0         -0         -0         -0         -0
       -0        -0        -0        -0        -0    -2.811  0.692716 -0.918931  -1.31543 0.0340132
       -0        -0        -0        -0        -0  0.692716 -0.133658  -2.16853  -2.40941 0.0285741
       -0        -0        -0        -0        -0 -0.918931  -2.16853  -2.03408 -0.176465  -2.71232
       -0        -0        -0        -0        -0  -1.31543  -2.40941 -0.176465 -0.466343  0.437962
       -0        -0        -0        -0        -0 0.0340132 0.0285741  -2.71232  0.437962 -0.518808
0.849771  1.97334 0.170543  2.39986  2.85556       -0       -0       -0       -0       -0
   1.97334    2.10506 -0.0272694  0.0313358  -0.250631         -0         -0         -0         -0         -0
  0.170543 -0.0272694   0.299889    2.10766    1.65045         -0         -0         -0         -0         -0
  2.39986 0.0313358   2.10766   1.43394 0.0320204        -0        -0        -0        -0        -0
  2.85556 -0.250631   1.65045 0.0320204   1.21571        -0        -0        -0        -0        -0
       -0        -0        -0        -0        -0 -0.849771  -1.97334 -0.170543  -2.39986  -2.85556
        -0         -0         -0         -0         -0   -1.97334   -2.10506  0.0272694 -0.0313358   0.250631
       -0        -0        -0        -0        -0 -0.170543 0.0272694 -0.299889  -2.10766  -1.65045
        -0         -0         -0         -0         -0   -2.39986 -0.0313358   -2.10766   -1.43394 -0.0320204
        -0         -0         -0         -0         -0   -2.85556   0.250631   -1.65045 -0.0320204   -1.21571
 0.156472 -0.294054 -0.355651  0.283911 -0.283797        -0        -0        -0        -0        -0
-0.294054   1.71856    2.1389   1.64636  0.983661        -0        -0        -0        -0        -0
-0.355651    2.1389  0.117679  -0.22292    1.7901        -0        -0        -0        -0        -0
0.283911  1.64636 -0.22292   1.5838  2.82386       -0       -0       -0       -0       -0
-0.283797  0.983661    1.7901   2.82386 -0.582399        -0        -0        -0        -0        -0
       -0        -0        -0        -0        -0 -0.156472  0.294054  0.355651 -0.283911  0.283797
       -0        -0        -0        -0        -0  0.294054  -1.71856   -2.1389  -1.64636 -0.983661
       -0        -0        -0        -0        -0  0.355651   -2.1389 -0.117679   0.22292   -1.7901
       -0        -0        -0        -0        -0 -0.283911  -1.64636   0.22292   -1.5838  -2.82386
       -0        -0        -0        -0        -0  0.283797 -0.983661   -1.7901  -2.82386  0.582399
 1.03114  2.38268 0.269488  2.43803  1.38458       -0       -0       -0       -0       -0
 2.38268  0.83806  2.27577  1.53936 0.839618       -0       -0       -0       -0       -0
0.269488  2.27577 0.425409  1.58023  1.66154       -0       -0       -0       -0       -0
  2.43803   1.53936   1.58023 -0.444293   2.16166        -0        -0        -0        -0        -0
  1.38458  0.839618   1.66154   2.16166 -0.576582        -0        -0        -0        -0        -0
       -0        -0        -0        -0        -0  -1.03114  -2.38268 -0.269488  -2.43803  -1.38458
       -0        -0        -0        -0        -0  -2.38268  -0.83806  -2.27577  -1.53936 -0.839618
       -0        -0        -0        -0        -0 -0.269488  -2.27577 -0.425409  -1.58023  -1.66154
      -0       -0       -0       -0       -0 -2.43803 -1.53936 -1.58023 0.444293 -2.16166
       -0        -0        -0        -0        -0  -1.38458 -0.839618  -1.66154  -2.16166  0.576582
-0.579699   1.82468 -0.907428   1.46804 -0.338753        -0        -0        -0        -0        -0
  1.82468  0.241541   2.37433 -0.928498   2.33148        -0        -0        -0        -0        -0
-0.907428   2.37433   2.76119   0.21992 -0.494129        -0        -0        -0        -0        -0
  1.46804 -0.928498   0.21992   2.89345   2.24148        -0        -0        -0        -0        -0
-0.338753   2.33148 -0.494129   2.24148   2.88718        -0        -0        -0        -0        -0
      -0       -0       -0       -0       -0 0.579699 -1.82468 0.907428 -1.46804 0.338753
       -0        -0        -0        -0        -0  -1.82468 -0.241541  -2.37433  0.928498  -2.33148
      -0       -0       -0       -0       -0 0.907428 -2.37433 -2.76119 -0.21992 0.494129
      -0       -0       -0       -0       -0 -1.46804 0.928498 -0.21992 -2.89345 -2.24148
      -0       -0       -0       -0       -0 0.338753 -2.33148 0.494129 -2.24148 -2.88718
-0.478952   1.15022 -0.632701  0.977957 -0.307885        -0        -0        -0        -0        -0
  1.15022   2.60288   2.38198   2.84101 -0.792813        -0        -0        -0        -0        -0
-0.632701   2.38198 -0.945173   1.74796   1.71452        -0        -0        -0        -0        -0
0.977957  2.84101  1.74796 0.739147 0.912035       -0       -0       -0       -0       -0
-0.307885 -0.792813   1.71452  0.912035 -0.899365        -0        -0        -0        -0        -0
       -0        -0        -0        -0        -0  0.478952  -1.15022  0.632701 -0.977957  0.307885
      -0       -0       -0       -0       -0 -1.15022 -2.60288 -2.38198 -2.84101 0.792813
      -0       -0       -0       -0       -0 0.632701 -2.38198 0.945173 -1.74796 -1.71452
       -0        -0        -0        -0        -0 -0.977957  -2.84101  -1.74796 -0.739147 -0.912035
       -0        -0        -0        -0        -0  0.307885  0.792813  -1.71452 -0.912035  0.899365
-0.318965    2.3193 -0.771472   2.30671   1.50922        -0        -0        -0        -0        -0
  2.3193 0.707954  2.19632 0.261404 0.339493       -0       -0       -0       -0       -0
-0.771472   2.19632 -0.506577    2.1356 -0.149154        -0        -0        -0        -0        -0
 2.30671 0.261404   2.1356  2.36154 0.257187       -0       -0       -0       -0       -0
  1.50922  0.339493 -0.149154  0.257187   2.07864        -0        -0        -0        -0        -0
      -0       -0       -0       -0       -0 0.318965  -2.3193 0.771472 -2.30671 -1.50922
       -0        -0        -0        -0        -0   -2.3193 -0.707954  -2.19632 -0.261404 -0.339493
      -0       -0       -0       -0       -0 0.771472 -2.19632 0.506577  -2.1356 0.149154
       -0        -0        -0        -0        -0  -2.30671 -0.261404   -2.1356  -2.36154 -0.257187
       -0        -0        -0        -0        -0  -1.50922 -0.339493  0.149154 -0.257187  -2.07864
