60
1
60
  -0.0252165    -0.231431   -0.0177033    0.0209786    -0.151973     0.105634   -0.0949411     0.111302 -0.000883242    0.0287888    -0.191171    0.0780407     -0.10424  -0.00809362   -0.0330735   0.00266251    -0.227211    0.0693688     0.217955   0.00104603      0.21658    -0.042525     0.220496    -0.151239    -0.177942   -0.0909836    -0.234686   -0.0439063     0.288169    -0.187528     0.123332   -0.0596396     0.131726   -0.0114538     0.024612   -0.0576102     0.104427    -0.101188   -0.0106201    0.0389108    0.0835819   -0.0199215     -0.26128     0.189034    -0.209755    -0.244565    -0.122607   -0.0417715   -0.0847483  -0.00737274   -0.0525061   -0.0108256     0.129271   -0.0405726      0.11683    0.0664936    0.0678578     0.212387   -0.0279782    0.0513861
-149.028 -79.5807 -72.7453 -64.8924 -62.9437 -74.9667 -58.8569 -75.8522  -63.516  -54.012 -63.3337 -62.3031 -45.2083 -69.1824 -60.9123 -49.7177 -86.9852 -72.4708 -81.0709  -54.461  -60.949 -50.4057 -75.8352 -47.3583 -63.8839 -56.3455 -77.6614 -40.0157 -88.3951 -29.6118 -62.1839  -56.006 -63.3005 -46.4547 -71.4296 -39.7324  -51.774 -72.4958 -80.7907 -58.9699 -67.4456 -62.0283 -98.0807 -49.2551 -61.4201 -61.1046 -52.3669 -72.6504 -59.5627  -72.733 -52.4198 -72.2415 -35.0738  -64.029 -80.8988 -68.3655 -68.5901 -62.0884 -78.3093 -70.6197
-79.5807 -161.913 -68.9351 -100.301 -56.9123 -68.8604 -92.1771 -80.6956 -54.1809 -58.0314 -65.2519 -66.8339 -41.6393 -62.3258 -70.2654 -75.3933 -81.6977 -74.8649 -53.0833 -65.2115 -92.8414 -50.2163 -62.6871 -47.8559 -76.6767 -89.2119 -90.5703 -34.6011 -81.7322 -39.9832 -77.5299 -49.0091 -59.1131 -67.5546  -69.468  -58.913 -35.6077 -66.1595 -83.3932 -65.4228 -75.6146 -71.6279 -74.9945 -34.8447 -61.5958 -68.6188  -81.316 -87.7006 -89.0548 -70.9021 -71.5745 -79.8921 -48.9354 -83.8749  -69.525 -62.1078 -75.6747 -36.2994 -72.8126 -91.1571
-72.7453 -68.9351 -158.729 -70.3236 -72.0967 -86.8999 -58.3634  -73.349 -61.9383  -46.076 -58.7601 -45.8478 -75.1257 -39.6804 -57.9172 -68.2716 -93.1131 -75.1719 -65.2471 -52.9399 -67.2063 -74.9195 -88.7427 -62.0995 -77.0794 -78.7505 -69.6432 -37.7584 -78.6449 -67.8957 -49.5301 -58.5532 -70.7652 -54.6618 -62.7783 -67.2442 -73.7289 -61.8934  -66.657   -50.06  -59.399 -46.0443 -83.8227 -47.3938 -73.1724 -58.9412 -73.2947 -82.9784 -105.361 -69.6483 -74.2998 -77.9381 -69.5403 -84.9082 -52.4749 -58.5561 -67.2173 -49.4258 -80.3951 -85.3621
-64.8924 -100.301 -70.3236 -152.863 -59.5925 -80.4527 -74.9242 -79.6416 -66.9704  -45.222 -67.6832   -56.43 -56.9321 -76.4045 -81.3036  -58.768 -86.6407 -86.5787  -53.586  -55.888 -77.3224 -52.7415  -65.121 -53.6268   -66.71 -68.0315 -84.0431 -35.4982 -88.6379   -58.12 -52.4839 -62.0324 -68.7869 -61.7802 -89.2795 -55.5619 -34.8263 -66.5795 -81.7711 -86.9083 -62.8637 -63.3658 -70.6437 -53.8403 -52.6162 -84.6523 -78.0459  -66.189 -87.1384 -87.5665 -70.3277 -81.0142 -51.2597 -94.6197 -93.5144 -79.3977  -95.203 -43.9785 -60.1662 -87.3591
-62.9437 -56.9123 -72.0967 -59.5925 -145.948 -54.7822 -61.5094 -82.0806 -58.5978 -53.9858 -45.7755 -56.8024 -50.0814 -60.3714 -45.9522  -65.704 -75.9993 -41.9752 -54.8238 -44.6251 -38.0949 -38.8368   -38.68 -41.2726 -63.3825 -83.7594 -74.5722 -63.4007 -66.4278 -45.4818 -58.2713 -29.7483 -47.2614 -57.4101  -50.369 -35.7184 -42.4092 -51.0518 -59.8971 -40.2397 -68.7591 -52.7934 -57.6349 -36.0294 -53.0888 -84.5396 -59.3685 -53.4533 -73.0574 -65.3226 -53.0091 -84.1374 -78.5576 -70.6811 -57.2081 -57.2599 -57.9399 -26.3852 -44.1653 -57.9057
-74.9667 -68.8604 -86.8999 -80.4527 -54.7822  -158.06 -58.0076 -53.6178 -67.2359 -50.6993 -50.2876 -45.8296 -52.8644 -28.4514  -70.992 -47.9165 -74.6995 -98.6129 -67.9613 -61.4734 -66.8755 -60.8269 -76.1306 -67.5772 -78.4165 -69.2365 -72.1699 -42.8643 -81.2939 -44.5628 -49.5014 -39.3614 -68.7925 -34.5983 -89.6466 -44.9769 -51.0547 -63.8387 -80.2788 -68.6827 -50.9011 -49.4734 -102.918 -49.2843 -50.0897 -96.8123 -72.7682 -82.0141 -81.5668 -86.5825 -78.4635 -55.3985 -49.4426 -92.9585 -71.1737 -60.9081 -91.5712 -53.6308  -81.926 -72.3162
-58.8569 -92.1771 -58.3634 -74.9242 -61.5094 -58.0076 -135.746 -64.2324 -33.1823 -44.2607 -47.1589 -38.7537 -36.5581  -63.438 -62.6677 -62.8645 -75.8369 -64.3829 -49.1673  -46.792 -58.5291 -56.9731 -68.9655 -50.2499 -73.3151 -51.7835 -86.7569 -34.2888 -80.4922 -40.2192 -59.4626 -38.7349 -45.9832 -58.1042 -48.0172 -51.5139 -17.3259 -34.8374 -56.7339  -45.144 -60.1354 -46.6177 -59.8517 -25.0203 -47.6177  -65.727 -54.7944 -74.7124 -70.2319   -52.86 -35.7565 -67.4455 -55.3484 -63.4023 -44.2262 -70.2252 -57.7165 -27.9286 -44.1372 -70.5453
-75.8522 -80.6956  -73.349 -79.6416 -82.0806 -53.6178 -64.2324 -138.463 -81.1544 -40.6219 -52.9153 -70.6006 -70.1185  -61.819 -54.0193 -35.4704 -83.7142 -58.8494 -63.5475 -54.7212   -55.44  -41.094 -67.0542 -44.9684 -63.1564 -69.5077 -67.4277 -45.3023 -68.3851 -41.8101 -61.4999 -40.8265 -71.9902 -65.7328 -53.6163 -60.1091  -43.959  -65.539 -84.2049 -60.6198 -64.9665 -62.4923 -81.3468 -40.7767 -58.1992  -55.988 -61.1544 -64.1483 -69.9326 -80.5505 -54.4664 -85.6377 -49.6081 -71.5793  -65.975 -67.4725  -59.407 -32.6812 -54.4994 -73.9276
 -63.516 -54.1809 -61.9383 -66.9704 -58.5978 -67.2359 -33.1823 -81.1544 -130.966 -32.6832 -56.3925 -58.7386 -44.5342 -46.1746 -61.8245 -38.3338 -56.4944 -63.2192 -54.0254 -60.4374 -41.1705 -45.5389 -64.3958 -39.0522 -36.0826 -49.8654 -52.8923 -38.4115  -76.084 -53.1443 -36.6475 -43.3247  -50.341 -48.6939 -69.4312 -19.7895 -33.4322 -60.1621 -65.6433 -58.6728 -50.4858 -54.9648  -72.701 -40.6097 -34.4906 -67.2706 -46.7144 -50.1501  -55.508 -75.6854 -62.5778 -44.3071 -36.5417 -67.2871  -60.976 -46.4782 -63.8796 -34.6031 -44.1146 -51.6053
 -54.012 -58.0314  -46.076  -45.222 -53.9858 -50.6993 -44.2607 -40.6219 -32.6832  -123.78 -34.5493 -31.8526 -47.6682 -27.6402 -23.3277 -39.1489 -59.5085 -62.4224 -54.7658 -51.1963 -39.0028 -35.4046 -47.2092 -20.1743  -57.907 -46.2414 -49.2265 -39.2397 -58.3016 -29.4002 -55.1987  -33.842 -45.8905 -33.7672 -35.8393 -32.3904 -42.4225 -45.4237 -35.0064 -36.8222 -42.2193  -27.986 -36.6765 -39.8966 -36.4404 -44.6537 -42.3385 -43.8217 -42.9592 -31.6125 -31.7729  -56.569 -54.0164 -20.5149 -62.1887 -38.4986 -44.1147 -44.1513 -47.0471 -52.7355
-63.3337 -65.2519 -58.7601 -67.6832 -45.7755 -50.2876 -47.1589 -52.9153 -56.3925 -34.5493 -120.064 -44.3748 -40.0158 -69.6603 -56.4148 -39.6931 -87.6848 -57.7251 -44.3849 -53.4422 -49.1212 -51.4334 -70.3059 -42.4848 -61.0128 -21.2878 -80.9874 -43.7116 -74.8763 -46.5512 -47.6102 -49.4532 -51.6109  -42.186 -56.5773 -41.1932 -53.3737 -50.4661 -57.3062 -21.4538 -65.3515 -49.4783 -59.4836 -47.4898 -56.4468 -57.0212 -47.3803 -66.2029 -53.6026 -73.6264 -58.4565 -50.2839 -40.5405 -55.3744 -58.4152 -69.7014 -55.4037 -46.7222 -53.7396 -57.2545
-62.3031 -66.8339 -45.8478   -56.43 -56.8024 -45.8296 -38.7537 -70.6006 -58.7386 -31.8526 -44.3748 -120.655 -42.2409 -59.1812 -59.9511 -35.3317 -41.2831 -47.6795 -45.3156 -58.7857 -48.7188 -18.0731 -39.8699 -27.9626 -48.1269 -64.6933 -47.5685 -44.5162 -71.5998 -21.9183 -44.7022 -42.7183 -46.9624  -57.788 -58.2578 -34.8715 -37.9158  -48.622 -47.4449 -36.6241 -56.4621 -33.6471 -54.8172 -27.1012  -36.873 -47.8305  -42.924  -33.286 -62.0813 -79.1663 -47.8152 -67.6332 -31.0357 -57.1367  -51.505 -39.0708 -54.0986 -39.7705 -47.6923 -65.5639
-45.2083 -41.6393 -75.1257 -56.9321 -50.0814 -52.8644 -36.5581 -70.1185 -44.5342 -47.6682 -40.0158 -42.2409 -114.616 -31.3535 -44.2718 -42.8582 -70.6779 -56.0321  -44.305 -54.6188  -54.781 -40.7484 -51.0988 -39.3297 -58.0847 -53.4819 -46.1324 -35.9621 -61.9963  -29.746 -50.4537 -38.5093 -61.9209 -54.5122 -35.3355  -46.831 -57.3878 -27.5781 -47.3211 -33.5364 -41.7669 -34.2188 -63.8226  -59.603 -63.4149  -44.217 -62.9745 -56.5281 -54.5744 -52.0312 -55.2355 -55.6812 -52.8713 -57.6452 -46.3994 -56.9375 -48.1796 -18.1624 -49.6995 -66.0516
-69.1824 -62.3258 -39.6804 -76.4045 -60.3714 -28.4514  -63.438  -61.819 -46.1746 -27.6402 -69.6603 -59.1812 -31.3535 -143.487 -70.4248 -44.3182 -69.0055 -54.5739 -48.1522 -34.1767 -44.0378 -41.4032 -58.4126 -29.0151 -61.6482 -46.7995 -78.4302  -42.835 -73.5658 -31.8402 -46.7149 -54.1906 -45.5683 -56.8352 -65.4868 -31.0321 -28.7902 -42.4194 -38.0017 -45.0696 -41.4067 -52.3659 -62.2117 -35.2208 -43.9637  -52.113 -44.8061  -53.663 -61.6655 -64.8777 -33.0067 -78.8609 -30.6389 -67.9748 -59.3376 -56.3796 -55.9729 -41.6796 -42.0162 -52.3707
-60.9123 -70.2654 -57.9172 -81.3036 -45.9522  -70.992 -62.6677 -54.0193 -61.8245 -23.3277 -56.4148 -59.9511 -44.2718 -70.4248 -128.767 -50.3769 -69.3277 -62.4518 -66.3562 -46.2494 -60.0616 -35.8325 -55.5074 -40.2484  -78.881 -45.7285 -73.5121 -41.7912 -80.2428 -27.8708 -19.3037 -59.2656 -67.7069 -55.4764 -56.9905 -36.1317 -35.6897 -47.2881 -59.3341 -60.0671  -44.966 -51.3124 -77.8198 -45.3483  -55.144 -77.7209 -64.7617 -74.6083 -64.2619 -78.2871 -51.5043 -67.2262 -39.3015  -74.216 -63.0075 -64.1887   -58.32 -47.6011 -44.8042 -61.9103
-49.7177 -75.3933 -68.2716  -58.768  -65.704 -47.9165 -62.8645 -35.4704 -38.3338 -39.1489 -39.6931 -35.3317 -42.8582 -44.3182 -50.3769 -131.818 -62.7374 -63.8797 -45.7289 -57.4375 -57.1374 -52.6049 -55.2941 -31.3182 -58.1435 -66.5817 -72.6258 -24.6015 -65.0238 -29.9088 -46.0261 -42.6137 -22.3756 -56.8032 -41.2702 -32.8884 -40.0134 -27.0003 -44.6514 -29.8419 -59.4604 -51.4059  -55.242 -46.7241 -65.4132 -56.0617 -52.3294 -48.1988 -71.8268 -25.4137 -71.7108 -43.8261 -59.4763 -62.8975 -55.6719  -48.215 -49.4159 -22.7175 -33.5771 -63.5828
-86.9852 -81.6977 -93.1131 -86.6407 -75.9993 -74.6995 -75.8369 -83.7142 -56.4944 -59.5085 -87.6848 -41.2831 -70.6779 -69.0055 -69.3277 -62.7374 -157.401 -73.6276 -67.3387 -51.1932  -61.759 -70.5719 -89.0108 -59.0729 -85.6974 -71.8907 -107.363  -51.892 -88.6646 -71.4736 -78.4826 -59.1891 -77.9866 -68.4652 -62.5016 -64.8315 -80.7295 -77.0837 -83.9175 -56.7269 -83.5618 -81.7498 -95.9482 -61.1113 -87.1146 -75.6762 -79.5178 -82.4102 -80.1865 -82.5817 -85.9456 -83.9735 -55.2531 -82.9183 -68.6153 -89.8676 -78.4513 -54.4777 -80.5842 -87.7725
-72.4708 -74.8649 -75.1719 -86.5787 -41.9752 -98.6129 -64.3829 -58.8494 -63.2192 -62.4224 -57.7251 -47.6795 -56.0321 -54.5739 -62.4518 -63.8797 -73.6276 -151.686 -60.9666 -48.3322 -86.1806 -69.7688 -93.9884 -65.7275 -73.6338 -61.3808 -70.2579  -25.761 -83.3031 -47.0525 -65.5288 -58.9275 -58.2209 -38.0296 -76.8113 -44.2981 -64.1205 -54.1218  -77.475 -63.2898  -51.015 -56.7317 -80.5581 -65.4533 -49.8723 -74.5679 -70.3226 -57.1226 -64.7973 -56.4814  -59.684 -63.2822 -63.5841 -88.9774 -83.1515 -67.6448  -100.04 -58.0669 -85.4591 -64.6575
-81.0709 -53.0833 -65.2471  -53.586 -54.8238 -67.9613 -49.1673 -63.5475 -54.0254 -54.7658 -44.3849 -45.3156  -44.305 -48.1522 -66.3562 -45.7289 -67.3387 -60.9666 -128.315 -49.2576 -53.5813 -50.0448 -80.2622 -31.2125 -67.6791 -51.2995 -51.5282 -37.9426 -72.5249 -40.2385 -45.1848 -40.5026 -61.8718  -44.231 -48.3405 -59.3923 -51.1732 -62.1868 -54.1517 -50.2351 -56.6187 -41.6611 -74.6304 -55.5689 -42.6044 -67.9112 -43.1021 -62.1499   -66.59 -79.3162  -45.297 -63.2203 -51.1233 -39.1005 -61.6757 -58.9049 -58.0812 -55.2297  -49.198 -49.8411
 -54.461 -65.2115 -52.9399  -55.888 -44.6251 -61.4734  -46.792 -54.7212 -60.4374 -51.1963 -53.4422 -58.7857 -54.6188 -34.1767 -46.2494 -57.4375 -51.1932 -48.3322 -49.2576 -122.754 -51.9481 -39.5008 -52.6835 -34.1879 -45.0158 -56.4199 -67.8224 -41.9546 -86.0126 -29.7623 -37.3587 -44.3428 -41.5155 -65.8551  -59.229 -44.5601 -37.4138 -32.6767 -53.2878 -34.6944 -52.4241 -40.3386 -65.9703 -53.1985 -46.9394 -72.1525 -49.2114 -56.8036 -59.3023  -61.057 -54.8548 -57.4189 -41.2396 -45.2913 -54.6584 -57.6896 -52.6033 -23.1871 -45.9123 -70.3009
 -60.949 -92.8414 -67.2063 -77.3224 -38.0949 -66.8755 -58.5291   -55.44 -41.1705 -39.0028 -49.1212 -48.7188  -54.781 -44.0378 -60.0616 -57.1374  -61.759 -86.1806 -53.5813 -51.9481 -140.776 -49.2053 -76.5344 -62.7544 -64.1976 -75.6062 -75.4669 -34.7149 -75.8073 -32.2714 -53.9272 -43.5862 -62.6859 -59.8115 -48.9347 -47.6958 -47.3025 -46.6013 -71.8529 -50.6004 -54.1125 -62.3593   -79.55 -46.0219 -45.3388 -51.9149 -84.1672 -64.5243 -64.4087 -55.8533 -62.1606 -53.9356 -48.3179 -81.8295 -64.5663 -38.6987 -94.2395 -42.6654 -69.0817 -77.5477
-50.4057 -50.2163 -74.9195 -52.7415 -38.8368 -60.8269 -56.9731  -41.094 -45.5389 -35.4046 -51.4334 -18.0731 -40.7484 -41.4032 -35.8325 -52.6049 -70.5719 -69.7688 -50.0448 -39.5008 -49.2053 -130.526  -93.179 -58.7328 -56.5293 -50.8851 -52.9419 -19.3867 -47.6958 -46.5191 -53.8767  -38.949 -65.4778 -39.0247 -69.9458 -59.7684 -56.6369 -38.9274 -34.7122 -49.0945 -58.7037 -51.1236  -72.872 -49.0627 -44.9714 -35.6293 -54.2976 -55.6203 -74.4459 -45.1894  -64.358 -43.7055 -69.2623 -67.1514 -45.7911 -53.5863 -46.4468 -38.7766 -55.1921 -67.2262
-75.8352 -62.6871 -88.7427  -65.121   -38.68 -76.1306 -68.9655 -67.0542 -64.3958 -47.2092 -70.3059 -39.8699 -51.0988 -58.4126 -55.5074 -55.2941 -89.0108 -93.9884 -80.2622 -52.6835 -76.5344  -93.179 -158.933 -61.3749 -87.7796 -56.9682 -87.9057 -34.8585 -76.9767 -70.8864 -62.0812 -48.5562 -68.6011 -56.9364 -70.8379 -71.3992 -47.2901 -55.4184 -66.5929 -42.9165 -55.2405 -52.5029 -91.9586 -74.2442 -55.9532 -55.6254 -53.5004 -87.1952 -66.7091 -81.3867  -62.888 -45.5911 -52.7249 -74.1447 -65.1631 -63.8741 -76.0884 -71.7289 -79.7077 -77.1103
-47.3583 -47.8559 -62.0995 -53.6268 -41.2726 -67.5772 -50.2499 -44.9684 -39.0522 -20.1743 -42.4848 -27.9626 -39.3297 -29.0151 -40.2484 -31.3182 -59.0729 -65.7275 -31.2125 -34.1879 -62.7544 -58.7328 -61.3749 -113.414 -38.8076 -36.7883 -55.9289 -25.8606 -56.2442 -58.0096 -34.4319 -48.4889 -62.8144 -38.4125 -47.4391 -55.6342 -46.5996 -34.4185 -64.6778 -56.5684  -46.192  -55.107 -74.6907 -41.8224 -32.8171 -57.0591 -47.1403 -54.3768 -47.6827 -51.0554 -54.8396 -39.7155 -32.2321 -77.6568 -34.2096   -47.34 -55.1724 -54.2028  -50.366 -68.0255
-63.8839 -76.6767 -77.0794   -66.71 -63.3825 -78.4165 -73.3151 -63.1564 -36.0826  -57.907 -61.0128 -48.1269 -58.0847 -61.6482  -78.881 -58.1435 -85.6974 -73.6338 -67.6791 -45.0158 -64.1976 -56.5293 -87.7796 -38.8076 -144.139 -56.3827 -78.4214 -47.1578 -75.7403 -36.4987 -51.3136 -30.2034 -66.1997 -35.5144 -55.5927  -52.217 -39.0618 -43.9873 -56.7748 -45.0128 -62.8301 -47.4096 -73.8681 -46.7983 -67.3396  -64.389 -78.5778 -82.1368 -65.7922 -65.6097  -59.536 -67.1351 -62.1508 -77.0865 -55.9337 -70.6867 -67.9777 -57.4148 -65.5164 -64.8348
-56.3455 -89.2119 -78.7505 -68.0315 -83.7594 -69.2365 -51.7835 -69.5077 -49.8654 -46.2414 -21.2878 -64.6933 -53.4819 -46.7995 -45.7285 -66.5817 -71.8907 -61.3808 -51.2995 -56.4199 -75.6062 -50.8851 -56.9682 -36.7883 -56.3827 -156.239 -66.4637 -46.1042 -72.1217 -46.7279 -65.7132 -37.4687 -39.5604 -77.7806 -79.0258 -47.4807  -43.027 -67.9962 -61.5694 -64.4251 -42.5985 -66.1212 -76.6648 -57.6569 -48.8063 -67.0147  -93.815 -65.5015 -92.5098 -50.1815 -68.5123 -79.5533 -66.6052 -92.8874 -67.3636 -42.4143 -78.1123 -33.4427 -60.3552 -87.5478
-77.6614 -90.5703 -69.6432 -84.0431 -74.5722 -72.1699 -86.7569 -67.4277 -52.8923 -49.2265 -80.9874 -47.5685 -46.1324 -78.4302 -73.5121 -72.6258 -107.363 -70.2579 -51.5282 -67.8224 -75.4669 -52.9419 -87.9057 -55.9289 -78.4214 -66.4637 -177.119 -52.5466 -92.0328 -53.7707 -67.6497 -56.1033 -47.7528 -91.4243 -89.3767 -38.1556 -40.5316  -70.479 -75.3746 -53.1164 -80.2537 -75.6943 -79.2476 -64.3102 -74.6299 -87.2069 -60.2492 -79.6261 -86.3923 -84.9575 -68.3308  -79.522 -54.4502 -80.8118 -77.6377 -82.7028 -85.1562 -69.3812 -84.9273 -77.3847
-40.0157 -34.6011 -37.7584 -35.4982 -63.4007 -42.8643 -34.2888 -45.3023 -38.4115 -39.2397 -43.7116 -44.5162 -35.9621  -42.835 -41.7912 -24.6015  -51.892  -25.761 -37.9426 -41.9546 -34.7149 -19.3867 -34.8585 -25.8606 -47.1578 -46.1042 -52.5466 -90.0551 -41.4319 -44.3777 -30.3784 -24.0396 -39.3942 -28.2347 -40.4457 -33.0708 -31.9816 -35.6254 -40.8517 -31.0952 -41.6115 -36.8588 -52.8807 -20.5272 -32.2594 -46.6927 -34.5068 -43.3969 -30.6166 -66.8695  -35.041 -70.6068 -40.4057 -47.5385 -27.3034 -31.4921 -41.3774 -25.5927 -29.8348 -38.7117
-88.3951 -81.7322 -78.6449 -88.6379 -66.4278 -81.2939 -80.4922 -68.3851  -76.084 -58.3016 -74.8763 -71.5998 -61.9963 -73.5658 -80.2428 -65.0238 -88.6646 -83.3031 -72.5249 -86.0126 -75.8073 -47.6958 -76.9767 -56.2442 -75.7403 -72.1217 -92.0328 -41.4319 -165.038 -56.3111  -52.146  -61.492 -54.6091 -68.0639 -80.8923 -41.2488 -57.9669 -67.0432 -69.4629 -52.4812 -56.3949 -68.1207 -76.6539 -59.6082 -43.1795 -90.0977 -76.6676 -89.7201  -86.758 -79.6758 -62.3483 -74.1854 -56.5085 -84.1512 -85.2885 -84.6091  -87.532 -53.8641 -51.4437 -81.2052
-29.6118 -39.9832 -67.8957   -58.12 -45.4818 -44.5628 -40.2192 -41.8101 -53.1443 -29.4002 -46.5512 -21.9183  -29.746 -31.8402 -27.8708 -29.9088 -71.4736 -47.0525 -40.2385 -29.7623 -32.2714 -46.5191 -70.8864 -58.0096 -36.4987 -46.7279 -53.7707 -44.3777 -56.3111 -116.209 -44.4748 -43.0144  -40.148 -36.5431 -44.4617 -40.2821 -39.2172  -52.082 -53.2044 -36.8879 -43.7981 -36.1666 -51.8088  -28.107 -24.6483 -47.4304 -24.6872 -52.3163 -47.0916  -50.662 -62.3077 -52.4996 -42.4046 -57.4049 -39.4575 -28.3322 -54.5864 -37.5413 -37.7417 -55.4529
-62.1839 -77.5299 -49.5301 -52.4839 -58.2713 -49.5014 -59.4626 -61.4999 -36.6475 -55.1987 -47.6102 -44.7022 -50.4537 -46.7149 -19.3037 -46.0261 -78.4826 -65.5288 -45.1848 -37.3587 -53.9272 -53.8767 -62.0812 -34.4319 -51.3136 -65.7132 -67.6497 -30.3784  -52.146 -44.4748  -121.68 -33.8893 -45.3277 -53.1377  -47.812 -47.1379  -34.249 -36.6476 -50.9436 -26.5194 -64.6876 -52.2265 -45.5655 -30.8236 -51.3859 -45.0223 -49.4492 -41.9154 -58.9563 -43.8314 -65.7955 -58.4577 -30.1498 -55.4034 -56.2215 -40.8694 -53.2212 -24.9533 -71.0254 -57.0816
 -56.006 -49.0091 -58.5532 -62.0324 -29.7483 -39.3614 -38.7349 -40.8265 -43.3247  -33.842 -49.4532 -42.7183 -38.5093 -54.1906 -59.2656 -42.6137 -59.1891 -58.9275 -40.5026 -44.3428 -43.5862  -38.949 -48.5562 -48.4889 -30.2034 -37.4687 -56.1033 -24.0396  -61.492 -43.0144 -33.8893 -111.458 -41.8463 -45.2862 -35.0998 -38.0198 -51.2841 -39.5258 -44.3625 -31.4364 -36.8925 -56.4452 -60.8262 -49.4087 -52.9224 -60.7125 -35.0877 -53.5098 -65.4425 -45.0784 -55.8518 -46.2245 -21.3175 -52.0264 -59.1222 -46.0931 -53.8209 -40.0653 -49.3397 -67.6881
-63.3005 -59.1131 -70.7652 -68.7869 -47.2614 -68.7925 -45.9832 -71.9902  -50.341 -45.8905 -51.6109 -46.9624 -61.9209 -45.5683 -67.7069 -22.3756 -77.9866 -58.2209 -61.8718 -41.5155 -62.6859 -65.4778 -68.6011 -62.8144 -66.1997 -39.5604 -47.7528 -39.3942 -54.6091  -40.148 -45.3277 -41.8463 -134.379 -37.3847 -43.6449  -53.939  -46.323 -39.1101 -55.0754 -64.1562 -43.8686 -42.8693 -77.9864 -48.9652 -53.7674 -49.7027 -65.7431 -61.1644 -70.3176 -88.7457 -69.2088 -64.3505 -44.8807 -66.9924 -47.9186 -52.5441 -50.3162 -50.0367 -59.8114 -83.9769
-46.4547 -67.5546 -54.6618 -61.7802 -57.4101 -34.5983 -58.1042 -65.7328 -48.6939 -33.7672  -42.186  -57.788 -54.5122 -56.8352 -55.4764 -56.8032 -68.4652 -38.0296  -44.231 -65.8551 -59.8115 -39.0247 -56.9364 -38.4125 -35.5144 -77.7806 -91.4243 -28.2347 -68.0639 -36.5431 -53.1377 -45.2862 -37.3847 -141.172 -47.0042  -42.646 -39.1505 -46.7527 -41.3234 -56.0783 -59.4331 -49.1119  -50.522 -50.3521 -53.0409 -57.5477  -70.507 -46.3893 -69.1602 -61.2756 -53.9673  -65.233  -52.541 -53.2026 -54.6815 -52.9244 -52.0769 -32.6277 -51.6377 -71.4315
-71.4296  -69.468 -62.7783 -89.2795  -50.369 -89.6466 -48.0172 -53.6163 -69.4312 -35.8393 -56.5773 -58.2578 -35.3355 -65.4868 -56.9905 -41.2702 -62.5016 -76.8113 -48.3405  -59.229 -48.9347 -69.9458 -70.8379 -47.4391 -55.5927 -79.0258 -89.3767 -40.4457 -80.8923 -44.4617  -47.812 -35.0998 -43.6449 -47.0042 -156.183 -43.3766 -33.1526 -69.4554 -64.8011 -86.1313 -49.9695 -64.8806 -82.7082 -61.5897  -46.569 -73.3922  -66.661 -55.3458  -78.241 -80.1523  -53.383 -70.0382  -49.614 -81.8891 -75.6323 -73.3044 -72.5475 -57.6139 -61.9596 -73.8173
-39.7324  -58.913 -67.2442 -55.5619 -35.7184 -44.9769 -51.5139 -60.1091 -19.7895 -32.3904 -41.1932 -34.8715  -46.831 -31.0321 -36.1317 -32.8884 -64.8315 -44.2981 -59.3923 -44.5601 -47.6958 -59.7684 -71.3992 -55.6342  -52.217 -47.4807 -38.1556 -33.0708 -41.2488 -40.2821 -47.1379 -38.0198  -53.939  -42.646 -43.3766 -124.619 -27.5571  -29.283 -36.5476 -50.7176 -36.0984 -46.4437 -78.8885 -47.2042 -35.7824 -33.8156 -43.7248 -65.0243 -55.1532   -62.13 -40.2754 -54.9101 -26.8195 -56.6149 -19.3975 -64.6761 -32.3511 -22.8914 -46.8883 -75.1803
 -51.774 -35.6077 -73.7289 -34.8263 -42.4092 -51.0547 -17.3259  -43.959 -33.4322 -42.4225 -53.3737 -37.9158 -57.3878 -28.7902 -35.6897 -40.0134 -80.7295 -64.1205 -51.1732 -37.4138 -47.3025 -56.6369 -47.2901 -46.5996 -39.0618  -43.027 -40.5316 -31.9816 -57.9669 -39.2172  -34.249 -51.2841  -46.323 -39.1505 -33.1526 -27.5571 -136.722 -61.6415 -49.7796 -35.4294  -69.919 -51.3051 -46.8278  -31.142  -63.894 -47.7007 -48.9742 -40.7183 -69.7435 -46.8664 -52.4809 -50.7324 -60.6105 -46.2359 -47.7438 -41.3284 -64.9496 -34.6605 -46.8761 -43.0158
-72.4958 -66.1595 -61.8934 -66.5795 -51.0518 -63.8387 -34.8374  -65.539 -60.1621 -45.4237 -50.4661  -48.622 -27.5781 -42.4194 -47.2881 -27.0003 -77.0837 -54.1218 -62.1868 -32.6767 -46.6013 -38.9274 -55.4184 -34.4185 -43.9873 -67.9962  -70.479 -35.6254 -67.0432  -52.082 -36.6476 -39.5258 -39.1101 -46.7527 -69.4554  -29.283 -61.6415 -126.836 -59.2886 -56.3807 -57.7515 -67.7649 -60.8736 -31.3902 -35.8561 -51.5735 -53.0504 -58.8652 -60.3148 -61.2262 -55.8136 -72.7376 -54.5795  -53.248 -69.1692 -45.8668 -75.0267  -50.886 -50.2246 -55.9815
-80.7907 -83.3932  -66.657 -81.7711 -59.8971 -80.2788 -56.7339 -84.2049 -65.6433 -35.0064 -57.3062 -47.4449 -47.3211 -38.0017 -59.3341 -44.6514 -83.9175  -77.475 -54.1517 -53.2878 -71.8529 -34.7122 -66.5929 -64.6778 -56.7748 -61.5694 -75.3746 -40.8517 -69.4629 -53.2044 -50.9436 -44.3625 -55.0754 -41.3234 -64.8011 -36.5476 -49.7796 -59.2886 -139.961 -57.7329 -66.7485  -53.856 -80.6167 -44.1086 -58.1971 -81.6405 -51.6864 -67.0919 -53.1823  -68.332  -58.269 -57.3419 -29.4572 -81.5621 -72.3431 -63.2094 -90.2546 -55.7653 -74.3863 -69.6871
-58.9699 -65.4228   -50.06 -86.9083 -40.2397 -68.6827  -45.144 -60.6198 -58.6728 -36.8222 -21.4538 -36.6241 -33.5364 -45.0696 -60.0671 -29.8419 -56.7269 -63.2898 -50.2351 -34.6944 -50.6004 -49.0945 -42.9165 -56.5684 -45.0128 -64.4251 -53.1164 -31.0952 -52.4812 -36.8879 -26.5194 -31.4364 -64.1562 -56.0783 -86.1313 -50.7176 -35.4294 -56.3807 -57.7329 -133.321 -38.1463 -46.5585 -69.4168 -46.2316 -32.1679 -48.0387 -75.9044 -43.3256 -64.5892   -61.61 -32.3147 -69.9775 -42.7446 -85.3315 -48.2937 -56.4292 -62.3318 -46.0149 -51.2615 -69.5782
-67.4456 -75.6146  -59.399 -62.8637 -68.7591 -50.9011 -60.1354 -64.9665 -50.4858 -42.2193 -65.3515 -56.4621 -41.7669 -41.4067  -44.966 -59.4604 -83.5618  -51.015 -56.6187 -52.4241 -54.1125 -58.7037 -55.2405  -46.192 -62.8301 -42.5985 -80.2537 -41.6115 -56.3949 -43.7981 -64.6876 -36.8925 -43.8686 -59.4331 -49.9695 -36.0984  -69.919 -57.7515 -66.7485 -38.1463 -133.253  -61.654 -59.5533 -21.8141 -57.3353  -70.185 -41.4679 -24.9689 -72.9946 -63.0849 -73.5835 -61.0095 -48.2151 -43.4664 -51.8906 -55.1158 -72.6817 -40.6842 -55.6613 -59.6435
-62.0283 -71.6279 -46.0443 -63.3658 -52.7934 -49.4734 -46.6177 -62.4923 -54.9648  -27.986 -49.4783 -33.6471 -34.2188 -52.3659 -51.3124 -51.4059 -81.7498 -56.7317 -41.6611 -40.3386 -62.3593 -51.1236 -52.5029  -55.107 -47.4096 -66.1212 -75.6943 -36.8588 -68.1207 -36.1666 -52.2265 -56.4452 -42.8693 -49.1119 -64.8806 -46.4437 -51.3051 -67.7649  -53.856 -46.5585  -61.654 -132.356 -77.2141 -45.2532 -54.3095 -65.8126 -75.7593  -54.143 -61.6467 -49.3963 -68.2704 -57.7782 -34.6373 -66.6488 -60.2432 -69.8865 -84.8387 -33.4667 -38.2242 -68.4291
-98.0807 -74.9945 -83.8227 -70.6437 -57.6349 -102.918 -59.8517 -81.3468  -72.701 -36.6765 -59.4836 -54.8172 -63.8226 -62.2117 -77.8198  -55.242 -95.9482 -80.5581 -74.6304 -65.9703   -79.55  -72.872 -91.9586 -74.6907 -73.8681 -76.6648 -79.2476 -52.8807 -76.6539 -51.8088 -45.5655 -60.8262 -77.9864  -50.522 -82.7082 -78.8885 -46.8278 -60.8736 -80.6167 -69.4168 -59.5533 -77.2141 -167.599 -69.1294 -63.7142 -68.5985 -68.3796 -88.8994   -75.32  -72.039 -78.8424 -68.9889  -39.216 -97.6848 -52.2905 -77.1819 -84.3783 -59.8663 -74.2756 -101.166
-49.2551 -34.8447 -47.3938 -53.8403 -36.0294 -49.2843 -25.0203 -40.7767 -40.6097 -39.8966 -47.4898 -27.1012  -59.603 -35.2208 -45.3483 -46.7241 -61.1113 -65.4533 -55.5689 -53.1985 -46.0219 -49.0627 -74.2442 -41.8224 -46.7983 -57.6569 -64.3102 -20.5272 -59.6082  -28.107 -30.8236 -49.4087 -48.9652 -50.3521 -61.5897 -47.2042  -31.142 -31.3902 -44.1086 -46.2316 -21.8141 -45.2532 -69.1294 -128.185 -47.7782 -63.6047   -70.65 -56.7502 -49.5399 -43.6256 -38.5788 -33.2684 -45.9754 -61.1991 -58.3599 -63.1217 -41.9112 -57.2648 -38.1053 -74.0529
-61.4201 -61.5958 -73.1724 -52.6162 -53.0888 -50.0897 -47.6177 -58.1992 -34.4906 -36.4404 -56.4468  -36.873 -63.4149 -43.9637  -55.144 -65.4132 -87.1146 -49.8723 -42.6044 -46.9394 -45.3388 -44.9714 -55.9532 -32.8171 -67.3396 -48.8063 -74.6299 -32.2594 -43.1795 -24.6483 -51.3859 -52.9224 -53.7674 -53.0409  -46.569 -35.7824  -63.894 -35.8561 -58.1971 -32.1679 -57.3353 -54.3095 -63.7142 -47.7782 -115.561 -50.0419 -59.0763 -53.8289 -69.6981 -42.0453 -52.3978 -47.5728 -42.3656 -48.2344 -57.1541 -53.1001 -42.8853 -34.1535 -58.6662 -55.8697
-61.1046 -68.6188 -58.9412 -84.6523 -84.5396 -96.8123  -65.727  -55.988 -67.2706 -44.6537 -57.0212 -47.8305  -44.217  -52.113 -77.7209 -56.0617 -75.6762 -74.5679 -67.9112 -72.1525 -51.9149 -35.6293 -55.6254 -57.0591  -64.389 -67.0147 -87.2069 -46.6927 -90.0977 -47.4304 -45.0223 -60.7125 -49.7027 -57.5477 -73.3922 -33.8156 -47.7007 -51.5735 -81.6405 -48.0387  -70.185 -65.8126 -68.5985 -63.6047 -50.0419 -149.645 -59.9559 -69.7801 -80.5368 -100.739 -72.0408 -60.0076 -45.6883 -68.3446  -75.129  -76.298 -82.5753 -45.4318 -54.1258 -65.4601
-52.3669  -81.316 -73.2947 -78.0459 -59.3685 -72.7682 -54.7944 -61.1544 -46.7144 -42.3385 -47.3803  -42.924 -62.9745 -44.8061 -64.7617 -52.3294 -79.5178 -70.3226 -43.1021 -49.2114 -84.1672 -54.2976 -53.5004 -47.1403 -78.5778  -93.815 -60.2492 -34.5068 -76.6676 -24.6872 -49.4492 -35.0877 -65.7431  -70.507  -66.661 -43.7248 -48.9742 -53.0504 -51.6864 -75.9044 -41.4679 -75.7593 -68.3796   -70.65 -59.0763 -59.9559 -149.908 -66.7714 -74.7681  -49.548 -53.5242 -75.9937 -76.4368 -96.7228 -63.3042 -70.5216 -79.6754 -39.8415 -48.6966 -85.9768
-72.6504 -87.7006 -82.9784  -66.189 -53.4533 -82.0141 -74.7124 -64.1483 -50.1501 -43.8217 -66.2029  -33.286 -56.5281  -53.663 -74.6083 -48.1988 -82.4102 -57.1226 -62.1499 -56.8036 -64.5243 -55.6203 -87.1952 -54.3768 -82.1368 -65.5015 -79.6261 -43.3969 -89.7201 -52.3163 -41.9154 -53.5098 -61.1644 -46.3893 -55.3458 -65.0243 -40.7183 -58.8652 -67.0919 -43.3256 -24.9689  -54.143 -88.8994 -56.7502 -53.8289 -69.7801 -66.7714 -135.923 -69.6526 -70.0402 -60.0141 -61.2683 -57.7518 -86.2572 -48.9694 -69.5119 -59.8458 -44.7785 -61.6249 -81.6498
-59.5627 -89.0548 -105.361 -87.1384 -73.0574 -81.5668 -70.2319 -69.9326  -55.508 -42.9592 -53.6026 -62.0813 -54.5744 -61.6655 -64.2619 -71.8268 -80.1865 -64.7973   -66.59 -59.3023 -64.4087 -74.4459 -66.7091 -47.6827 -65.7922 -92.5098 -86.3923 -30.6166  -86.758 -47.0916 -58.9563 -65.4425 -70.3176 -69.1602  -78.241 -55.1532 -69.7435 -60.3148 -53.1823 -64.5892 -72.9946 -61.6467   -75.32 -49.5399 -69.6981 -80.5368 -74.7681 -69.6526 -147.422  -76.475 -79.5015 -71.6397 -63.3944 -86.0282 -65.0708 -63.7704  -83.059 -48.6329 -68.6264 -89.1276
 -72.733 -70.9021 -69.6483 -87.5665 -65.3226 -86.5825   -52.86 -80.5505 -75.6854 -31.6125 -73.6264 -79.1663 -52.0312 -64.8777 -78.2871 -25.4137 -82.5817 -56.4814 -79.3162  -61.057 -55.8533 -45.1894 -81.3867 -51.0554 -65.6097 -50.1815 -84.9575 -66.8695 -79.6758  -50.662 -43.8314 -45.0784 -88.7457 -61.2756 -80.1523   -62.13 -46.8664 -61.2262  -68.332   -61.61 -63.0849 -49.3963  -72.039 -43.6256 -42.0453 -100.739  -49.548 -70.0402  -76.475 -180.547  -76.281  -87.996 -33.7951 -65.9922  -55.096 -80.5387 -72.0946 -57.0203  -73.692 -71.2595
-52.4198 -71.5745 -74.2998 -70.3277 -53.0091 -78.4635 -35.7565 -54.4664 -62.5778 -31.7729 -58.4565 -47.8152 -55.2355 -33.0067 -51.5043 -71.7108 -85.9456  -59.684  -45.297 -54.8548 -62.1606  -64.358  -62.888 -54.8396  -59.536 -68.5123 -68.3308  -35.041 -62.3483 -62.3077 -65.7955 -55.8518 -69.2088 -53.9673  -53.383 -40.2754 -52.4809 -55.8136  -58.269 -32.3147 -73.5835 -68.2704 -78.8424 -38.5788 -52.3978 -72.0408 -53.5242 -60.0141 -79.5015  -76.281   -151.8 -57.0184 -51.7521 -80.3972 -57.8111 -53.2197 -67.8192 -44.7481 -71.7491 -80.1296
-72.2415 -79.8921 -77.9381 -81.0142 -84.1374 -55.3985 -67.4455 -85.6377 -44.3071  -56.569 -50.2839 -67.6332 -55.6812 -78.8609 -67.2262 -43.8261 -83.9735 -63.2822 -63.2203 -57.4189 -53.9356 -43.7055 -45.5911 -39.7155 -67.1351 -79.5533  -79.522 -70.6068 -74.1854 -52.4996 -58.4577 -46.2245 -64.3505  -65.233 -70.0382 -54.9101 -50.7324 -72.7376 -57.3419 -69.9775 -61.0095 -57.7782 -68.9889 -33.2684 -47.5728 -60.0076 -75.9937 -61.2683 -71.6397  -87.996 -57.0184 -149.002 -76.6991  -76.749 -57.5493 -73.9862 -67.9841 -46.2599 -65.6087 -76.6356
-35.0738 -48.9354 -69.5403 -51.2597 -78.5576 -49.4426 -55.3484 -49.6081 -36.5417 -54.0164 -40.5405 -31.0357 -52.8713 -30.6389 -39.3015 -59.4763 -55.2531 -63.5841 -51.1233 -41.2396 -48.3179 -69.2623 -52.7249 -32.2321 -62.1508 -66.6052 -54.4502 -40.4057 -56.5085 -42.4046 -30.1498 -21.3175 -44.8807  -52.541  -49.614 -26.8195 -60.6105 -54.5795 -29.4572 -42.7446 -48.2151 -34.6373  -39.216 -45.9754 -42.3656 -45.6883 -76.4368 -57.7518 -63.3944 -33.7951 -51.7521 -76.6991 -130.955 -54.2543 -52.5206 -52.3327 -48.7414 -30.6548 -40.7842 -49.4553
 -64.029 -83.8749 -84.9082 -94.6197 -70.6811 -92.9585 -63.4023 -71.5793 -67.2871 -20.5149 -55.3744 -57.1367 -57.6452 -67.9748  -74.216 -62.8975 -82.9183 -88.9774 -39.1005 -45.2913 -81.8295 -67.1514 -74.1447 -77.6568 -77.0865 -92.8874 -80.8118 -47.5385 -84.1512 -57.4049 -55.4034 -52.0264 -66.9924 -53.2026 -81.8891 -56.6149 -46.2359  -53.248 -81.5621 -85.3315 -43.4664 -66.6488 -97.6848 -61.1991 -48.2344 -68.3446 -96.7228 -86.2572 -86.0282 -65.9922 -80.3972  -76.749 -54.2543 -164.119 -50.3496 -74.3419  -101.48 -53.1848 -77.8429 -82.5142
-80.8988  -69.525 -52.4749 -93.5144 -57.2081 -71.1737 -44.2262  -65.975  -60.976 -62.1887 -58.4152  -51.505 -46.3994 -59.3376 -63.0075 -55.6719 -68.6153 -83.1515 -61.6757 -54.6584 -64.5663 -45.7911 -65.1631 -34.2096 -55.9337 -67.3636 -77.6377 -27.3034 -85.2885 -39.4575 -56.2215 -59.1222 -47.9186 -54.6815 -75.6323 -19.3975 -47.7438 -69.1692 -72.3431 -48.2937 -51.8906 -60.2432 -52.2905 -58.3599 -57.1541  -75.129 -63.3042 -48.9694 -65.0708  -55.096 -57.8111 -57.5493 -52.5206 -50.3496 -139.509 -45.0379 -62.3365 -42.8152 -56.8314  -58.324
-68.3655 -62.1078 -58.5561 -79.3977 -57.2599 -60.9081 -70.2252 -67.4725 -46.4782 -38.4986 -69.7014 -39.0708 -56.9375 -56.3796 -64.1887  -48.215 -89.8676 -67.6448 -58.9049 -57.6896 -38.6987 -53.5863 -63.8741   -47.34 -70.6867 -42.4143 -82.7028 -31.4921 -84.6091 -28.3322 -40.8694 -46.0931 -52.5441 -52.9244 -73.3044 -64.6761 -41.3284 -45.8668 -63.2094 -56.4292 -55.1158 -69.8865 -77.1819 -63.1217 -53.1001  -76.298 -70.5216 -69.5119 -63.7704 -80.5387 -53.2197 -73.9862 -52.3327 -74.3419 -45.0379 -126.427 -75.0461 -50.0791 -55.0909 -69.4101
-68.5901 -75.6747 -67.2173  -95.203 -57.9399 -91.5712 -57.7165  -59.407 -63.8796 -44.1147 -55.4037 -54.0986 -48.1796 -55.9729   -58.32 -49.4159 -78.4513  -100.04 -58.0812 -52.6033 -94.2395 -46.4468 -76.0884 -55.1724 -67.9777 -78.1123 -85.1562 -41.3774  -87.532 -54.5864 -53.2212 -53.8209 -50.3162 -52.0769 -72.5475 -32.3511 -64.9496 -75.0267 -90.2546 -62.3318 -72.6817 -84.8387 -84.3783 -41.9112 -42.8853 -82.5753 -79.6754 -59.8458  -83.059 -72.0946 -67.8192 -67.9841 -48.7414  -101.48 -62.3365 -75.0461 -162.303 -60.4846 -77.1595 -77.6713
-62.0884 -36.2994 -49.4258 -43.9785 -26.3852 -53.6308 -27.9286 -32.6812 -34.6031 -44.1513 -46.7222 -39.7705 -18.1624 -41.6796 -47.6011 -22.7175 -54.4777 -58.0669 -55.2297 -23.1871 -42.6654 -38.7766 -71.7289 -54.2028 -57.4148 -33.4427 -69.3812 -25.5927 -53.8641 -37.5413 -24.9533 -40.0653 -50.0367 -32.6277 -57.6139 -22.8914 -34.6605  -50.886 -55.7653 -46.0149 -40.6842 -33.4667 -59.8663 -57.2648 -34.1535 -45.4318 -39.8415 -44.7785 -48.6329 -57.0203 -44.7481 -46.2599 -30.6548 -53.1848 -42.8152 -50.0791 -60.4846   -114.3 -50.9655  -55.357
-78.3093 -72.8126 -80.3951 -60.1662 -44.1653  -81.926 -44.1372 -54.4994 -44.1146 -47.0471 -53.7396 -47.6923 -49.6995 -42.0162 -44.8042 -33.5771 -80.5842 -85.4591  -49.198 -45.9123 -69.0817 -55.1921 -79.7077  -50.366 -65.5164 -60.3552 -84.9273 -29.8348 -51.4437 -37.7417 -71.0254 -49.3397 -59.8114 -51.6377 -61.9596 -46.8883 -46.8761 -50.2246 -74.3863 -51.2615 -55.6613 -38.2242 -74.2756 -38.1053 -58.6662 -54.1258 -48.6966 -61.6249 -68.6264  -73.692 -71.7491 -65.6087 -40.7842 -77.8429 -56.8314 -55.0909 -77.1595 -50.9655 -140.983 -50.3654
-70.6197 -91.1571 -85.3621 -87.3591 -57.9057 -72.3162 -70.5453 -73.9276 -51.6053 -52.7355 -57.2545 -65.5639 -66.0516 -52.3707 -61.9103 -63.5828 -87.7725 -64.6575 -49.8411 -70.3009 -77.5477 -67.2262 -77.1103 -68.0255 -64.8348 -87.5478 -77.3847 -38.7117 -81.2052 -55.4529 -57.0816 -67.6881 -83.9769 -71.4315 -73.8173 -75.1803 -43.0158 -55.9815 -69.6871 -69.5782 -59.6435 -68.4291 -101.166 -74.0529 -55.8697 -65.4601 -85.9768 -81.6498 -89.1276 -71.2595 -80.1296 -76.6356 -49.4553 -82.5142  -58.324 -69.4101 -77.6713  -55.357 -50.3654 -145.277
  -0.658699    0.873634    0.785088   -0.381964    0.272721     1.64301   0.0740444     2.62619    0.587455     2.88513    0.356056    0.857169    0.783755     2.47814     1.05643   -0.707808 -0.00344155   -0.222715     1.22778    0.730871    0.349991    0.659242     2.02423     1.65409    0.420087     1.97836    0.813867   -0.493093    0.992464     2.26821          -0          -0          -0          -0          -0          -0          -0          -0          -0          -0          -0          -0          -0          -0          -0          -0          -0          -0          -0          -0          -0          -0          -0          -0          -0          -0          -0          -0          -0          -0
 0.873634    2.8362 -0.427101   2.02234 -0.160462   2.64802 -0.637501  0.072222   1.53046  0.642794 -0.849886  0.595052    1.0428   2.23293   1.15974    2.4853  0.908836   0.29964  0.636292   2.73433 -0.284851   2.33931   1.11075   1.28591   2.98838   1.45292   2.44919   0.14758   2.67925  0.464285        -0        -0        -0        -0        -0        -0        -0        -0        -0        -0        -0        -0        -0        -0        -0        -0        -0        -0        -0        -0        -0        -0        -0        -0        -0        -0        -0        -0        -0        -0
  0.785088  -0.427101    2.41209  -0.801555    1.99195   0.191289 -0.0685339    2.59643    2.60724  -0.404206  -0.826673  -0.614296  -0.873133  -0.144878    1.78402   0.557285 -0.0746395    1.09275  -0.378359  -0.703742  -0.090966    2.21683   0.354421    1.29654    2.10671 -0.0650001    1.58721    2.45462    1.81046  -0.772471         -0         -0         -0         -0         -0         -0         -0         -0         -0         -0         -0         -0         -0         -0         -0         -0         -0         -0         -0         -0         -0         -0         -0         -0         -0         -0         -0         -0         -0         -0
-0.381964   2.02234 -0.801555 -0.969872  0.471166  0.634965   1.26533 -0.442348   0.18388   2.49237   0.95185    1.0305   1.16946   2.60501   1.91155   2.07621   1.55384  0.702646 -0.679472   1.35251   0.64625   1.56828   1.24106 -0.991491   2.71662   1.08508   1.74887   2.09411  0.447086   1.07867        -0        -0        -0        -0        -0        -0        -0        -0        -0        -0        -0        -0        -0        -0        -0        -0        -0        -0        -0        -0        -0        -0        -0        -0        -0        -0        -0        -0        -0        -0
  0.272721  -0.160462    1.99195   0.471166  -0.130334   0.119184   0.997463    2.33755    2.08812    1.82667    2.64248     2.5469  -0.926705   0.402392   0.764744    1.39685  -0.014951    2.85348    2.33894   -0.94514    2.06766 -0.0144372   -0.32097  -0.473029    2.99689    1.16954   0.534267    2.89645    1.77337    1.91137         -0         -0         -0         -0         -0         -0         -0         -0         -0         -0         -0         -0         -0         -0         -0         -0         -0         -0         -0         -0         -0         -0         -0         -0         -0         -0         -0         -0         -0         -0
   1.64301    2.64802   0.191289   0.634965   0.119184    1.06095    1.05065   0.593889     1.9448    2.68391          2  -0.971811    2.67377 -0.0715824  -0.813587    2.32203    2.32222     2.0778  -0.524876     2.6352 -0.0361057    1.28449    1.33998    1.97557    2.63368 -0.0681088  -0.243251  -0.011111    1.70691    2.00089         -0         -0         -0         -0         -0         -0         -0         -0         -0         -0         -0         -0         -0         -0         -0         -0         -0         -0         -0         -0         -0         -0         -0         -0         -0         -0         -0         -0         -0         -0
 0.0740444  -0.637501 -0.0685339    1.26533   0.997463    1.05065  -0.673713     1.6083    1.77777    1.43717   0.635759   0.030497    1.19765    2.27878    2.83997    2.26263   0.875873  0.0248612    2.39833    1.82764   0.281445    2.53217  -0.474443    1.34849    1.69219   0.718757    2.68076    2.85086    1.43597  -0.214419         -0         -0         -0         -0         -0         -0         -0         -0         -0         -0         -0         -0         -0         -0         -0         -0         -0         -0         -0         -0         -0         -0         -0         -0         -0         -0         -0         -0         -0         -0
  2.62619  0.072222   2.59643 -0.442348   2.33755  0.593889    1.6083   2.66384  0.696418  0.604444   1.07965  0.182662  0.103792   2.60004 0.0435208   1.23683 -0.752326  0.729357 -0.636201   2.45319  0.895297   1.26701 -0.788801 0.0525273   1.34538 -0.138268   2.25302    2.5772   1.62423  0.347346        -0        -0        -0        -0        -0        -0        -0        -0        -0        -0        -0        -0        -0        -0        -0        -0        -0        -0        -0        -0        -0        -0        -0        -0        -0        -0        -0        -0        -0        -0
 0.587455   1.53046   2.60724   0.18388   2.08812    1.9448   1.77777  0.696418   1.60864  0.380327 -0.395555   1.10784 -0.143569   1.03221   2.78645  -0.63445   0.55904   2.32547   1.20448   2.99899 -0.582917  -0.82021 -0.393008   2.18677 -0.313791   2.27728  0.618482 -0.758086   1.28411  0.625125        -0        -0        -0        -0        -0        -0        -0        -0        -0        -0        -0        -0        -0        -0        -0        -0        -0        -0        -0        -0        -0        -0        -0        -0        -0        -0        -0        -0        -0        -0
  2.88513  0.642794 -0.404206   2.49237   1.82667   2.68391   1.43717  0.604444  0.380327 0.0458086   2.01609  0.634942 -0.694511 -0.864792   0.87218   2.04908   1.24142    1.5839    1.7238 0.0321168  0.280439   2.94925 -0.294654   1.95549  0.878956   1.40497   1.95803  0.469345   1.67789    2.0697        -0        -0        -0        -0        -0        -0        -0        -0        -0        -0        -0        -0        -0        -0        -0        -0        -0        -0        -0        -0        -0        -0        -0        -0        -0        -0        -0        -0        -0        -0
