60
1
60
  -0.229565   0.0565179  -0.0955373    -0.14515     -0.1276   -0.010218   0.0797637    0.030253   -0.143541 -0.00996066  -0.0144535    0.105131   -0.132959    0.147456   -0.143462    0.130543   -0.168521   0.0154778    0.234955    0.277023   -0.139616   0.0600175  -0.0653096  -0.0444896    0.119458    0.137263   0.0835613  0.00205892   0.0114811    0.135165   -0.131459   0.0837124  -0.0213811    0.108971   -0.110731   -0.111105   0.0931398    0.207225    0.198145   0.0407389    0.199716    -0.11328   0.0846602    -0.10045   -0.219268   0.0205281   0.0361673  -0.0802344  -0.0313304   0.0988225  -0.0255591    0.269644   0.0514424   0.0850864    0.229523   0.0381923   -0.295349     0.05722  -0.0182706   -0.117705
-146.664  -51.009 -91.0151 -63.4397 -89.6905  -57.006 -50.1161 -60.6461 -68.7524 -83.5484   -58.23  -54.689 -61.0893  -38.875 -72.7485 -63.7994 -80.8229 -82.1879 -72.1657 -40.8861 -78.9641 -62.9518 -53.6981 -66.2481 -68.8703 -83.2093 -66.0499 -69.5334 -74.4121 -10.4384 -67.2641 -51.4846  -53.117 -57.9914 -57.3027 -75.3073 -71.0282 -59.3833    -75.9 -60.3297 -63.2466 -64.9339 -60.9283 -78.2197 -58.6862 -70.5309 -49.0672 -63.4097 -91.8467 -80.4155 -54.9065 -65.4664 -48.8382 -66.0711 -77.5189 -62.6974 -34.1739 -65.9488 -91.6161 -63.5921
 -51.009 -111.343 -60.7038 -48.6696 -54.2615 -43.6049 -36.0391 -44.2876 -63.0973 -71.9581 -42.2305 -54.5194  -39.303 -13.3396 -60.3319 -50.0536 -30.6103 -54.1716 -42.3877 -31.9828 -80.1552 -32.9489 -37.8846 -65.1776 -56.2952 -55.2693 -50.3214 -46.0255 -66.5318 -29.4105 -43.5706 -54.9865 -60.4271 -50.4159 -41.0703 -74.2626 -65.3713 -56.2362 -46.2498   -43.68 -55.2998 -53.9686 -43.5646 -72.1964 -42.2432 -45.2062 -26.9824 -62.3413 -76.3965 -70.0485 -53.0977 -51.9553 -43.7558 -62.1796 -66.7118 -71.2114 -43.2943 -49.7889 -60.8493 -57.3701
-91.0151 -60.7038 -182.002 -87.2498 -107.895 -69.8872 -57.1187 -66.9706 -107.134 -69.3951 -74.6495 -84.5166 -74.6103 -49.0336  -110.67 -64.4268 -70.0554 -80.5622  -70.169  -80.439 -104.703 -86.4506 -69.7089 -72.2755 -78.5175 -88.1878 -107.799  -56.019 -84.2193 -48.8007 -71.9528 -56.1237 -86.6301 -73.0826 -56.7524  -88.464 -83.1879 -91.3756 -71.3831 -63.1554 -99.8149 -57.7693  -66.178 -86.9237 -87.4377 -68.8617 -54.6261 -74.9465  -117.84 -76.0062 -72.1962 -66.7365 -55.6533 -85.3475 -105.741 -78.7406 -55.6723 -92.9129 -102.874 -72.6128
-63.4397 -48.6696 -87.2498 -126.522  -78.232 -45.1436 -36.6029 -62.0643 -61.8645 -53.1916 -43.0835 -53.7294 -53.6244 -25.0734 -80.4927 -30.3315 -38.9048 -46.0723 -44.3477 -35.0415 -63.6086 -63.5143 -21.9888 -51.3777  -53.501 -60.6208 -53.2967   -48.08 -70.0579  -35.423 -48.2406 -54.1153 -52.2823 -42.7884 -36.6544 -62.2147 -32.0334 -45.6439 -55.6686 -51.2606 -52.3055 -47.6299 -46.9775 -57.0335 -42.3153 -42.5026 -30.8124 -35.9814 -74.1925  -67.241 -45.6121 -48.6042 -35.9891 -70.9224 -79.6263  -57.139 -36.3184 -60.6705 -63.9156 -49.2343
-89.6905 -54.2615 -107.895  -78.232 -173.197 -66.1922 -67.0833 -62.7321 -83.4763 -60.5821 -54.0445  -59.041 -39.6858 -45.7984 -85.7103 -52.6753 -71.8928 -67.5177 -71.9091 -58.6734 -75.5689 -100.565 -56.7861 -86.7509 -61.3815 -80.1106 -102.966 -69.5375 -76.0557 -32.3406 -64.2442 -72.3232 -71.1186 -74.8977 -68.7622 -71.2958 -56.2455 -43.2634 -82.2813 -73.7427 -86.2724 -55.8272 -61.5551 -69.4075 -61.4726 -66.0109 -33.4622 -81.3101 -103.385 -97.4407 -72.3845 -70.5798 -49.0637 -55.8478 -69.2897 -77.7269 -57.8956 -71.8102 -78.9473 -64.9633
 -57.006 -43.6049 -69.8872 -45.1436 -66.1922 -128.826 -49.4602  -48.073 -71.7303 -60.1883 -54.1523 -63.6297 -34.0208 -22.1012 -70.5243 -41.6574 -64.5813 -68.2706  -48.271 -52.9929 -64.8085 -66.2369 -49.6136 -65.2395 -60.2504 -64.2901  -73.339 -69.5657 -69.4326  -57.379 -62.2711 -50.1125 -64.3907 -53.6855 -63.2384 -51.1958 -63.1372 -62.7663 -62.7854   -50.91 -48.8937 -48.6248 -49.4708 -59.9393 -50.4072  -59.529 -43.3248 -59.0929 -82.1575 -66.7741 -58.2953 -56.0194 -72.3924 -63.7447 -57.0243  -79.095 -40.3343  -64.934 -60.2005 -57.1437
-50.1161 -36.0391 -57.1187 -36.6029 -67.0833 -49.4602 -110.522 -43.6515 -61.4312 -68.2095 -52.1616 -38.3857 -46.3004 -45.0293 -66.0087 -38.9951 -63.4682 -25.4903 -42.9261 -48.9351 -58.9561 -46.2831   -53.52  -47.521 -54.7684  -56.542 -69.0802 -49.4108 -61.5261 -32.0644 -38.0741  -66.104 -39.5846  -54.682 -49.7567 -58.3394 -64.5113   -43.47 -45.1504 -35.0372 -58.5969 -28.0909  -49.641 -40.6808 -40.9876 -46.8993 -53.3455 -58.3207 -64.3209 -49.3639 -58.8712 -58.8636 -67.8892 -45.3421 -57.2547 -55.4534 -39.7661 -42.7341 -71.5772 -61.5848
-60.6461 -44.2876 -66.9706 -62.0643 -62.7321  -48.073 -43.6515 -137.562 -62.3497 -71.6769 -45.3265  -44.428  -40.406 -32.9177 -67.9474 -39.3631 -52.4099 -51.9785 -47.9633 -55.9421 -57.7731 -47.6134 -50.0585 -70.4322 -62.6093 -65.0903 -64.8998 -48.0975 -54.9454 -27.4377 -55.4826 -65.5978 -56.6471 -58.2943 -53.8154 -54.6009 -51.5711 -51.8629 -64.8445 -50.6383 -51.5704 -39.2197 -46.9237 -65.4531 -55.5323 -38.6624  -53.206 -67.7632  -66.272 -45.0273 -42.6808 -55.0549 -65.0571 -63.9757 -74.7335 -51.6554 -40.2356  -50.463 -65.3914 -56.2871
-68.7524 -63.0973 -107.134 -61.8645 -83.4763 -71.7303 -61.4312 -62.3497 -149.682 -73.1161 -57.6055 -87.5343 -66.2384 -41.7659 -75.4231 -52.7595 -75.9108 -81.8084 -54.9663 -75.1519  -78.012 -78.7626  -62.141 -74.3393 -66.1898 -76.5077 -94.1632 -68.6746 -79.4579 -46.2358 -83.7185 -56.1261   -66.89 -62.4452 -64.4119 -68.8993 -91.6161 -82.9568 -75.0724 -64.2302 -60.1316 -64.6404  -49.394 -69.1796 -79.7892 -57.8727 -45.8885 -64.1263 -97.5204  -73.876 -74.1308  -63.782 -64.0689 -67.9119 -78.0398 -78.7926 -52.9739 -68.0846 -82.5632 -66.3969
-83.5484 -71.9581 -69.3951 -53.1916 -60.5821 -60.1883 -68.2095 -71.6769 -73.1161 -152.936 -55.0594 -59.2159 -66.0702 -33.2443 -73.9679 -62.9723 -58.2923  -51.476 -61.0674 -59.3832 -72.6061 -49.0608 -66.5427  -72.695 -78.5212   -74.19  -65.329 -70.4007 -77.8013   -40.66 -61.6956 -70.6221 -55.6207 -57.8285 -61.9735 -80.4516 -83.5073 -60.0089 -85.6895 -59.6055 -70.6198 -71.1706 -69.0136 -72.9136 -64.8907 -62.5576 -71.2534  -75.674 -80.5364 -74.5772 -74.6715 -76.5088 -78.7932 -77.3589 -90.0197 -78.0814 -49.4905 -81.2714 -72.3561 -73.2912
  -58.23 -42.2305 -74.6495 -43.0835 -54.0445 -54.1523 -52.1616 -45.3265 -57.6055 -55.0594 -123.318 -60.9049 -42.3329 -32.5747 -69.0372 -71.9313 -47.8882 -37.3146 -46.5228 -50.7626  -76.201 -47.9497 -54.6435 -53.2163 -78.7728 -42.6214 -64.2336 -47.4658 -46.8289 -16.5738 -62.3741 -57.0072 -56.2409 -49.7347 -63.4067 -34.9846 -69.2014 -54.0128 -65.5107 -49.3879 -46.1829 -43.2797 -58.1044 -65.4916 -53.7136  -47.068 -58.3452 -59.9596 -71.1151 -40.4775 -45.5939 -64.0398 -49.8947 -64.5156 -48.4979 -47.3492 -26.2768 -44.1147 -60.9055 -66.6194
 -54.689 -54.5194 -84.5166 -53.7294  -59.041 -63.6297 -38.3857  -44.428 -87.5343 -59.2159 -60.9049 -153.393 -42.8715 -31.7104 -64.8537 -54.3958 -39.7737 -78.3189 -60.3106 -39.5209 -54.7638 -68.6468 -54.2021 -67.0679 -73.9256 -77.6659 -55.7085 -48.7352 -70.0265 -33.9645 -60.6023 -25.4522 -41.1617 -45.8964 -55.8041 -64.4155 -70.2505 -66.3108 -50.6909 -58.0093 -58.1811 -46.4159  -36.006  -61.715 -46.8311 -61.3466 -45.8438 -67.2737 -99.2258 -70.5361 -55.7491 -66.5627 -37.7127 -68.4573 -53.0519 -50.8499 -44.7068 -58.9805 -69.9299 -49.7448
-61.0893  -39.303 -74.6103 -53.6244 -39.6858 -34.0208 -46.3004  -40.406 -66.2384 -66.0702 -42.3329 -42.8715 -113.965 -23.2749 -61.3527 -39.9401 -48.1413 -62.5919 -44.1174 -48.4742 -61.2064 -49.9996 -30.9579 -42.9934 -64.3346 -47.5199 -58.4206 -45.2934 -44.3432 -21.5862  -46.792 -46.9357 -38.4312  -49.181 -48.9452 -76.3541 -62.0225  -62.818 -53.7779 -31.9655 -66.3726 -66.6229 -45.1257 -60.5389 -54.4079 -36.5626 -19.3438 -33.9384  -74.336 -43.9525 -51.4918 -56.1113 -47.6459 -58.5348 -55.5177 -63.5913 -38.5374 -49.4507 -56.6211 -33.4363
 -38.875 -13.3396 -49.0336 -25.0734 -45.7984 -22.1012 -45.0293 -32.9177 -41.7659 -33.2443 -32.5747 -31.7104 -23.2749 -84.6284 -44.8235 -36.4691 -40.9875 -31.7292 -44.0106 -45.7782 -41.7399  -28.468 -36.2226 -35.7132 -35.9024   -40.84 -42.0928 -16.2192 -38.2076 -16.4302 -42.1626 -38.0397 -23.3997 -18.4569 -26.0657 -20.2752 -35.7661 -27.6324 -23.0202 -27.0296 -29.0186 -24.6849 -23.5094 -50.9816 -34.2972  -31.005  -21.232 -35.4554 -45.4652 -22.9539 -32.3654 -44.0688  -37.878 -37.9433 -40.2009 -22.0211 -24.8386 -34.2003 -34.9471 -31.6832
-72.7485 -60.3319  -110.67 -80.4927 -85.7103 -70.5243 -66.0087 -67.9474 -75.4231 -73.9679 -69.0372 -64.8537 -61.3527 -44.8235 -150.092 -53.6035 -78.9503 -70.4527 -62.1561 -64.5843 -99.3729 -59.3834  -56.522 -84.1343 -90.4746 -90.1046 -90.0785 -68.2564 -87.9591 -45.3683 -71.2499 -73.3626 -86.2837 -56.1052 -52.0472 -86.1726  -80.005  -80.997 -70.3872 -63.8545   -85.78 -48.6157 -64.7437 -68.5378 -58.9089 -58.3218 -58.0078 -76.8376 -104.896 -75.9112 -86.0743 -58.4828 -82.1257 -80.9451 -104.096 -84.1198 -52.4762 -84.5388 -99.1132  -75.359
-63.7994 -50.0536 -64.4268 -30.3315 -52.6753 -41.6574 -38.9951 -39.3631 -52.7595 -62.9723 -71.9313 -54.3958 -39.9401 -36.4691 -53.6035 -98.4715  -38.569 -48.0119 -37.9387 -53.3989 -62.9136 -47.0467 -47.9728 -58.0167 -75.0317 -49.7042 -49.4727 -42.6987 -48.5198 -10.4932 -44.5639 -54.6377 -59.4995 -39.6522 -51.7734 -46.8271 -69.5912 -48.8278   -65.39 -51.0652 -59.0771 -52.4049 -43.2857 -68.3942  -52.885 -61.3595 -41.3646 -63.6872 -70.1837 -57.1708 -50.6111 -59.2059 -53.7276 -49.4104 -50.3241 -33.9349 -29.5699 -73.8975  -54.877 -48.8404
-80.8229 -30.6103 -70.0554 -38.9048 -71.8928 -64.5813 -63.4682 -52.4099 -75.9108 -58.2923 -47.8882 -39.7737 -48.1413 -40.9875 -78.9503  -38.569 -131.472 -60.4985 -52.9103 -61.9071 -72.1251 -58.2147  -52.048 -66.3807 -60.8513 -75.8079 -77.0657 -61.3191 -72.5408 -17.0983 -67.1744  -59.778  -54.279 -57.7587 -46.2482 -55.1932 -69.7979 -69.0187 -66.4003 -35.9475 -57.1184 -48.1931 -51.0373 -50.5143 -61.3607 -58.4908 -47.3021 -62.5188 -69.5362 -56.4293 -54.1051 -47.3272 -58.7627 -53.9891 -76.9256 -53.5788 -44.9371 -56.3223 -72.5835 -56.6163
-82.1879 -54.1716 -80.5622 -46.0723 -67.5177 -68.2706 -25.4903 -51.9785 -81.8084  -51.476 -37.3146 -78.3189 -62.5919 -31.7292 -70.4527 -48.0119 -60.4985 -146.899 -53.2495 -61.2487 -74.8334 -65.3559  -62.157 -61.1399  -70.111 -83.7583 -66.2605 -57.0623 -67.4515 -37.7776 -92.9054 -39.3625 -58.9144 -55.8951 -52.9073   -74.97 -75.7294 -67.9174 -68.4864 -52.0192 -77.8014 -56.4877 -47.1877 -74.7716 -55.1139 -75.5301 -36.8609 -61.0699  -83.307 -65.5045 -53.2148 -53.1107 -54.9842 -59.8926 -68.1779 -76.2004 -29.6126 -72.6004 -84.1455 -41.5366
-72.1657 -42.3877  -70.169 -44.3477 -71.9091  -48.271 -42.9261 -47.9633 -54.9663 -61.0674 -46.5228 -60.3106 -44.1174 -44.0106 -62.1561 -37.9387 -52.9103 -53.2495 -102.926 -49.2465 -54.1303 -47.8777 -30.9207 -70.5105  -47.337 -52.5284 -51.8623 -44.2354 -49.5947 -35.0077  -48.006 -33.2152 -50.6308 -43.9261 -46.8276 -58.1268 -53.7664 -30.9297 -43.8184 -37.5914 -60.5736 -46.7703 -55.1164 -59.3916  -46.698 -51.6749 -30.6545 -56.0269 -74.7827 -50.7846 -52.5259 -47.1377 -33.0203 -55.8718 -54.6034 -57.5532 -31.1335 -49.3854 -64.4548 -54.2016
-40.8861 -31.9828  -80.439 -35.0415 -58.6734 -52.9929 -48.9351 -55.9421 -75.1519 -59.3832 -50.7626 -39.5209 -48.4742 -45.7782 -64.5843 -53.3989 -61.9071 -61.2487 -49.2465 -137.285 -76.5847 -62.7847 -51.7886 -60.0538 -53.1351  -79.997 -78.4299 -46.1406 -73.2728 -26.9664 -63.5747 -71.2209 -74.9434 -50.2932 -45.2149  -49.512 -84.1259 -67.2157 -56.0691 -26.1461 -69.2256 -63.4456 -45.3445 -48.4635  -58.077 -52.2544 -40.5972 -60.3027 -54.9344 -47.8404 -63.7356 -53.8089 -68.0023 -47.4345 -71.9062  -55.592 -47.3155  -77.904 -69.0777 -51.8584
-78.9641 -80.1552 -104.703 -63.6086 -75.5689 -64.8085 -58.9561 -57.7731  -78.012 -72.6061  -76.201 -54.7638 -61.2064 -41.7399 -99.3729 -62.9136 -72.1251 -74.8334 -54.1303 -76.5847 -168.478 -53.0139  -71.241 -82.4814 -87.6427 -91.8489 -77.8792 -52.7476  -83.309 -50.2011 -57.0752 -79.9997 -93.5273 -86.0993 -69.5305 -86.3313 -83.1105 -70.1742 -77.7814 -52.6806 -72.4882 -70.2164 -50.5748 -79.9496  -76.952 -69.4001 -40.8798 -74.0018 -106.997 -70.9881 -88.1937 -77.0304 -65.3553 -90.9309 -85.9693 -88.1007 -56.5895  -77.036  -86.491 -68.1429
-62.9518 -32.9489 -86.4506 -63.5143 -100.565 -66.2369 -46.2831 -47.6134 -78.7626 -49.0608 -47.9497 -68.6468 -49.9996  -28.468 -59.3834 -47.0467 -58.2147 -65.3559 -47.8777 -62.7847 -53.0139 -139.764 -40.1122 -46.2869 -51.9844 -67.2941 -87.0654 -71.2598 -79.1877 -36.5731 -69.6823 -50.4299 -55.5651 -62.4182 -53.3889 -64.6128 -59.7299 -53.4064 -68.7254 -57.0331 -68.7502 -53.6385 -56.9726 -64.6605 -75.0167 -70.1259    -33.2 -60.3848 -88.5876 -65.3136 -57.6363 -54.5845 -54.4131 -64.0256 -65.4166 -61.4392 -47.3007 -65.8625 -54.3705 -51.4874
-53.6981 -37.8846 -69.7089 -21.9888 -56.7861 -49.6136   -53.52 -50.0585  -62.141 -66.5427 -54.6435 -54.2021 -30.9579 -36.2226  -56.522 -47.9728  -52.048  -62.157 -30.9207 -51.7886  -71.241 -40.1122 -139.515 -52.4918 -74.9413 -76.8385 -88.2761  -35.104 -66.3045 -25.5448 -54.1975  -47.928 -53.3986  -65.488 -55.0727 -49.7031 -64.5036 -52.5915 -65.1219 -32.4558 -85.2473 -41.2298 -32.1245 -61.2986  -62.532 -45.0382 -59.6599 -56.5863 -55.6273 -56.7171 -43.4829 -53.8841 -60.9459 -44.1952 -64.4103 -49.3299 -44.9144 -50.4928 -49.7349 -50.0635
-66.2481 -65.1776 -72.2755 -51.3777 -86.7509 -65.2395  -47.521 -70.4322 -74.3393  -72.695 -53.2163 -67.0679 -42.9934 -35.7132 -84.1343 -58.0167 -66.3807 -61.1399 -70.5105 -60.0538 -82.4814 -46.2869 -52.4918 -159.501 -91.0817 -75.6875 -65.1747 -70.6149 -61.1671 -44.9626 -46.3193 -60.6352 -66.1654 -49.0478   -66.75 -63.9486 -65.7427 -61.6878 -69.1653 -60.6256 -55.8948 -62.7075 -68.6354 -73.4741 -73.4186 -72.4946  -33.251 -94.7571 -92.2792 -82.4431 -74.4494 -50.3029 -65.2239 -67.4972 -76.6396 -90.2419 -62.7439 -69.1912 -77.1828 -64.1111
-68.8703 -56.2952 -78.5175  -53.501 -61.3815 -60.2504 -54.7684 -62.6093 -66.1898 -78.5212 -78.7728 -73.9256 -64.3346 -35.9024 -90.4746 -75.0317 -60.8513  -70.111  -47.337 -53.1351 -87.6427 -51.9844 -74.9413 -91.0817 -151.088 -71.0354 -78.3597 -59.4324 -66.8898 -29.4231 -56.3021 -53.3238 -70.9691 -62.6772 -58.0685 -72.1837 -72.9168 -71.7969 -74.9946  -50.202 -86.2746 -68.8672 -51.6368 -58.4269 -60.5658 -70.9728 -58.2302 -83.1063 -104.715  -83.471 -59.0434 -68.9886 -77.3212 -69.7083 -61.4356 -75.5345 -48.3559 -84.7803 -70.0785 -69.6448
-83.2093 -55.2693 -88.1878 -60.6208 -80.1106 -64.2901  -56.542 -65.0903 -76.5077   -74.19 -42.6214 -77.6659 -47.5199   -40.84 -90.1046 -49.7042 -75.8079 -83.7583 -52.5284  -79.997 -91.8489 -67.2941 -76.8385 -75.6875 -71.0354 -156.296 -82.4711 -66.8807 -95.5309 -41.9844 -58.0129 -68.9423   -67.48 -36.4925 -56.7721   -81.47 -89.8555 -73.5032 -71.8271 -52.3544 -83.3173 -52.2467 -36.6106 -61.9441 -68.5586 -75.8716   -44.44  -90.772 -86.4129 -78.9512  -78.817 -70.4374  -60.971 -79.6194 -97.5538 -68.4887 -62.5765 -69.2116 -97.8785 -55.0315
-66.0499 -50.3214 -107.799 -53.2967 -102.966  -73.339 -69.0802 -64.8998 -94.1632  -65.329 -64.2336 -55.7085 -58.4206 -42.0928 -90.0785 -49.4727 -77.0657 -66.2605 -51.8623 -78.4299 -77.8792 -87.0654 -88.2761 -65.1747 -78.3597 -82.4711 -166.081 -66.9814 -87.8757 -45.0558 -80.7284  -87.989 -85.6683 -72.4004 -71.9559 -70.9428 -80.9038 -77.4906 -80.4708 -61.5405 -98.9154 -61.2219 -58.6086 -96.0639  -73.176 -64.9065 -48.3762 -66.1383 -85.8433 -78.9192 -87.2974 -73.6908 -68.9628 -62.0702 -96.6081 -87.6645 -84.4181 -85.7693 -75.6667 -78.0564
-69.5334 -46.0255  -56.019   -48.08 -69.5375 -69.5657 -49.4108 -48.0975 -68.6746 -70.4007 -47.4658 -48.7352 -45.2934 -16.2192 -68.2564 -42.6987 -61.3191 -57.0623 -44.2354 -46.1406 -52.7476 -71.2598  -35.104 -70.6149 -59.4324 -66.8807 -66.9814 -121.061 -65.6837 -27.5367 -53.0546  -47.577 -59.2327 -28.7645  -61.168 -62.9026 -55.0895 -51.2207 -67.0765 -54.1308 -44.7512 -35.7688 -51.6675 -53.4858 -60.9404 -63.5928 -31.9597 -41.1771 -69.9025 -78.9658 -64.2127 -49.6467 -55.9904 -62.4034 -79.2641      -70  -43.536 -55.0875 -62.1681 -44.1729
-74.4121 -66.5318 -84.2193 -70.0579 -76.0557 -69.4326 -61.5261 -54.9454 -79.4579 -77.8013 -46.8289 -70.0265 -44.3432 -38.2076 -87.9591 -48.5198 -72.5408 -67.4515 -49.5947 -73.2728  -83.309 -79.1877 -66.3045 -61.1671 -66.8898 -95.5309 -87.8757 -65.6837 -144.451 -39.3669 -73.1809 -67.9238 -70.8926 -58.6568 -53.2425 -83.6726 -72.0062  -80.656 -62.0099 -54.8487 -90.0268 -59.4986 -54.5328 -76.8188  -58.114 -68.9704 -45.9927 -69.2946 -91.5543 -85.9734 -76.6519 -65.6457 -63.4982 -75.1989  -97.704 -92.4855  -67.471 -79.4687  -73.588 -66.2481
-10.4384 -29.4105 -48.8007  -35.423 -32.3406  -57.379 -32.0644 -27.4377 -46.2358   -40.66 -16.5738 -33.9645 -21.5862 -16.4302 -45.3683 -10.4932 -17.0983 -37.7776 -35.0077 -26.9664 -50.2011 -36.5731 -25.5448 -44.9626 -29.4231 -41.9844 -45.0558 -27.5367 -39.3669 -110.959  -27.585 -29.9732 -27.1845 -42.3118 -38.2611 -42.7081 -40.6869 -19.1147  -39.692 -46.6658 -40.7356  -26.168 -33.1099 -38.6254 -48.6759 -50.6118 -29.1891 -61.2493 -50.3365 -31.8652 -38.8992 -12.8042 -37.6314  -45.556 -52.4588 -67.9516 -26.7905 -42.8315 -40.2664 -47.5887
-67.2641 -43.5706 -71.9528 -48.2406 -64.2442 -62.2711 -38.0741 -55.4826 -83.7185 -61.6956 -62.3741 -60.6023  -46.792 -42.1626 -71.2499 -44.5639 -67.1744 -92.9054  -48.006 -63.5747 -57.0752 -69.6823 -54.1975 -46.3193 -56.3021 -58.0129 -80.7284 -53.0546 -73.1809  -27.585  -131.05 -54.1618 -53.3969 -48.7114 -48.5198 -67.4382 -74.6209 -67.7111 -62.0628  -54.453 -60.6879   -55.19 -55.6494 -74.7878 -54.5348 -48.2187  -47.283 -56.8501 -66.4729 -45.9406 -55.7356 -59.2489 -58.5595  -57.638  -80.844 -68.9664   -22.35 -54.3249 -61.1148 -57.1546
-51.4846 -54.9865 -56.1237 -54.1153 -72.3232 -50.1125  -66.104 -65.5978 -56.1261 -70.6221 -57.0072 -25.4522 -46.9357 -38.0397 -73.3626 -54.6377  -59.778 -39.3625 -33.2152 -71.2209 -79.9997 -50.4299  -47.928 -60.6352 -53.3238 -68.9423  -87.989  -47.577 -67.9238 -29.9732 -54.1618 -129.123 -61.9172 -47.7793 -56.1436 -56.8223 -77.2824 -52.2463 -71.9924 -52.0394 -50.6269 -50.8446 -57.3104 -77.8152 -48.3364 -36.4964 -32.4047 -54.5527 -59.3769 -62.0941 -68.6877 -64.0384 -77.4121 -55.6585 -75.0666 -65.2317 -52.1031 -67.1581   -68.46 -69.4379
 -53.117 -60.4271 -86.6301 -52.2823 -71.1186 -64.3907 -39.5846 -56.6471   -66.89 -55.6207 -56.2409 -41.1617 -38.4312 -23.3997 -86.2837 -59.4995  -54.279 -58.9144 -50.6308 -74.9434 -93.5273 -55.5651 -53.3986 -66.1654 -70.9691   -67.48 -85.6683 -59.2327 -70.8926 -27.1845 -53.3969 -61.9172 -140.437 -54.8154 -50.4192 -75.7164 -60.5207 -54.7011 -76.7808 -43.5645  -72.362 -50.8006 -48.6489 -60.7342 -63.4265 -55.5178 -29.9184 -53.7635  -75.363 -74.5641 -76.3047 -63.9388 -56.1661 -60.5503 -70.9865  -59.727  -41.301 -84.0963 -82.6675 -62.0268
-57.9914 -50.4159 -73.0826 -42.7884 -74.8977 -53.6855  -54.682 -58.2943 -62.4452 -57.8285 -49.7347 -45.8964  -49.181 -18.4569 -56.1052 -39.6522 -57.7587 -55.8951 -43.9261 -50.2932 -86.0993 -62.4182  -65.488 -49.0478 -62.6772 -36.4925 -72.4004 -28.7645 -58.6568 -42.3118 -48.7114 -47.7793 -54.8154 -130.127 -56.3562 -58.8089 -64.8313 -45.8185 -68.3468 -35.8422 -63.5565  -59.815 -44.4376  -56.815 -54.5431 -48.1692 -48.6833 -60.9318 -83.5572 -69.3177 -36.3198 -53.0292 -45.5498 -51.3246 -60.9751 -62.7792 -37.3218 -54.7011 -58.9641   -61.17
-57.3027 -41.0703 -56.7524 -36.6544 -68.7622 -63.2384 -49.7567 -53.8154 -64.4119 -61.9735 -63.4067 -55.8041 -48.9452 -26.0657 -52.0472 -51.7734 -46.2482 -52.9073 -46.8276 -45.2149 -69.5305 -53.3889 -55.0727   -66.75 -58.0685 -56.7721 -71.9559  -61.168 -53.2425 -38.2611 -48.5198 -56.1436 -50.4192 -56.3562 -113.955 -35.2601 -49.3612 -50.3477 -72.7274 -55.8105 -54.1201   -50.15 -43.4721 -56.8644 -67.6421 -61.8339 -32.5707  -52.478  -83.933 -51.8232 -64.1202 -70.5201 -32.8222 -48.1674 -44.5154 -74.1861 -56.9425 -54.0805 -51.1271 -34.5831
-75.3073 -74.2626  -88.464 -62.2147 -71.2958 -51.1958 -58.3394 -54.6009 -68.8993 -80.4516 -34.9846 -64.4155 -76.3541 -20.2752 -86.1726 -46.8271 -55.1932   -74.97 -58.1268  -49.512 -86.3313 -64.6128 -49.7031 -63.9486 -72.1837   -81.47 -70.9428 -62.9026 -83.6726 -42.7081 -67.4382 -56.8223 -75.7164 -58.8089 -35.2601 -147.399 -73.9507   -68.43   -61.05  -37.183 -84.0721 -67.5105  -43.383 -73.0185 -59.3912 -57.9408 -28.3232   -61.06 -86.6844 -83.7814   -76.97 -62.3377 -69.2284  -77.238 -89.6868 -78.8516 -39.0377 -57.0048 -80.8652 -59.9702
-71.0282 -65.3713 -83.1879 -32.0334 -56.2455 -63.1372 -64.5113 -51.5711 -91.6161 -83.5073 -69.2014 -70.2505 -62.0225 -35.7661  -80.005 -69.5912 -69.7979 -75.7294 -53.7664 -84.1259 -83.1105 -59.7299 -64.5036 -65.7427 -72.9168 -89.8555 -80.9038 -55.0895 -72.0062 -40.6869 -74.6209 -77.2824 -60.5207 -64.8313 -49.3612 -73.9507 -153.693 -77.9682  -77.283 -55.3095  -78.437 -64.0338 -50.5383 -84.5974 -71.3142 -48.3631 -63.0463 -89.0059 -91.0782 -58.5896 -59.0577 -63.7456 -74.8627 -64.9202 -95.2298   -81.63 -40.5917 -73.4649 -97.8861 -75.4813
-59.3833 -56.2362 -91.3756 -45.6439 -43.2634 -62.7663   -43.47 -51.8629 -82.9568 -60.0089 -54.0128 -66.3108  -62.818 -27.6324  -80.997 -48.8278 -69.0187 -67.9174 -30.9297 -67.2157 -70.1742 -53.4064 -52.5915 -61.6878 -71.7969 -73.5032 -77.4906 -51.2207  -80.656 -19.1147 -67.7111 -52.2463 -54.7011 -45.8185 -50.3477   -68.43 -77.9682 -133.069 -49.5335 -44.7885 -60.8351 -66.9763 -42.0582  -63.286  -64.301 -49.3075 -38.3773 -48.6638 -72.5746   -57.44 -58.6963 -52.7282 -60.5556 -67.7393 -87.3748 -60.0434 -50.8185 -74.2413 -70.3429 -45.0932
   -75.9 -46.2498 -71.3831 -55.6686 -82.2813 -62.7854 -45.1504 -64.8445 -75.0724 -85.6895 -65.5107 -50.6909 -53.7779 -23.0202 -70.3872   -65.39 -66.4003 -68.4864 -43.8184 -56.0691 -77.7814 -68.7254 -65.1219 -69.1653 -74.9946 -71.8271 -80.4708 -67.0765 -62.0099  -39.692 -62.0628 -71.9924 -76.7808 -68.3468 -72.7274   -61.05  -77.283 -49.5335   -144.1 -70.8419 -67.2215  -60.281 -49.5872 -64.2495 -72.4107 -70.8951 -52.4265  -75.394 -90.6883 -78.8865 -68.2171 -71.0264 -52.4207 -60.4995 -80.4049 -72.8279 -49.2866 -65.6374 -67.8739 -64.5121
-60.3297   -43.68 -63.1554 -51.2606 -73.7427   -50.91 -35.0372 -50.6383 -64.2302 -59.6055 -49.3879 -58.0093 -31.9655 -27.0296 -63.8545 -51.0652 -35.9475 -52.0192 -37.5914 -26.1461 -52.6806 -57.0331 -32.4558 -60.6256  -50.202 -52.3544 -61.5405 -54.1308 -54.8487 -46.6658  -54.453 -52.0394 -43.5645 -35.8422 -55.8105  -37.183 -55.3095 -44.7885 -70.8419 -111.063 -52.3549 -42.5065 -49.6019 -59.8307 -48.2197 -58.4471 -39.9394 -74.8378 -65.0665 -58.0166 -50.1073 -54.9076 -40.0487 -57.3266  -64.497  -67.171 -38.3644  -74.881 -58.4683 -52.6174
-63.2466 -55.2998 -99.8149 -52.3055 -86.2724 -48.8937 -58.5969 -51.5704 -60.1316 -70.6198 -46.1829 -58.1811 -66.3726 -29.0186   -85.78 -59.0771 -57.1184 -77.8014 -60.5736 -69.2256 -72.4882 -68.7502 -85.2473 -55.8948 -86.2746 -83.3173 -98.9154 -44.7512 -90.0268 -40.7356 -60.6879 -50.6269  -72.362 -63.5565 -54.1201 -84.0721  -78.437 -60.8351 -67.2215 -52.3549   -159.6 -62.2363 -49.2993 -73.5772  -65.988 -69.0383 -54.7269 -88.1431  -96.129 -61.4631 -68.9495 -62.8858 -55.6586 -44.2565  -83.551 -81.9828 -53.0881 -87.6885 -74.5417 -61.8336
-64.9339 -53.9686 -57.7693 -47.6299 -55.8272 -48.6248 -28.0909 -39.2197 -64.6404 -71.1706 -43.2797 -46.4159 -66.6229 -24.6849 -48.6157 -52.4049 -48.1931 -56.4877 -46.7703 -63.4456 -70.2164 -53.6385 -41.2298 -62.7075 -68.8672 -52.2467 -61.2219 -35.7688 -59.4986  -26.168   -55.19 -50.8446 -50.8006  -59.815   -50.15 -67.5105 -64.0338 -66.9763  -60.281 -42.5065 -62.2363 -120.623 -33.7903 -65.4075 -39.5887 -56.5181 -19.8088 -46.2658 -73.0088 -58.5088 -55.6585  -52.335  -42.192 -47.7207 -50.3079 -61.3728 -45.3417 -63.4232 -50.5795 -45.5203
-60.9283 -43.5646  -66.178 -46.9775 -61.5551 -49.4708  -49.641 -46.9237  -49.394 -69.0136 -58.1044  -36.006 -45.1257 -23.5094 -64.7437 -43.2857 -51.0373 -47.1877 -55.1164 -45.3445 -50.5748 -56.9726 -32.1245 -68.6354 -51.6368 -36.6106 -58.6086 -51.6675 -54.5328 -33.1099 -55.6494 -57.3104 -48.6489 -44.4376 -43.4721  -43.383 -50.5383 -42.0582 -49.5872 -49.6019 -49.2993 -33.7903 -99.6925 -60.8017 -40.6103 -48.1346 -49.8718 -62.0964 -60.6644 -47.6849 -47.7615 -35.3811  -54.712 -53.1014 -65.0329 -63.4438 -31.4968 -58.5651 -64.9008 -67.0582
-78.2197 -72.1964 -86.9237 -57.0335 -69.4075 -59.9393 -40.6808 -65.4531 -69.1796 -72.9136 -65.4916  -61.715 -60.5389 -50.9816 -68.5378 -68.3942 -50.5143 -74.7716 -59.3916 -48.4635 -79.9496 -64.6605 -61.2986 -73.4741 -58.4269 -61.9441 -96.0639 -53.4858 -76.8188 -38.6254 -74.7878 -77.8152 -60.7342  -56.815 -56.8644 -73.0185 -84.5974  -63.286 -64.2495 -59.8307 -73.5772 -65.4075 -60.8017 -151.252  -73.982 -62.8647 -31.7856 -65.3384  -82.056 -59.3472 -63.4583 -74.8239 -62.0077 -79.0622 -96.9807 -79.4602 -57.4547 -65.5797 -67.8797 -70.7651
-58.6862 -42.2432 -87.4377 -42.3153 -61.4726 -50.4072 -40.9876 -55.5323 -79.7892 -64.8907 -53.7136 -46.8311 -54.4079 -34.2972 -58.9089  -52.885 -61.3607 -55.1139  -46.698  -58.077  -76.952 -75.0167  -62.532 -73.4186 -60.5658 -68.5586  -73.176 -60.9404  -58.114 -48.6759 -54.5348 -48.3364 -63.4265 -54.5431 -67.6421 -59.3912 -71.3142  -64.301 -72.4107 -48.2197  -65.988 -39.5887 -40.6103  -73.982 -133.836 -66.4201 -37.1373 -65.4339 -76.8313 -50.2826 -49.8151 -59.6842   -60.28  -61.866 -81.3283 -64.9682  -42.365 -66.8004 -58.3078 -52.3781
-70.5309 -45.2062 -68.8617 -42.5026 -66.0109  -59.529 -46.8993 -38.6624 -57.8727 -62.5576  -47.068 -61.3466 -36.5626  -31.005 -58.3218 -61.3595 -58.4908 -75.5301 -51.6749 -52.2544 -69.4001 -70.1259 -45.0382 -72.4946 -70.9728 -75.8716 -64.9065 -63.5928 -68.9704 -50.6118 -48.2187 -36.4964 -55.5178 -48.1692 -61.8339 -57.9408 -48.3631 -49.3075 -70.8951 -58.4471 -69.0383 -56.5181 -48.1346 -62.8647 -66.4201 -134.273  -51.265 -70.3329 -83.0743  -77.941 -63.8995 -69.1943 -51.2555 -69.9209 -69.1739   -68.08   -51.04   -78.93 -76.6837 -45.7782
-49.0672 -26.9824 -54.6261 -30.8124 -33.4622 -43.3248 -53.3455  -53.206 -45.8885 -71.2534 -58.3452 -45.8438 -19.3438  -21.232 -58.0078 -41.3646 -47.3021 -36.8609 -30.6545 -40.5972 -40.8798    -33.2 -59.6599  -33.251 -58.2302   -44.44 -48.3762 -31.9597 -45.9927 -29.1891  -47.283 -32.4047 -29.9184 -48.6833 -32.5707 -28.3232 -63.0463 -38.3773 -52.4265 -39.9394 -54.7269 -19.8088 -49.8718 -31.7856 -37.1373  -51.265 -93.9087 -64.9194 -50.2643 -35.6034 -31.3103 -40.7709 -55.4354 -42.7667 -54.8748 -36.7613 -19.3915  -51.582 -66.0672 -62.0855
-63.4097 -62.3413 -74.9465 -35.9814 -81.3101 -59.0929 -58.3207 -67.7632 -64.1263  -75.674 -59.9596 -67.2737 -33.9384 -35.4554 -76.8376 -63.6872 -62.5188 -61.0699 -56.0269 -60.3027 -74.0018 -60.3848 -56.5863 -94.7571 -83.1063  -90.772 -66.1383 -41.1771 -69.2946 -61.2493 -56.8501 -54.5527 -53.7635 -60.9318  -52.478   -61.06 -89.0059 -48.6638  -75.394 -74.8378 -88.1431 -46.2658 -62.0964 -65.3384 -65.4339 -70.3329 -64.9194  -155.76 -87.8272 -67.4257 -57.3353 -57.8973 -66.1892 -68.4467 -75.2524 -78.1741 -46.0974 -67.3136 -82.9519   -88.87
-91.8467 -76.3965  -117.84 -74.1925 -103.385 -82.1575 -64.3209  -66.272 -97.5204 -80.5364 -71.1151 -99.2258  -74.336 -45.4652 -104.896 -70.1837 -69.5362  -83.307 -74.7827 -54.9344 -106.997 -88.5876 -55.6273 -92.2792 -104.715 -86.4129 -85.8433 -69.9025 -91.5543 -50.3365 -66.4729 -59.3769  -75.363 -83.5572  -83.933 -86.6844 -91.0782 -72.5746 -90.6883 -65.0665  -96.129 -73.0088 -60.6644  -82.056 -76.8313 -83.0743 -50.2643 -87.8272 -171.441 -93.5897 -75.7145 -84.4102 -61.1951  -86.487 -79.9642 -106.049 -61.2298 -71.8242 -86.7766 -70.5789
-80.4155 -70.0485 -76.0062  -67.241 -97.4407 -66.7741 -49.3639 -45.0273  -73.876 -74.5772 -40.4775 -70.5361 -43.9525 -22.9539 -75.9112 -57.1708 -56.4293 -65.5045 -50.7846 -47.8404 -70.9881 -65.3136 -56.7171 -82.4431  -83.471 -78.9512 -78.9192 -78.9658 -85.9734 -31.8652 -45.9406 -62.0941 -74.5641 -69.3177 -51.8232 -83.7814 -58.5896   -57.44 -78.8865 -58.0166 -61.4631 -58.5088 -47.6849 -59.3472 -50.2826  -77.941 -35.6034 -67.4257 -93.5897 -148.974 -67.3556 -79.3326 -60.5852 -85.9006 -87.1756 -76.3516 -57.3606 -86.3461 -85.2524  -64.082
-54.9065 -53.0977 -72.1962 -45.6121 -72.3845 -58.2953 -58.8712 -42.6808 -74.1308 -74.6715 -45.5939 -55.7491 -51.4918 -32.3654 -86.0743 -50.6111 -54.1051 -53.2148 -52.5259 -63.7356 -88.1937 -57.6363 -43.4829 -74.4494 -59.0434  -78.817 -87.2974 -64.2127 -76.6519 -38.8992 -55.7356 -68.6877 -76.3047 -36.3198 -64.1202   -76.97 -59.0577 -58.6963 -68.2171 -50.1073 -68.9495 -55.6585 -47.7615 -63.4583 -49.8151 -63.8995 -31.3103 -57.3353 -75.7145 -67.3556   -132.3 -71.3863 -57.9726  -59.615 -82.2886 -70.2802 -76.6943  -76.208 -77.3228 -54.6201
-65.4664 -51.9553 -66.7365 -48.6042 -70.5798 -56.0194 -58.8636 -55.0549  -63.782 -76.5088 -64.0398 -66.5627 -56.1113 -44.0688 -58.4828 -59.2059 -47.3272 -53.1107 -47.1377 -53.8089 -77.0304 -54.5845 -53.8841 -50.3029 -68.9886 -70.4374 -73.6908 -49.6467 -65.6457 -12.8042 -59.2489 -64.0384 -63.9388 -53.0292 -70.5201 -62.3377 -63.7456 -52.7282 -71.0264 -54.9076 -62.8858  -52.335 -35.3811 -74.8239 -59.6842 -69.1943 -40.7709 -57.8973 -84.4102 -79.3326 -71.3863 -137.294 -52.2349 -76.9581 -64.8838 -73.4803  -58.625 -62.6582 -74.2081 -60.3503
-48.8382 -43.7558 -55.6533 -35.9891 -49.0637 -72.3924 -67.8892 -65.0571 -64.0689 -78.7932 -49.8947 -37.7127 -47.6459  -37.878 -82.1257 -53.7276 -58.7627 -54.9842 -33.0203 -68.0023 -65.3553 -54.4131 -60.9459 -65.2239 -77.3212  -60.971 -68.9628 -55.9904 -63.4982 -37.6314 -58.5595 -77.4121 -56.1661 -45.5498 -32.8222 -69.2284 -74.8627 -60.5556 -52.4207 -40.0487 -55.6586  -42.192  -54.712 -62.0077   -60.28 -51.2555 -55.4354 -66.1892 -61.1951 -60.5852 -57.9726 -52.2349 -127.513 -54.2383 -67.6463 -61.9213 -32.4687 -65.1871 -57.9496 -73.4457
-66.0711 -62.1796 -85.3475 -70.9224 -55.8478 -63.7447 -45.3421 -63.9757 -67.9119 -77.3589 -64.5156 -68.4573 -58.5348 -37.9433 -80.9451 -49.4104 -53.9891 -59.8926 -55.8718 -47.4345 -90.9309 -64.0256 -44.1952 -67.4972 -69.7083 -79.6194 -62.0702 -62.4034 -75.1989  -45.556  -57.638 -55.6585 -60.5503 -51.3246 -48.1674  -77.238 -64.9202 -67.7393 -60.4995 -57.3266 -44.2565 -47.7207 -53.1014 -79.0622  -61.866 -69.9209 -42.7667 -68.4467  -86.487 -85.9006  -59.615 -76.9581 -54.2383 -141.918  -91.275 -71.5044  -43.235 -66.9878 -79.4491 -53.2635
-77.5189 -66.7118 -105.741 -79.6263 -69.2897 -57.0243 -57.2547 -74.7335 -78.0398 -90.0197 -48.4979 -53.0519 -55.5177 -40.2009 -104.096 -50.3241 -76.9256 -68.1779 -54.6034 -71.9062 -85.9693 -65.4166 -64.4103 -76.6396 -61.4356 -97.5538 -96.6081 -79.2641  -97.704 -52.4588  -80.844 -75.0666 -70.9865 -60.9751 -44.5154 -89.6868 -95.2298 -87.3748 -80.4049  -64.497  -83.551 -50.3079 -65.0329 -96.9807 -81.3283 -69.1739 -54.8748 -75.2524 -79.9642 -87.1756 -82.2886 -64.8838 -67.6463  -91.275 -174.206 -81.9913 -64.2298 -86.5564 -98.4832 -70.9017
-62.6974 -71.2114 -78.7406  -57.139 -77.7269  -79.095 -55.4534 -51.6554 -78.7926 -78.0814 -47.3492 -50.8499 -63.5913 -22.0211 -84.1198 -33.9349 -53.5788 -76.2004 -57.5532  -55.592 -88.1007 -61.4392 -49.3299 -90.2419 -75.5345 -68.4887 -87.6645      -70 -92.4855 -67.9516 -68.9664 -65.2317  -59.727 -62.7792 -74.1861 -78.8516   -81.63 -60.0434 -72.8279  -67.171 -81.9828 -61.3728 -63.4438 -79.4602 -64.9682   -68.08 -36.7613 -78.1741 -106.049 -76.3516 -70.2802 -73.4803 -61.9213 -71.5044 -81.9913 -143.353 -64.4289 -64.1936 -71.0654   -68.03
-34.1739 -43.2943 -55.6723 -36.3184 -57.8956 -40.3343 -39.7661 -40.2356 -52.9739 -49.4905 -26.2768 -44.7068 -38.5374 -24.8386 -52.4762 -29.5699 -44.9371 -29.6126 -31.1335 -47.3155 -56.5895 -47.3007 -44.9144 -62.7439 -48.3559 -62.5765 -84.4181  -43.536  -67.471 -26.7905   -22.35 -52.1031  -41.301 -37.3218 -56.9425 -39.0377 -40.5917 -50.8185 -49.2866 -38.3644 -53.0881 -45.3417 -31.4968 -57.4547  -42.365   -51.04 -19.3915 -46.0974 -61.2298 -57.3606 -76.6943  -58.625 -32.4687  -43.235 -64.2298 -64.4289 -102.207   -62.17  -38.404 -37.9921
-65.9488 -49.7889 -92.9129 -60.6705 -71.8102  -64.934 -42.7341  -50.463 -68.0846 -81.2714 -44.1147 -58.9805 -49.4507 -34.2003 -84.5388 -73.8975 -56.3223 -72.6004 -49.3854  -77.904  -77.036 -65.8625 -50.4928 -69.1912 -84.7803 -69.2116 -85.7693 -55.0875 -79.4687 -42.8315 -54.3249 -67.1581 -84.0963 -54.7011 -54.0805 -57.0048 -73.4649 -74.2413 -65.6374  -74.881 -87.6885 -63.4232 -58.5651 -65.5797 -66.8004   -78.93  -51.582 -67.3136 -71.8242 -86.3461  -76.208 -62.6582 -65.1871 -66.9878 -86.5564 -64.1936   -62.17 -153.972 -85.9313 -61.5524
-91.6161 -60.8493 -102.874 -63.9156 -78.9473 -60.2005 -71.5772 -65.3914 -82.5632 -72.3561 -60.9055 -69.9299 -56.6211 -34.9471 -99.1132  -54.877 -72.5835 -84.1455 -64.4548 -69.0777  -86.491 -54.3705 -49.7349 -77.1828 -70.0785 -97.8785 -75.6667 -62.1681  -73.588 -40.2664 -61.1148   -68.46 -82.6675 -58.9641 -51.1271 -80.8652 -97.8861 -70.3429 -67.8739 -58.4683 -74.5417 -50.5795 -64.9008 -67.8797 -58.3078 -76.6837 -66.0672 -82.9519 -86.7766 -85.2524 -77.3228 -74.2081 -57.9496 -79.4491 -98.4832 -71.0654  -38.404 -85.9313 -158.683 -87.2584
-63.5921 -57.3701 -72.6128 -49.2343 -64.9633 -57.1437 -61.5848 -56.2871 -66.3969 -73.2912 -66.6194 -49.7448 -33.4363 -31.6832  -75.359 -48.8404 -56.6163 -41.5366 -54.2016 -51.8584 -68.1429 -51.4874 -50.0635 -64.1111 -69.6448 -55.0315 -78.0564 -44.1729 -66.2481 -47.5887 -57.1546 -69.4379 -62.0268   -61.17 -34.5831 -59.9702 -75.4813 -45.0932 -64.5121 -52.6174 -61.8336 -45.5203 -67.0582 -70.7651 -52.3781 -45.7782 -62.0855   -88.87 -70.5789  -64.082 -54.6201 -60.3503 -73.4457 -53.2635 -70.9017   -68.03 -37.9921 -61.5524 -87.2584 -128.741
   1.54843    2.49855   0.203393    2.80348  -0.987288    1.64616     1.7047    1.11327     1.8147    1.82434    1.09109    1.28571    2.56642   0.449077  -0.421023   0.900957   -0.11556 -0.0355976    2.91424    1.50565  -0.561985   -0.33177    2.39835    1.77814   0.126846    2.91197    1.23523   0.509877    1.89785 -0.0163242         -0         -0         -0         -0         -0         -0         -0         -0         -0         -0         -0         -0         -0         -0         -0         -0         -0         -0         -0         -0         -0         -0         -0         -0         -0         -0         -0         -0         -0         -0
  2.49855   1.30651 -0.735133   1.06554 -0.506253  0.676787   2.75231 -0.840134   1.42928   2.18901  0.534063   1.77001  0.222102   2.01455 -0.541735 -0.334948  0.780706   1.24226  0.594118   2.91519   2.59443 -0.528622   2.13544   2.34932   1.65849   0.81714   2.43313 -0.659273   1.65596    1.1959        -0        -0        -0        -0        -0        -0        -0        -0        -0        -0        -0        -0        -0        -0        -0        -0        -0        -0        -0        -0        -0        -0        -0        -0        -0        -0        -0        -0        -0        -0
  0.203393  -0.735133   0.913861    1.98285    2.21483    2.52043    1.96644    1.32956   0.392304    1.75564    1.17648  -0.567979    2.91064 -0.0990546  -0.639097   0.287218   0.248488    2.94135  -0.481782  0.0586306  0.0794755   0.377645  -0.252617  -0.166077    2.82161    1.69328  -0.148656     1.4589    1.60139    1.38987         -0         -0         -0         -0         -0         -0         -0         -0         -0         -0         -0         -0         -0         -0         -0         -0         -0         -0         -0         -0         -0         -0         -0         -0         -0         -0         -0         -0         -0         -0
   2.80348    1.06554    1.98285   0.717345    1.99556   0.860996    1.22513  0.0797081    0.14426   -0.78336  -0.153263  -0.537805    2.99845   0.359722   0.479923    1.26186    1.17166    1.21289    2.85559    2.02386   0.496646   0.747706  -0.224008    2.52552   0.960768    2.73358 -0.0714903    1.36122   0.356756    2.58507         -0         -0         -0         -0         -0         -0         -0         -0         -0         -0         -0         -0         -0         -0         -0         -0         -0         -0         -0         -0         -0         -0         -0         -0         -0         -0         -0         -0         -0         -0
-0.987288 -0.506253   2.21483   1.99556   1.21109 -0.327649  0.613308     1.385   2.50899 -0.666733  0.750704   2.61675  0.684298   2.01299  0.817987   1.14498 -0.957434 -0.586086   2.80701   2.77077   1.61829  0.968024 -0.116854 -0.874683   1.18402   2.77791   2.16671  0.269237 0.0171768   2.55265        -0        -0        -0        -0        -0        -0        -0        -0        -0        -0        -0        -0        -0        -0        -0        -0        -0        -0        -0        -0        -0        -0        -0        -0        -0        -0        -0        -0        -0        -0
   1.64616   0.676787    2.52043   0.860996  -0.327649   0.731519    2.63879    2.94287     2.7773    1.26463    1.50975    1.18272     2.5274    1.58524     2.3739    2.10521    2.39346    2.98391 -0.0678681  -0.134362  -0.149751    2.99594    1.71541   0.717069    2.94693  -0.122707  -0.370748   0.625617    2.87063    2.40704         -0         -0         -0         -0         -0         -0         -0         -0         -0         -0         -0         -0         -0         -0         -0         -0         -0         -0         -0         -0         -0         -0         -0         -0         -0         -0         -0         -0         -0         -0
   1.7047   2.75231   1.96644   1.22513  0.613308   2.63879   2.95665 -0.281502 0.0871259   2.99394   2.11137   1.97194   1.18117 -0.112883 -0.934834  0.635757  0.276863  0.606353    2.8395     2.956   1.36228   1.59795  -0.22807   1.24093   2.67784    2.6805  0.805803   1.99047   1.98237    2.4557        -0        -0        -0        -0        -0        -0        -0        -0        -0        -0        -0        -0        -0        -0        -0        -0        -0        -0        -0        -0        -0        -0        -0        -0        -0        -0        -0        -0        -0        -0
  1.11327 -0.840134   1.32956 0.0797081     1.385   2.94287 -0.281502   1.34164 -0.772514  0.420393  0.744643   1.72812 -0.343758  0.194165    1.7051   1.21014  0.678322  0.690777  0.413361   2.61027   1.57429 -0.669691    2.4811 -0.102753 -0.575053   2.45575   1.84722   2.07504  -0.99235   1.53503        -0        -0        -0        -0        -0        -0        -0        -0        -0        -0        -0        -0        -0        -0        -0        -0        -0        -0        -0        -0        -0        -0        -0        -0        -0        -0        -0        -0        -0        -0
   1.8147   1.42928  0.392304   0.14426   2.50899    2.7773 0.0871259 -0.772514   1.11894   1.49212   2.93014   2.92737   1.25551   2.24149 -0.431938   0.81031  0.603604  0.662234   1.62291     1.279  -0.53948   1.57023   2.04572   0.19817 -0.155827   0.30224 -0.915002 -0.527167   1.94567   2.41469        -0        -0        -0        -0        -0        -0        -0        -0        -0        -0        -0        -0        -0        -0        -0        -0        -0        -0        -0        -0        -0        -0        -0        -0        -0        -0        -0        -0        -0        -0
  1.82434   2.18901   1.75564  -0.78336 -0.666733   1.26463   2.99394  0.420393   1.49212   1.11288  0.603486   1.90209   1.10854   2.14263   2.30665   1.20382   2.08717   2.20996  0.501732   1.57891 -0.358716   2.05848   2.34216  0.286647 -0.123992 -0.475322   2.10804   2.07547   2.45521   1.40136        -0        -0        -0        -0        -0        -0        -0        -0        -0        -0        -0        -0        -0        -0        -0        -0        -0        -0        -0        -0        -0        -0        -0        -0        -0        -0        -0        -0        -0        -0
