60
1
60
    0.118427     0.119715    0.0632313    -0.175068     0.155285    -0.094674    0.0488625      0.27657   -0.0753265   -0.0475936   -0.0109362    0.0435874    -0.193325    0.0603038    -0.295945    0.0630722   -0.0821526    -0.142924    -0.179227   -0.0571279    -0.033262   -0.0277549   -0.0486013    0.0857557    -0.130443     0.277748     0.128867    0.0983482     0.125793   -0.0388843     0.226462    0.0100682    0.0191302   -0.0343762   -0.0325566     -0.20934   -0.0226023   -0.0512437    0.0132281   -0.0859465   -0.0330215    -0.221352    -0.120696     -0.18658    0.0100868 -5.10997e-05    -0.143144    0.0955053     -0.18947    0.0406892   -0.0221437     0.246523    -0.292617     0.088272   -0.0339532    -0.180611  -0.00506432    0.0160466   -0.0379047     0.071807
-122.024 -44.5386 -57.3671 -46.9653 -42.4346 -35.2317 -70.1143 -56.9434 -44.9922 -59.8878 -62.5379 -56.8755 -62.1613 -57.8415  -46.049 -44.3544 -58.8289 -34.5215 -30.0426 -64.5871 -54.4988 -49.0117 -44.7863 -49.3627 -63.9708 -47.3516 -43.8446 -50.5426 -47.7792  -44.782 -48.5353  -59.004 -22.3143 -50.8654  -34.326  -57.622 -48.4077 -63.5136 -49.5237 -35.3346 -70.9112 -60.6616 -34.6461 -65.2456 -65.3436 -65.6043 -60.0142 -27.4868 -77.8571 -43.2802 -47.0515 -47.4158 -60.1481 -65.1361 -35.0651  -47.887 -57.1716 -49.3343 -41.8647 -49.3216
-44.5386 -134.958 -56.5843 -46.7341  -53.289 -57.6536 -61.3964 -47.1528  -56.905 -49.7364 -63.7796 -59.8564 -55.8632 -52.1722 -60.5246  -56.925 -67.1342 -49.6715 -41.6826 -56.9888 -94.7708 -67.8577 -48.8034 -76.7911 -47.6957 -30.7383  -50.915 -55.9345 -60.2224 -44.3761 -49.6904 -56.2638 -48.2876 -44.8052  -56.301 -72.9005 -53.2927 -54.6788 -76.4886 -43.2429 -51.6101 -77.9631 -43.8094 -63.0756 -46.7779 -65.9249 -58.6424 -41.6866 -64.3088 -50.7491 -62.8846 -64.4403 -64.4493 -57.7231 -49.1783 -51.1922 -80.6318 -24.5308 -44.7433 -19.4423
-57.3671 -56.5843 -133.455 -58.8358 -56.0579  -76.343 -69.0635  -44.995 -37.3805 -44.1465 -70.4215 -57.0568 -60.2509 -62.9362 -60.2342 -68.4357 -68.3912 -63.4537  -36.055  -52.012 -68.8923 -87.1225 -42.3312 -62.9364 -76.0645 -37.1352 -43.2518 -68.9101 -56.9128 -62.7865 -66.0818 -79.9641 -60.8163 -67.9564   -62.78 -51.0632 -63.2512  -64.345 -96.8005 -24.4234  -60.522 -84.8752  -57.128 -71.8124 -57.0602 -61.6735  -61.313 -40.3386 -76.5925 -61.0992 -69.3515 -68.2861 -61.0763 -68.6289  -63.001 -53.7364 -79.7664 -51.0108 -51.6141  -59.868
-46.9653 -46.7341 -58.8358 -115.025 -43.8373 -40.2288 -58.8453 -44.0009 -27.9456 -22.9151 -56.2657 -50.9918 -41.2583 -45.9538 -55.6592 -58.5078 -51.4259 -48.6771 -34.5652 -37.5209 -59.8591 -51.0236 -41.1453  -54.501 -41.0968 -67.6903 -60.5493 -45.0455 -51.4649 -43.7308  -29.996 -48.0598 -53.3249 -58.9559  -70.883 -43.0028  -74.569 -33.1472 -76.1794 -40.3259 -45.7726 -67.8538 -61.9606 -66.8136 -50.2775 -51.6216 -35.7121  -33.416 -63.3051 -41.7851 -39.4588 -51.5412 -37.6226 -47.6083 -43.2011 -33.5386 -50.4609 -21.2584 -62.0513 -52.1892
-42.4346  -53.289 -56.0579 -43.8373 -158.278 -55.2302 -63.3647  -58.796 -47.3167 -68.1436 -90.5501 -51.2457 -45.4851 -68.8899 -63.6277 -80.8338 -84.4273 -79.3611 -40.6392 -68.3624 -66.8603 -87.2584 -66.1769  -65.434 -62.7447 -46.1564 -51.0718 -59.0668 -70.7595 -71.6719 -72.0434 -55.3362 -46.5793 -51.7193 -72.6399 -57.2917 -89.6789 -67.2509 -79.2905 -43.7342 -47.5509 -70.7089 -60.6293 -40.2793 -67.4947 -75.8879 -71.5299 -50.2925 -78.9336 -64.6687 -61.7956 -58.6134  -58.818 -55.7593 -26.8066 -41.8539 -61.0495 -59.2673 -38.0239 -47.4199
-35.2317 -57.6536  -76.343 -40.2288 -55.2302 -121.936 -69.2755 -38.5952 -36.1922 -41.5725 -61.9118 -50.7915 -67.1002 -65.3339 -45.1265 -51.1682 -77.9005 -50.4804 -41.0916   -57.84 -70.2738 -78.0004 -53.4922 -64.0838 -71.2724 -32.7596 -49.5577 -63.4472 -42.6871  -57.937 -52.2487 -50.3689 -29.5802 -49.4021 -64.4351 -46.9967 -54.8324 -45.6613 -81.3565 -25.8603 -38.3807 -83.9731 -22.4372 -66.9225  -48.513 -60.7978 -62.0862 -44.8294 -66.6516 -46.6336 -50.6653  -51.463 -50.6114 -52.0687 -51.1733 -50.9791 -59.6189 -39.6661 -37.5813 -44.4173
-70.1143 -61.3964 -69.0635 -58.8453 -63.3647 -69.2755 -140.725 -54.0722  -54.083 -53.8938 -76.1601 -59.0102   -54.01  -53.975  -59.456 -56.0044 -71.4658 -45.5153 -48.9319 -60.5565 -67.8168 -75.3348 -52.3858 -44.9358 -60.5035 -36.8777 -47.5983 -55.1702 -59.9255 -44.6569  -54.512 -65.5223 -47.3665 -50.8649 -51.3808   -66.09  -73.884 -58.6091 -95.2387 -35.2273 -57.0828 -78.0913 -39.5824 -76.0615 -67.5141 -58.7166 -76.7613 -30.8536 -74.0943 -51.1218 -62.4411 -63.2495 -54.2438 -61.2909 -49.1596 -43.3935  -64.276 -48.3316 -52.7627 -66.9322
-56.9434 -47.1528  -44.995 -44.0009  -58.796 -38.5952 -54.0722 -148.101 -64.9142 -41.5201 -50.7702 -58.4031 -66.2827 -61.5833 -55.6119 -66.1509 -56.4642 -30.7743 -48.0397 -51.0374 -66.8632 -50.7801 -41.5095 -52.9942 -58.1671   -31.93 -7.50236 -39.4636 -47.5987 -45.4608 -69.1039 -46.5522 -55.1224 -46.6109 -60.3104 -35.2635 -74.0415 -62.7856 -62.7662 -43.3391 -45.7057  -68.758 -56.9165 -25.6526 -51.9119 -35.9362 -64.1052 -65.4347 -90.4828 -27.7316 -54.8643 -26.1984 -58.2016 -58.0966 -50.5499 -35.7971 -45.2869 -46.7633 -46.4065 -54.4059
-44.9922  -56.905 -37.3805 -27.9456 -47.3167 -36.1922  -54.083 -64.9142 -114.212 -60.8721  -59.248 -50.5333 -40.7143 -47.6512 -62.7471  -62.359 -71.2323 -42.0162 -33.2955 -46.5323 -70.7437 -47.3367 -28.4298 -58.5637  -44.235 -36.1292 -35.1955  -45.424  -34.481 -47.0443 -46.2928 -58.7475 -65.5796 -57.5642 -43.8682 -41.4636  -54.886 -45.3849 -66.9891 -30.9701 -41.1517 -66.2621  -43.721 -42.2994 -51.6663 -37.7651 -54.8264 -41.6023 -66.1296 -58.3915 -57.0556  -44.627 -66.4656 -48.5129 -37.5378 -61.3476 -50.5091 -29.5789 -37.4038  -41.692
-59.8878 -49.7364 -44.1465 -22.9151 -68.1436 -41.5725 -53.8938 -41.5201 -60.8721 -124.471 -66.2387 -40.4893 -51.4066 -59.0592  -51.678 -57.7501 -65.4432 -44.7178  -39.021 -63.3845 -72.6129 -61.5826 -44.2813 -56.7498 -52.0888 -42.4141 -54.4716 -41.5637 -52.7672  -49.217 -43.1937 -69.9197 -58.4495 -53.2104 -41.8545 -49.6202 -44.7105 -44.6516 -63.2839 -28.0806 -56.7508 -51.8241 -46.8125 -57.0682 -54.8958 -45.6949 -52.5736 -40.1383 -67.6797 -36.1371 -57.1637 -44.7902 -64.5616 -50.2515   -22.67 -51.4958 -53.3426 -59.1941 -43.8729 -48.9989
-62.5379 -63.7796 -70.4215 -56.2657 -90.5501 -61.9118 -76.1601 -50.7702  -59.248 -66.2387 -167.015 -82.3055 -68.9553 -71.4901 -80.3163 -96.3455 -118.096 -69.9692 -61.2751 -81.9781 -85.6482 -94.2758   -83.41 -94.6199 -75.4737 -66.5808 -82.1903 -85.3965 -63.8676 -66.4597 -70.5131 -58.4433 -66.4088 -57.6249 -76.8421 -76.5664 -99.2551 -65.7759 -106.362 -46.6078  -80.731 -90.2878 -59.1895 -76.9784 -80.6639 -89.8475 -77.6966 -67.8166 -96.3792 -81.5194 -79.3702 -85.5698 -95.1727 -69.6866 -57.5903 -56.4516 -82.8558 -83.4285 -68.9408 -60.8614
-56.8755 -59.8564 -57.0568 -50.9918 -51.2457 -50.7915 -59.0102 -58.4031 -50.5333 -40.4893 -82.3055 -145.065 -62.1254 -55.8796 -62.4094 -62.8696  -78.289 -65.7722 -49.5259 -37.2565 -75.8745  -49.046 -44.2485  -77.174 -58.6486 -49.0939 -42.8783 -87.3561 -48.6202 -50.6035 -67.7301 -57.0058 -60.7031 -43.9464  -43.445  -44.587 -57.4387 -63.0041 -74.5092   -48.86 -63.9838 -63.2732  -49.042 -79.7303 -62.1615 -59.8358 -53.4438 -42.8413 -72.5002 -37.0982 -65.7084 -69.5099 -74.4099 -77.5645 -46.1375 -42.1612  -72.699 -57.3995 -60.6351 -54.4058
-62.1613 -55.8632 -60.2509 -41.2583 -45.4851 -67.1002   -54.01 -66.2827 -40.7143 -51.4066 -68.9553 -62.1254 -146.442 -63.2852 -54.6977 -45.2511 -73.9539 -44.3442 -51.8519 -58.0927 -77.9061 -43.9644  -69.978  -86.846 -51.1433 -59.4595  -61.753 -51.5852 -49.0991 -58.9941 -69.7468 -85.1694 -33.8045 -49.9899 -52.1669 -39.4675 -63.6728 -37.9172  -72.807 -26.4569  -62.139 -69.8441 -25.3329 -68.7647 -64.4852 -56.2432 -58.0754 -54.7659 -72.8456 -43.8817 -60.6432 -54.3502 -71.8748 -72.3479 -41.8852  -48.918 -64.3478 -59.5007 -53.7084 -52.5006
-57.8415 -52.1722 -62.9362 -45.9538 -68.8899 -65.3339  -53.975 -61.5833 -47.6512 -59.0592 -71.4901 -55.8796 -63.2852 -128.002 -48.3953 -45.2222 -68.1312  -49.254 -61.3885 -48.0718  -72.393 -60.9807 -60.3874 -64.1715 -65.8187 -37.9847 -54.6792 -49.0184 -46.9461 -75.5698 -45.1218  -59.607 -50.9525 -45.5581  -50.926 -43.3733  -54.441 -58.6375 -56.4651 -25.9774 -32.2405 -72.5556 -46.0917 -43.8285 -45.7239 -42.7955 -55.7954 -52.3577 -69.4196 -49.2267 -38.6475 -47.1526  -65.137 -50.9165 -43.3931 -25.7365 -63.5538 -32.6461 -50.3327 -42.6643
 -46.049 -60.5246 -60.2342 -55.6592 -63.6277 -45.1265  -59.456 -55.6119 -62.7471  -51.678 -80.3163 -62.4094 -54.6977 -48.3953 -134.914 -78.0595 -91.4677 -55.6136  -34.277 -56.8136 -78.2082 -66.1856 -54.5425 -81.4396 -50.9287  -61.932   -51.33 -73.2504  -57.389 -48.3104 -71.5278 -76.3668 -71.5879 -47.7737   -69.07 -49.4263 -80.5862 -40.7414 -84.7191 -38.5593 -71.4524 -78.7785 -52.4206 -65.5463 -72.3587 -60.7395 -65.9545 -41.7031 -92.7633 -52.4495 -79.6377 -69.7474  -64.465 -63.8501 -33.1452 -51.5892 -51.4585  -54.915 -63.3708 -57.6866
-44.3544  -56.925 -68.4357 -58.5078 -80.8338 -51.1682 -56.0044 -66.1509  -62.359 -57.7501 -96.3455 -62.8696 -45.2511 -45.2222 -78.0595  -131.39 -88.1628 -58.4775 -41.9539 -64.6438 -64.2752  -76.873 -67.7623 -89.7038 -63.9912 -74.8779 -52.7676 -63.9568 -55.3611 -60.8826 -73.4921 -58.9165 -71.7152 -55.5648 -71.4164 -43.9213 -87.9908 -47.9835 -94.7816 -35.1086 -69.9134 -74.2983 -63.1402 -63.2758 -62.4525  -74.442 -60.6085 -78.9494 -91.2657 -69.7288 -61.3997  -70.292 -71.2548 -62.1392 -48.5704 -55.5957  -66.084 -57.8343 -50.9811 -59.7567
-58.8289 -67.1342 -68.3912 -51.4259 -84.4273 -77.9005 -71.4658 -56.4642 -71.2323 -65.4432 -118.096  -78.289 -73.9539 -68.1312 -91.4677 -88.1628 -164.684 -70.8315 -72.4366 -71.8705 -86.5941 -86.9198 -85.4836 -92.4036 -72.7065 -76.0954 -84.8992 -101.839 -64.9391 -74.6875 -81.5971 -60.5173 -75.9301 -72.3935  -82.076 -78.4933 -98.0142 -81.8422 -105.502 -53.0765 -77.5392 -103.791 -56.9047 -82.9082 -78.1662  -84.892  -86.116 -49.2723 -97.1648 -70.2831 -87.3282  -79.624  -94.692   -85.02 -56.9283 -61.1074 -81.4555  -85.753 -72.4682 -75.0064
-34.5215 -49.6715 -63.4537 -48.6771 -79.3611 -50.4804 -45.5153 -30.7743 -42.0162 -44.7178 -69.9692 -65.7722 -44.3442  -49.254 -55.6136 -58.4775 -70.8315 -140.173 -14.5909 -44.8181 -63.1663    -79.8 -30.9465 -77.7707 -65.4392 -40.8755 -58.9855 -79.1166 -57.7461 -62.2407 -50.3399 -67.0455 -52.1548 -55.0044 -75.6765 -34.3666 -71.2668 -82.4259 -67.2873 -29.5996 -45.8582 -78.9061 -54.7982 -68.2675  -44.701 -63.2984 -31.8809 -40.1924 -59.5545 -41.1135  -83.163 -45.3043 -55.0759 -59.8948 -37.9653 -55.0126 -69.6365 -55.7077 -45.4242 -57.5679
-30.0426 -41.6826  -36.055 -34.5652 -40.6392 -41.0916 -48.9319 -48.0397 -33.2955  -39.021 -61.2751 -49.5259 -51.8519 -61.3885  -34.277 -41.9539 -72.4366 -14.5909 -122.736 -39.6084 -55.8866 -56.0007  -52.588 -51.1485 -39.3798 -36.5527 -55.0644  -48.242 -60.4884 -34.6586 -42.0831 -10.7897 -50.0286 -39.4028 -41.2118  -46.978  -56.202  -35.295 -55.1014  -53.078 -47.2386 -46.2708 -38.7157 -36.3027 -42.9366 -31.9394 -61.7846 -32.8752 -52.5161 -33.4216 -33.2228 -54.5426  -51.785 -37.7688 -43.8628 -22.2271 -46.6339 -44.0211 -60.0221   -50.67
-64.5871 -56.9888  -52.012 -37.5209 -68.3624   -57.84 -60.5565 -51.0374 -46.5323 -63.3845 -81.9781 -37.2565 -58.0927 -48.0718 -56.8136 -64.6438 -71.8705 -44.8181 -39.6084 -114.681 -53.4258 -74.7734 -61.3791   -55.34 -58.7637 -44.4825 -46.3395 -47.5754 -64.7567 -54.3108 -70.0961 -41.5024 -33.5236 -29.2561 -50.3364 -64.2966 -75.0664 -57.6408 -68.8623 -44.2554 -65.5786 -59.7772 -39.0425 -53.5317 -62.2399 -82.6401  -73.346 -40.8413 -78.0083 -51.5217 -62.3463  -58.861 -63.8502 -54.5084  -38.935 -39.6758 -64.7012 -41.6743  -35.051 -48.2397
-54.4988 -94.7708 -68.8923 -59.8591 -66.8603 -70.2738 -67.8168 -66.8632 -70.7437 -72.6129 -85.6482 -75.8745 -77.9061  -72.393 -78.2082 -64.2752 -86.5941 -63.1663 -55.8866 -53.4258 -157.986  -90.937 -34.9882 -76.9408 -72.9931 -62.9375 -70.1016 -86.4345 -76.0013 -66.2913 -37.2952 -79.9402 -75.4963 -62.8751 -77.1223 -60.2472 -71.9948 -61.6152  -108.54 -35.3124 -52.7448 -101.025 -45.0554 -72.4054 -64.9023 -64.2489 -57.4641 -46.4204 -75.4863 -51.8395 -75.2161 -76.6242    -83.9  -71.671 -59.4265 -70.0477 -71.6612 -64.3497 -74.1956  -63.594
-49.0117 -67.8577 -87.1225 -51.0236 -87.2584 -78.0004 -75.3348 -50.7801 -47.3367 -61.5826 -94.2758  -49.046 -43.9644 -60.9807 -66.1856  -76.873 -86.9198    -79.8 -56.0007 -74.7734  -90.937 -152.881 -56.8874 -77.3765 -69.5612 -44.2486 -71.6494 -73.1062 -95.1534 -64.1318 -64.9779 -61.1498 -67.6753 -55.0248 -100.691 -70.5284 -86.5371  -70.045 -105.218 -34.2863 -61.5185 -91.4856 -62.1654 -78.3094 -49.5605 -65.1035 -92.8037  -43.568 -84.4236  -57.579 -71.6737 -75.6161 -68.6187  -56.425 -63.7874 -63.7975 -72.3854 -71.4534 -63.2128 -70.2815
-44.7863 -48.8034 -42.3312 -41.1453 -66.1769 -53.4922 -52.3858 -41.5095 -28.4298 -44.2813   -83.41 -44.2485  -69.978 -60.3874 -54.5425 -67.7623 -85.4836 -30.9465  -52.588 -61.3791 -34.9882 -56.8874 -140.581 -75.9004 -70.0949 -47.8638 -59.4563 -40.2963  -41.161 -36.1765 -72.8344 -54.0895 -50.9666 -25.6774  -70.601 -50.5452 -65.9624  -32.443 -45.9701 -31.0514 -58.3452 -74.6236 -43.2496 -50.3332  -45.993 -64.9359 -64.0133 -45.4066  -73.896 -36.6952 -58.8421 -50.5097 -57.7585 -54.2308 -25.2012 -33.9783 -60.3695  -60.177  -38.881 -50.7035
-49.3627 -76.7911 -62.9364  -54.501  -65.434 -64.0838 -44.9358 -52.9942 -58.5637 -56.7498 -94.6199  -77.174  -86.846 -64.1715 -81.4396 -89.7038 -92.4036 -77.7707 -51.1485   -55.34 -76.9408 -77.3765 -75.9004 -154.432 -60.9481 -75.3322 -78.6029 -68.6457 -68.0129  -73.328 -79.6988 -74.4992 -53.9301  -65.197  -76.967 -44.8534 -79.0042 -45.2807 -71.9688 -43.0168 -79.4574 -94.7642  -54.685 -75.9992 -64.1698  -61.352 -58.7295  -82.461 -84.8402 -61.2817 -79.4171 -70.4936 -73.2284 -69.3357 -48.1745 -63.9908 -73.3876 -76.3314 -73.9327 -45.4393
-63.9708 -47.6957 -76.0645 -41.0968 -62.7447 -71.2724 -60.5035 -58.1671  -44.235 -52.0888 -75.4737 -58.6486 -51.1433 -65.8187 -50.9287 -63.9912 -72.7065 -65.4392 -39.3798 -58.7637 -72.9931 -69.5612 -70.0949 -60.9481   -148.3 -39.4901 -49.0322 -84.3118  -66.139 -48.7882 -57.3495 -58.0888 -50.3413 -51.5132 -73.0043 -42.6159 -59.9831 -67.2697 -66.8386 -33.3745 -72.0481 -86.6245 -59.7292 -62.5324 -44.5187 -73.1364 -60.4343 -55.2834 -78.7043 -42.0538 -68.3774 -34.5017 -83.5136 -65.1651 -36.1625 -61.0163 -84.0921 -50.4254 -34.5577 -57.9348
-47.3516 -30.7383 -37.1352 -67.6903 -46.1564 -32.7596 -36.8777   -31.93 -36.1292 -42.4141 -66.5808 -49.0939 -59.4595 -37.9847  -61.932 -74.8779 -76.0954 -40.8755 -36.5527 -44.4825 -62.9375 -44.2486 -47.8638 -75.3322 -39.4901 -131.736 -84.6783 -54.5556 -48.1074 -53.0515 -43.5288 -44.4507 -55.5938 -46.7429 -74.8223 -22.3677 -75.3534 -26.8406 -74.3224 -37.3526 -66.8567 -45.6463 -41.3993 -59.5923 -47.2773 -66.5659  -44.856 -46.5118 -68.9767 -41.6329 -40.5134 -64.0494 -56.8462 -39.5301 -39.2943 -52.6962 -55.9228 -48.4593 -77.8639 -60.7247
-43.8446  -50.915 -43.2518 -60.5493 -51.0718 -49.5577 -47.5983 -7.50236 -35.1955 -54.4716 -82.1903 -42.8783  -61.753 -54.6792   -51.33 -52.7676 -84.8992 -58.9855 -55.0644 -46.3395 -70.1016 -71.6494 -59.4563 -78.6029 -49.0322 -84.6783 -138.656 -71.3891 -73.9174  -51.738 -37.0563 -36.5583 -56.4838 -41.0272 -74.5368 -31.8461 -56.9493 -35.7366 -63.6681 -46.2567 -57.3833 -62.1256  -46.334 -73.4669 -41.3858 -58.7353 -63.8393 -34.0274 -47.2035 -43.8076 -55.6636 -64.0264 -53.2779 -34.2477 -38.7917 -51.6429 -76.3825 -51.5295 -63.8015 -52.7419
-50.5426 -55.9345 -68.9101 -45.0455 -59.0668 -63.4472 -55.1702 -39.4636  -45.424 -41.5637 -85.3965 -87.3561 -51.5852 -49.0184 -73.2504 -63.9568 -101.839 -79.1166  -48.242 -47.5754 -86.4345 -73.1062 -40.2963 -68.6457 -84.3118 -54.5556 -71.3891 -165.038 -61.2235 -51.8275 -50.1783 -65.3828  -71.044 -60.4483 -83.6261 -64.2461 -60.8557 -66.0324 -86.8966 -58.4527 -85.6868  -91.219  -46.531 -72.3203 -69.6776 -76.6568 -60.1925 -39.0784 -70.9839 -48.3126 -72.4675 -70.7812 -77.8333 -76.6342  -54.643 -44.0883 -85.7805 -59.1764 -72.7838  -67.599
-47.7792 -60.2224 -56.9128 -51.4649 -70.7595 -42.6871 -59.9255 -47.5987  -34.481 -52.7672 -63.8676 -48.6202 -49.0991 -46.9461  -57.389 -55.3611 -64.9391 -57.7461 -60.4884 -64.7567 -76.0013 -95.1534  -41.161 -68.0129  -66.139 -48.1074 -73.9174 -61.2235 -135.394 -45.4998 -64.6075 -52.0249 -51.7832 -43.3686 -68.2961 -43.7243 -70.7815 -57.4023 -74.7053 -53.1526  -54.273 -70.6458 -60.4136 -56.5563 -43.9919 -58.8185 -84.3449 -47.7319 -60.6054 -46.5215 -52.4804 -55.1463 -69.2026 -39.2517 -42.1791 -51.6899 -68.1094 -56.0398 -48.1006 -51.7867
 -44.782 -44.3761 -62.7865 -43.7308 -71.6719  -57.937 -44.6569 -45.4608 -47.0443  -49.217 -66.4597 -50.6035 -58.9941 -75.5698 -48.3104 -60.8826 -74.6875 -62.2407 -34.6586 -54.3108 -66.2913 -64.1318 -36.1765  -73.328 -48.7882 -53.0515  -51.738 -51.8275 -45.4998 -121.203 -48.3219 -53.3335 -46.2903 -44.1901 -52.6513  -45.166 -61.3772 -53.8205 -66.4301 -15.2174 -28.0071 -61.5805 -55.3833 -55.3251 -47.7472 -37.2194  -49.853 -45.5298 -63.4188 -51.8415 -37.5342  -56.596 -59.7614 -63.2198 -29.2567 -40.2456 -67.0348 -27.2289 -50.2717 -47.9592
-48.5353 -49.6904 -66.0818  -29.996 -72.0434 -52.2487  -54.512 -69.1039 -46.2928 -43.1937 -70.5131 -67.7301 -69.7468 -45.1218 -71.5278 -73.4921 -81.5971 -50.3399 -42.0831 -70.0961 -37.2952 -64.9779 -72.8344 -79.6988 -57.3495 -43.5288 -37.0563 -50.1783 -64.6075 -48.3219 -145.203 -62.2205 -49.5571 -40.5768 -66.0916 -54.9535 -75.2038 -58.2745 -80.2996 -35.7392  -66.392 -79.8292 -50.5596 -52.8596 -57.2636 -51.8769 -72.8753 -57.2193 -76.5833 -37.8767  -71.002 -56.0953 -74.4139 -61.1351  -56.563 -42.7398 -85.4646 -63.3098 -41.6871 -62.1967
 -59.004 -56.2638 -79.9641 -48.0598 -55.3362 -50.3689 -65.5223 -46.5522 -58.7475 -69.9197 -58.4433 -57.0058 -85.1694  -59.607 -76.3668 -58.9165 -60.5173 -67.0455 -10.7897 -41.5024 -79.9402 -61.1498 -54.0895 -74.4992 -58.0888 -44.4507 -36.5583 -65.3828 -52.0249 -53.3335 -62.2205 -161.304 -64.4773 -56.1492 -59.5456  -50.987 -50.6527 -42.2253 -85.2014 -16.6056 -55.1071 -86.5039 -52.0152 -76.8833 -58.5085 -52.8551 -43.0778 -48.3788 -71.7354 -56.2328 -61.5266 -42.1146 -74.0579  -73.889  -34.207 -54.1045  -62.509  -46.259  -48.978 -63.6716
-22.3143 -48.2876 -60.8163 -53.3249 -46.5793 -29.5802 -47.3665 -55.1224 -65.5796 -58.4495 -66.4088 -60.7031 -33.8045 -50.9525 -71.5879 -71.7152 -75.9301 -52.1548 -50.0286 -33.5236 -75.4963 -67.6753 -50.9666 -53.9301 -50.3413 -55.5938 -56.4838  -71.044 -51.7832 -46.2903 -49.5571 -64.4773 -140.961 -56.2564 -78.1922 -47.9802 -85.5093 -57.6597  -81.767  -34.295 -50.3386 -73.5164 -68.7466 -60.2452 -53.4332 -29.7476 -47.8824 -45.3091 -65.0727 -27.9947 -66.6971 -59.1036 -74.2651 -42.6343  -44.697 -46.9275 -75.0234 -49.4118 -75.8056 -72.7819
-50.8654 -44.8052 -67.9564 -58.9559 -51.7193 -49.4021 -50.8649 -46.6109 -57.5642 -53.2104 -57.6249 -43.9464 -49.9899 -45.5581 -47.7737 -55.5648 -72.3935 -55.0044 -39.4028 -29.2561 -62.8751 -55.0248 -25.6774  -65.197 -51.5132 -46.7429 -41.0272 -60.4483 -43.3686 -44.1901 -40.5768 -56.1492 -56.2564 -127.032 -62.6499 -40.3121  -72.147 -58.5042  -61.791 -33.9886 -66.8763   -78.78 -63.1942 -53.4981 -54.2001 -38.6855 -42.6313 -47.1379 -71.1453 -51.2316 -48.9148  -44.012 -54.0439 -58.8814  -51.567 -60.8901 -43.0167 -55.1022 -55.3803 -43.6057
 -34.326  -56.301   -62.78  -70.883 -72.6399 -64.4351 -51.3808 -60.3104 -43.8682 -41.8545 -76.8421  -43.445 -52.1669  -50.926   -69.07 -71.4164  -82.076 -75.6765 -41.2118 -50.3364 -77.1223 -100.691  -70.601  -76.967 -73.0043 -74.8223 -74.5368 -83.6261 -68.2961 -52.6513 -66.0916 -59.5456 -78.1922 -62.6499 -154.047 -52.4274 -81.1915 -48.4475 -83.7716 -43.0707 -67.2725 -94.0114 -64.1685 -66.6796 -42.8763 -60.1966 -69.3664 -48.3833 -95.0205 -37.2899  -53.564 -51.8767 -75.3345 -49.2894 -62.6984 -57.2837 -77.3523 -57.4142 -82.4032 -63.7088
 -57.622 -72.9005 -51.0632 -43.0028 -57.2917 -46.9967   -66.09 -35.2635 -41.4636 -49.6202 -76.5664  -44.587 -39.4675 -43.3733 -49.4263 -43.9213 -78.4933 -34.3666  -46.978 -64.2966 -60.2472 -70.5284 -50.5452 -44.8534 -42.6159 -22.3677 -31.8461 -64.2461 -43.7243  -45.166 -54.9535  -50.987 -47.9802 -40.3121 -52.4274 -131.094 -51.6979 -44.3394 -84.6417 -33.6586 -47.7618  -74.879 -36.1649 -68.5086 -64.6555 -57.8975 -61.3235 -14.4552 -76.5398 -37.3268 -36.9867 -47.2636 -68.9063 -63.2914 -33.7911 -22.2105 -75.5279 -34.0523 -56.3049 -45.0146
-48.4077 -53.2927 -63.2512  -74.569 -89.6789 -54.8324  -73.884 -74.0415  -54.886 -44.7105 -99.2551 -57.4387 -63.6728  -54.441 -80.5862 -87.9908 -98.0142 -71.2668  -56.202 -75.0664 -71.9948 -86.5371 -65.9624 -79.0042 -59.9831 -75.3534 -56.9493 -60.8557 -70.7815 -61.3772 -75.2038 -50.6527 -85.5093  -72.147 -81.1915 -51.6979 -164.638 -72.1097 -104.068  -39.445 -73.1076 -85.6865 -63.4337 -74.6678 -78.8392  -71.394 -71.4941 -68.4987 -88.2483 -58.3848 -83.9131 -75.0325 -61.8212 -56.2147 -43.4086 -61.0101  -66.773 -72.0089 -63.6102 -81.1702
-63.5136 -54.6788  -64.345 -33.1472 -67.2509 -45.6613 -58.6091 -62.7856 -45.3849 -44.6516 -65.7759 -63.0041 -37.9172 -58.6375 -40.7414 -47.9835 -81.8422 -82.4259  -35.295 -57.6408 -61.6152  -70.045  -32.443 -45.2807 -67.2697 -26.8406 -35.7366 -66.0324 -57.4023 -53.8205 -58.2745 -42.2253 -57.6597 -58.5042 -48.4475 -44.3394 -72.1097  -130.28  -60.467  -40.899 -54.1488 -79.0723   -58.88 -54.0647  -48.902 -60.5843  -56.348 -40.5796 -64.5058 -41.1895 -82.3124 -51.6918  -55.728 -57.2173 -47.6204 -48.9406 -73.6053 -49.6605 -43.4395  -49.297
-49.5237 -76.4886 -96.8005 -76.1794 -79.2905 -81.3565 -95.2387 -62.7662 -66.9891 -63.2839 -106.362 -74.5092  -72.807 -56.4651 -84.7191 -94.7816 -105.502 -67.2873 -55.1014 -68.8623  -108.54 -105.218 -45.9701 -71.9688 -66.8386 -74.3224 -63.6681 -86.8966 -74.7053 -66.4301 -80.2996 -85.2014  -81.767  -61.791 -83.7716 -84.6417 -104.068  -60.467 -184.653 -40.2509 -81.5716 -100.951 -57.5248 -92.0391 -75.4548 -69.2593 -88.0828 -55.9993 -82.8292 -76.9052 -86.9525 -86.7406  -94.782 -72.2018 -78.8428  -71.586 -87.1799 -60.8208 -79.3534 -81.6149
-35.3346 -43.2429 -24.4234 -40.3259 -43.7342 -25.8603 -35.2273 -43.3391 -30.9701 -28.0806 -46.6078   -48.86 -26.4569 -25.9774 -38.5593 -35.1086 -53.0765 -29.5996  -53.078 -44.2554 -35.3124 -34.2863 -31.0514 -43.0168 -33.3745 -37.3526 -46.2567 -58.4527 -53.1526 -15.2174 -35.7392 -16.6056  -34.295 -33.9886 -43.0707 -33.6586  -39.445  -40.899 -40.2509 -96.9501  -51.874  -47.411 -46.0336  -26.654 -36.2189 -54.2399 -55.3054 -34.2572 -40.4504 -31.9821 -49.6788 -47.9579 -43.1016 -26.5037 -43.1631 -40.2008 -39.6069 -32.9915 -45.4421 -24.5995
-70.9112 -51.6101  -60.522 -45.7726 -47.5509 -38.3807 -57.0828 -45.7057 -41.1517 -56.7508  -80.731 -63.9838  -62.139 -32.2405 -71.4524 -69.9134 -77.5392 -45.8582 -47.2386 -65.5786 -52.7448 -61.5185 -58.3452 -79.4574 -72.0481 -66.8567 -57.3833 -85.6868  -54.273 -28.0071  -66.392 -55.1071 -50.3386 -66.8763 -67.2725 -47.7618 -73.1076 -54.1488 -81.5716  -51.874 -146.876 -77.5616 -57.2502 -66.6873 -62.4626 -74.1541 -71.0991 -48.9875 -81.8141 -54.7732 -67.7608 -47.7075 -76.5848 -68.5306 -57.2974 -53.8707 -67.6784 -56.8497 -66.5792 -55.1927
-60.6616 -77.9631 -84.8752 -67.8538 -70.7089 -83.9731 -78.0913  -68.758 -66.2621 -51.8241 -90.2878 -63.2732 -69.8441 -72.5556 -78.7785 -74.2983 -103.791 -78.9061 -46.2708 -59.7772 -101.025 -91.4856 -74.6236 -94.7642 -86.6245 -45.6463 -62.1256  -91.219 -70.6458 -61.5805 -79.8292 -86.5039 -73.5164   -78.78 -94.0114  -74.879 -85.6865 -79.0723 -100.951  -47.411 -77.5616 -167.184 -61.1156 -70.8963 -66.1494 -72.5063 -65.1124 -68.6576 -92.0343 -65.3163 -80.6723 -59.9177 -83.2904 -82.1289 -77.6678 -71.5373 -87.8477 -72.8844 -68.9804 -68.6132
-34.6461 -43.8094  -57.128 -61.9606 -60.6293 -22.4372 -39.5824 -56.9165  -43.721 -46.8125 -59.1895  -49.042 -25.3329 -46.0917 -52.4206 -63.1402 -56.9047 -54.7982 -38.7157 -39.0425 -45.0554 -62.1654 -43.2496  -54.685 -59.7292 -41.3993  -46.334  -46.531 -60.4136 -55.3833 -50.5596 -52.0152 -68.7466 -63.1942 -64.1685 -36.1649 -63.4337   -58.88 -57.5248 -46.0336 -57.2502 -61.1156 -126.576 -45.7421 -29.3228 -46.9692 -46.7764 -35.8177 -66.8537  -45.842 -48.4456 -40.8538 -43.5716 -46.4836 -44.9172 -47.9646 -69.3382 -39.0022 -56.1255  -51.574
-65.2456 -63.0756 -71.8124 -66.8136 -40.2793 -66.9225 -76.0615 -25.6526 -42.2994 -57.0682 -76.9784 -79.7303 -68.7647 -43.8285 -65.5463 -63.2758 -82.9082 -68.2675 -36.3027 -53.5317 -72.4054 -78.3094 -50.3332 -75.9992 -62.5324 -59.5923 -73.4669 -72.3203 -56.5563 -55.3251 -52.8596 -76.8833 -60.2452 -53.4981 -66.6796 -68.5086 -74.6678 -54.0647 -92.0391  -26.654 -66.6873 -70.8963 -45.7421 -155.303 -62.0984  -69.727 -55.4164 -34.2895 -91.9559 -45.0864 -53.1822 -60.4568  -70.246 -65.1248 -21.4187 -52.2402 -77.0501 -49.1963 -62.3113 -59.8334
-65.3436 -46.7779 -57.0602 -50.2775 -67.4947  -48.513 -67.5141 -51.9119 -51.6663 -54.8958 -80.6639 -62.1615 -64.4852 -45.7239 -72.3587 -62.4525 -78.1662  -44.701 -42.9366 -62.2399 -64.9023 -49.5605  -45.993 -64.1698 -44.5187 -47.2773 -41.3858 -69.6776 -43.9919 -47.7472 -57.2636 -58.5085 -53.4332 -54.2001 -42.8763 -64.6555 -78.8392  -48.902 -75.4548 -36.2189 -62.4626 -66.1494 -29.3228 -62.0984 -114.828 -50.7019 -56.7071 -43.5338 -65.0774 -47.9182 -68.3835 -70.8447 -66.0679 -57.6975 -29.0042  -40.648 -58.0286 -63.6643 -60.0842 -60.8081
-65.6043 -65.9249 -61.6735 -51.6216 -75.8879 -60.7978 -58.7166 -35.9362 -37.7651 -45.6949 -89.8475 -59.8358 -56.2432 -42.7955 -60.7395  -74.442  -84.892 -63.2984 -31.9394 -82.6401 -64.2489 -65.1035 -64.9359  -61.352 -73.1364 -66.5659 -58.7353 -76.6568 -58.8185 -37.2194 -51.8769 -52.8551 -29.7476 -38.6855 -60.1966 -57.8975  -71.394 -60.5843 -69.2593 -54.2399 -74.1541 -72.5063 -46.9692  -69.727 -50.7019 -141.041 -53.2461  -32.109 -90.3276 -67.5124 -59.1564 -57.9818 -54.9372 -58.4023  -41.047 -47.1603 -68.1463  -49.837 -46.4827 -49.2482
-60.0142 -58.6424  -61.313 -35.7121 -71.5299 -62.0862 -76.7613 -64.1052 -54.8264 -52.5736 -77.6966 -53.4438 -58.0754 -55.7954 -65.9545 -60.6085  -86.116 -31.8809 -61.7846  -73.346 -57.4641 -92.8037 -64.0133 -58.7295 -60.4343  -44.856 -63.8393 -60.1925 -84.3449  -49.853 -72.8753 -43.0778 -47.8824 -42.6313 -69.3664 -61.3235 -71.4941  -56.348 -88.0828 -55.3054 -71.0991 -65.1124 -46.7764 -55.4164 -56.7071 -53.2461 -132.099 -45.7422 -75.3993 -57.4278 -63.1059 -58.8641 -72.7326 -52.9729 -49.9681 -61.1996 -71.1503 -45.2753  -47.445 -42.6863
-27.4868 -41.6866 -40.3386  -33.416 -50.2925 -44.8294 -30.8536 -65.4347 -41.6023 -40.1383 -67.8166 -42.8413 -54.7659 -52.3577 -41.7031 -78.9494 -49.2723 -40.1924 -32.8752 -40.8413 -46.4204  -43.568 -45.4066  -82.461 -55.2834 -46.5118 -34.0274 -39.0784 -47.7319 -45.5298 -57.2193 -48.3788 -45.3091 -47.1379 -48.3833 -14.4552 -68.4987 -40.5796 -55.9993 -34.2572 -48.9875 -68.6576 -35.8177 -34.2895 -43.5338  -32.109 -45.7422 -118.107 -47.5154 -46.3582 -37.8034 -46.7681 -71.2752 -35.5161 -42.5694 -52.4173  -47.075 -36.9798 -27.2002  -31.635
-77.8571 -64.3088 -76.5925 -63.3051 -78.9336 -66.6516 -74.0943 -90.4828 -66.1296 -67.6797 -96.3792 -72.5002 -72.8456 -69.4196 -92.7633 -91.2657 -97.1648 -59.5545 -52.5161 -78.0083 -75.4863 -84.4236  -73.896 -84.8402 -78.7043 -68.9767 -47.2035 -70.9839 -60.6054 -63.4188 -76.5833 -71.7354 -65.0727 -71.1453 -95.0205 -76.5398 -88.2483 -64.5058 -82.8292 -40.4504 -81.8141 -92.0343 -66.8537 -91.9559 -65.0774 -90.3276 -75.3993 -47.5154 -157.096 -58.3961 -58.5283 -49.7247 -74.3723 -78.3751 -44.1383 -40.6338 -74.6907 -60.8207 -72.1724 -61.1267
-43.2802 -50.7491 -61.0992 -41.7851 -64.6687 -46.6336 -51.1218 -27.7316 -58.3915 -36.1371 -81.5194 -37.0982 -43.8817 -49.2267 -52.4495 -69.7288 -70.2831 -41.1135 -33.4216 -51.5217 -51.8395  -57.579 -36.6952 -61.2817 -42.0538 -41.6329 -43.8076 -48.3126 -46.5215 -51.8415 -37.8767 -56.2328 -27.9947 -51.2316 -37.2899 -37.3268 -58.3848 -41.1895 -76.9052 -31.9821 -54.7732 -65.3163  -45.842 -45.0864 -47.9182 -67.5124 -57.4278 -46.3582 -58.3961 -109.143  -35.211 -48.1057 -50.6919 -46.0611  -35.791 -45.1057  -45.425 -26.9577 -40.7235 -19.1542
-47.0515 -62.8846 -69.3515 -39.4588 -61.7956 -50.6653 -62.4411 -54.8643 -57.0556 -57.1637 -79.3702 -65.7084 -60.6432 -38.6475 -79.6377 -61.3997 -87.3282  -83.163 -33.2228 -62.3463 -75.2161 -71.6737 -58.8421 -79.4171 -68.3774 -40.5134 -55.6636 -72.4675 -52.4804 -37.5342  -71.002 -61.5266 -66.6971 -48.9148  -53.564 -36.9867 -83.9131 -82.3124 -86.9525 -49.6788 -67.7608 -80.6723 -48.4456 -53.1822 -68.3835 -59.1564 -63.1059 -37.8034 -58.5283  -35.211 -150.162 -74.9658 -50.1954 -63.6034 -46.7837 -75.0753 -68.2691 -79.6064 -49.3895 -59.9589
-47.4158 -64.4403 -68.2861 -51.5412 -58.6134  -51.463 -63.2495 -26.1984  -44.627 -44.7902 -85.5698 -69.5099 -54.3502 -47.1526 -69.7474  -70.292  -79.624 -45.3043 -54.5426  -58.861 -76.6242 -75.6161 -50.5097 -70.4936 -34.5017 -64.0494 -64.0264 -70.7812 -55.1463  -56.596 -56.0953 -42.1146 -59.1036  -44.012 -51.8767 -47.2636 -75.0325 -51.6918 -86.7406 -47.9579 -47.7075 -59.9177 -40.8538 -60.4568 -70.8447 -57.9818 -58.8641 -46.7681 -49.7247 -48.1057 -74.9658 -134.929 -60.3233 -56.3111 -50.8829 -58.1722  -56.368 -66.4843 -58.9159 -56.6268
-60.1481 -64.4493 -61.0763 -37.6226  -58.818 -50.6114 -54.2438 -58.2016 -66.4656 -64.5616 -95.1727 -74.4099 -71.8748  -65.137  -64.465 -71.2548  -94.692 -55.0759  -51.785 -63.8502    -83.9 -68.6187 -57.7585 -73.2284 -83.5136 -56.8462 -53.2779 -77.8333 -69.2026 -59.7614 -74.4139 -74.0579 -74.2651 -54.0439 -75.3345 -68.9063 -61.8212  -55.728  -94.782 -43.1016 -76.5848 -83.2904 -43.5716  -70.246 -66.0679 -54.9372 -72.7326 -71.2752 -74.3723 -50.6919 -50.1954 -60.3233 -151.542  -65.045 -58.8452 -71.7506 -89.4135 -49.8198 -57.5975 -45.4721
-65.1361 -57.7231 -68.6289 -47.6083 -55.7593 -52.0687 -61.2909 -58.0966 -48.5129 -50.2515 -69.6866 -77.5645 -72.3479 -50.9165 -63.8501 -62.1392   -85.02 -59.8948 -37.7688 -54.5084  -71.671  -56.425 -54.2308 -69.3357 -65.1651 -39.5301 -34.2477 -76.6342 -39.2517 -63.2198 -61.1351  -73.889 -42.6343 -58.8814 -49.2894 -63.2914 -56.2147 -57.2173 -72.2018 -26.5037 -68.5306 -82.1289 -46.4836 -65.1248 -57.6975 -58.4023 -52.9729 -35.5161 -78.3751 -46.0611 -63.6034 -56.3111  -65.045  -122.04 -41.5164 -43.8192 -49.1637 -57.2031 -36.6837 -50.7588
-35.0651 -49.1783  -63.001 -43.2011 -26.8066 -51.1733 -49.1596 -50.5499 -37.5378   -22.67 -57.5903 -46.1375 -41.8852 -43.3931 -33.1452 -48.5704 -56.9283 -37.9653 -43.8628  -38.935 -59.4265 -63.7874 -25.2012 -48.1745 -36.1625 -39.2943 -38.7917  -54.643 -42.1791 -29.2567  -56.563  -34.207  -44.697  -51.567 -62.6984 -33.7911 -43.4086 -47.6204 -78.8428 -43.1631 -57.2974 -77.6678 -44.9172 -21.4187 -29.0042  -41.047 -49.9681 -42.5694 -44.1383  -35.791 -46.7837 -50.8829 -58.8452 -41.5164 -115.728 -39.5678  -61.459 -41.2279 -50.7279 -50.7516
 -47.887 -51.1922 -53.7364 -33.5386 -41.8539 -50.9791 -43.3935 -35.7971 -61.3476 -51.4958 -56.4516 -42.1612  -48.918 -25.7365 -51.5892 -55.5957 -61.1074 -55.0126 -22.2271 -39.6758 -70.0477 -63.7975 -33.9783 -63.9908 -61.0163 -52.6962 -51.6429 -44.0883 -51.6899 -40.2456 -42.7398 -54.1045 -46.9275 -60.8901 -57.2837 -22.2105 -61.0101 -48.9406  -71.586 -40.2008 -53.8707 -71.5373 -47.9646 -52.2402  -40.648 -47.1603 -61.1996 -52.4173 -40.6338 -45.1057 -75.0753 -58.1722 -71.7506 -43.8192 -39.5678 -133.128 -57.7154 -51.1611   -37.81 -30.8349
-57.1716 -80.6318 -79.7664 -50.4609 -61.0495 -59.6189  -64.276 -45.2869 -50.5091 -53.3426 -82.8558  -72.699 -64.3478 -63.5538 -51.4585  -66.084 -81.4555 -69.6365 -46.6339 -64.7012 -71.6612 -72.3854 -60.3695 -73.3876 -84.0921 -55.9228 -76.3825 -85.7805 -68.1094 -67.0348 -85.4646  -62.509 -75.0234 -43.0167 -77.3523 -75.5279  -66.773 -73.6053 -87.1799 -39.6069 -67.6784 -87.8477 -69.3382 -77.0501 -58.0286 -68.1463 -71.1503  -47.075 -74.6907  -45.425 -68.2691  -56.368 -89.4135 -49.1637  -61.459 -57.7154 -155.827 -35.3734  -71.107 -57.1249
-49.3343 -24.5308 -51.0108 -21.2584 -59.2673 -39.6661 -48.3316 -46.7633 -29.5789 -59.1941 -83.4285 -57.3995 -59.5007 -32.6461  -54.915 -57.8343  -85.753 -55.7077 -44.0211 -41.6743 -64.3497 -71.4534  -60.177 -76.3314 -50.4254 -48.4593 -51.5295 -59.1764 -56.0398 -27.2289 -63.3098  -46.259 -49.4118 -55.1022 -57.4142 -34.0523 -72.0089 -49.6605 -60.8208 -32.9915 -56.8497 -72.8844 -39.0022 -49.1963 -63.6643  -49.837 -45.2753 -36.9798 -60.8207 -26.9577 -79.6064 -66.4843 -49.8198 -57.2031 -41.2279 -51.1611 -35.3734 -130.593 -61.3519 -67.1334
-41.8647 -44.7433 -51.6141 -62.0513 -38.0239 -37.5813 -52.7627 -46.4065 -37.4038 -43.8729 -68.9408 -60.6351 -53.7084 -50.3327 -63.3708 -50.9811 -72.4682 -45.4242 -60.0221  -35.051 -74.1956 -63.2128  -38.881 -73.9327 -34.5577 -77.8639 -63.8015 -72.7838 -48.1006 -50.2717 -41.6871  -48.978 -75.8056 -55.3803 -82.4032 -56.3049 -63.6102 -43.4395 -79.3534 -45.4421 -66.5792 -68.9804 -56.1255 -62.3113 -60.0842 -46.4827  -47.445 -27.2002 -72.1724 -40.7235 -49.3895 -58.9159 -57.5975 -36.6837 -50.7279   -37.81  -71.107 -61.3519 -132.931 -57.8398
-49.3216 -19.4423  -59.868 -52.1892 -47.4199 -44.4173 -66.9322 -54.4059  -41.692 -48.9989 -60.8614 -54.4058 -52.5006 -42.6643 -57.6866 -59.7567 -75.0064 -57.5679   -50.67 -48.2397  -63.594 -70.2815 -50.7035 -45.4393 -57.9348 -60.7247 -52.7419  -67.599 -51.7867 -47.9592 -62.1967 -63.6716 -72.7819 -43.6057 -63.7088 -45.0146 -81.1702  -49.297 -81.6149 -24.5995 -55.1927 -68.6132  -51.574 -59.8334 -60.8081 -49.2482 -42.6863  -31.635 -61.1267 -19.1542 -59.9589 -56.6268 -45.4721 -50.7588 -50.7516 -30.8349 -57.1249 -67.1334 -57.8398 -122.435
  2.82881  0.623884   1.68125   1.49039  0.755377   1.74757   2.61248  0.766051   1.27024   2.61287 -0.769037   1.41759    1.2822  -0.24756 -0.166576  0.195829   2.79555   1.25099  0.687382   2.08709   2.00623 -0.455283   2.84563  0.386402 -0.975739   1.85262   1.09038  0.666031   1.55979   1.77455        -0        -0        -0        -0        -0        -0        -0        -0        -0        -0        -0        -0        -0        -0        -0        -0        -0        -0        -0        -0        -0        -0        -0        -0        -0        -0        -0        -0        -0        -0
  0.623884    1.80021   0.452741 -0.0406719  -0.516245     1.0172  0.0607555    2.72416   0.282678   -0.41853   0.127641   0.657268   0.418538    2.63371    2.24979    2.25581    1.40249    1.45194  -0.727299    2.01647    2.85937   0.985693    2.08854    2.53238   0.908248     2.4366  -0.509415    1.99499     1.9246   0.228413         -0         -0         -0         -0         -0         -0         -0         -0         -0         -0         -0         -0         -0         -0         -0         -0         -0         -0         -0         -0         -0         -0         -0         -0         -0         -0         -0         -0         -0         -0
  1.68125  0.452741   1.65827   1.92995 -0.885392   1.51288   1.19813   2.34039   2.15588   2.24354  0.503103   2.79054   1.06404  0.239228    2.6526  0.165927    2.1367   1.97426   1.84136   2.69339   2.91283   2.82188 -0.697765   1.32279 -0.814225    2.3942   2.50925  0.621116   1.65508   1.03429        -0        -0        -0        -0        -0        -0        -0        -0        -0        -0        -0        -0        -0        -0        -0        -0        -0        -0        -0        -0        -0        -0        -0        -0        -0        -0        -0        -0        -0        -0
   1.49039 -0.0406719    1.92995   0.148666  -0.314674    1.86218    1.12536    2.96418   0.610637    1.76875     2.4745    2.92069    1.07274    1.81648    1.07265  -0.151567 -0.0385239   0.387685  -0.338357   0.928447    1.69963  -0.542456     2.6675   0.688637    1.34705     2.0384   0.484577   0.175282  -0.819091   0.429636         -0         -0         -0         -0         -0         -0         -0         -0         -0         -0         -0         -0         -0         -0         -0         -0         -0         -0         -0         -0         -0         -0         -0         -0         -0         -0         -0         -0         -0         -0
 0.755377 -0.516245 -0.885392 -0.314674  0.632422   1.70252   2.92294   0.84952  0.246855   1.19211   2.89639  0.131772  0.339233  0.706451   1.06627  0.328459   2.25093   2.41341  0.660387   2.67811  0.787812 -0.314681   2.54608   2.19989   2.59689  0.783645   2.52898 -0.520435 -0.900117  0.409322        -0        -0        -0        -0        -0        -0        -0        -0        -0        -0        -0        -0        -0        -0        -0        -0        -0        -0        -0        -0        -0        -0        -0        -0        -0        -0        -0        -0        -0        -0
   1.74757     1.0172    1.51288    1.86218    1.70252  -0.854699 -0.0993527    2.26333 0.00539756  -0.509604    2.69521    2.68693    2.19581    1.57846   0.359055    2.23219  -0.534846    1.22519    1.25477   0.353778    2.59094   0.609687 -0.0124461   0.868869    2.38566    1.99109   0.292896   0.150099    2.13465    1.13417         -0         -0         -0         -0         -0         -0         -0         -0         -0         -0         -0         -0         -0         -0         -0         -0         -0         -0         -0         -0         -0         -0         -0         -0         -0         -0         -0         -0         -0         -0
   2.61248  0.0607555    1.19813    1.12536    2.92294 -0.0993527    1.27066  -0.135176  -0.126033    2.77415     2.9649    2.61591   0.759674    1.01229  -0.348887    1.20749   -0.80633    0.85284    1.88683   -0.81678  -0.946596  -0.951519   0.277192    1.67619  -0.784084    1.42406  -0.524338    1.46818   0.331008  -0.435716         -0         -0         -0         -0         -0         -0         -0         -0         -0         -0         -0         -0         -0         -0         -0         -0         -0         -0         -0         -0         -0         -0         -0         -0         -0         -0         -0         -0         -0         -0
  0.766051    2.72416    2.34039    2.96418    0.84952    2.26333  -0.135176  -0.879816    1.11168    2.06607    2.67054  0.0966726 -0.0448621    2.46613  -0.921448   0.979572   0.458415    2.60708    2.51323    1.56494   0.971032  -0.261278    2.59456   -0.52292    1.27308   0.999561   0.953043 -0.0447724    1.56806    1.74033         -0         -0         -0         -0         -0         -0         -0         -0         -0         -0         -0         -0         -0         -0         -0         -0         -0         -0         -0         -0         -0         -0         -0         -0         -0         -0         -0         -0         -0         -0
   1.27024   0.282678    2.15588   0.610637   0.246855 0.00539756  -0.126033    1.11168   0.125581    1.60207    1.76129    2.35748  -0.707518     2.5336  -0.174819    2.31075    1.44473     2.6836   0.861856  -0.132996    1.15588    2.58072   0.726276   0.463433    2.86274   0.264162    2.29246    2.10314  -0.910124  -0.297769         -0         -0         -0         -0         -0         -0         -0         -0         -0         -0         -0         -0         -0         -0         -0         -0         -0         -0         -0         -0         -0         -0         -0         -0         -0         -0         -0         -0         -0         -0
   2.61287   -0.41853    2.24354    1.76875    1.19211  -0.509604    2.77415    2.06607    1.60207  -0.100269    1.56697    1.37719    0.11715    1.30477  -0.815288    2.03267    2.50442  -0.702434    1.57043    1.04508 -0.0795919    1.20436  -0.142089  -0.597532   0.679348     1.2868   0.739825   0.760634   -0.56585   -0.34584         -0         -0         -0         -0         -0         -0         -0         -0         -0         -0         -0         -0         -0         -0         -0         -0         -0         -0         -0         -0         -0         -0         -0         -0         -0         -0         -0         -0         -0         -0
