60
1
60
  -0.105266  -0.0498161  -0.0550981   0.0475005    0.225673   -0.246654   -0.158872   -0.239958   -0.120342    0.303327    0.136834   -0.175197   0.0459534 -0.00335198   0.0367352   -0.178414  -0.0810144  -0.0148118   -0.114757   -0.136045   0.0530394   -0.117642   0.0134879   0.0808553    0.290552   0.0497243 -0.00460663 -0.00463063  -0.0540534   -0.183816   0.0823881   -0.298913  -0.0815775    -0.11426   -0.152017  -0.0951237  -0.0469215  -0.0329741   0.0106019    0.258954   -0.142551    0.145755  -0.0723239  -0.0407885  -0.0515658  -0.0567197   0.0627811   -0.192137  -0.0646149   0.0339598    0.057685  -0.0100337   -0.110067   0.0331509    0.185816  -0.0396809  -0.0915965   0.0373928    0.162749   0.0431917
-150.815 -62.7833   -77.95 -53.2754 -68.3036 -55.1531  -63.539 -48.7824 -40.1229 -54.8713 -77.9258 -51.3913  -66.275 -59.8123 -65.1219  -69.907 -32.9942 -95.2987 -71.1393 -83.9883 -66.7849 -43.4944 -64.9288 -48.9534 -62.2304 -34.3757 -58.4855 -57.6972 -92.9964 -73.6706 -103.421 -68.0292 -91.3699 -53.6185 -54.2357 -76.9336 -55.9396 -60.4716 -65.5628 -54.5181  -63.937  -55.587 -52.0119 -70.4685 -71.0308 -57.2652  -80.585  -74.899 -54.0461 -49.4656 -57.2461 -80.2937 -80.1727 -70.2015 -50.1193 -93.7545 -76.4887 -45.5621 -71.9194 -61.8932
-62.7833 -104.089 -45.0962 -55.9801 -50.5521 -62.5065 -30.5503 -34.0833 -42.2531 -45.5852 -38.5656 -49.6768 -39.7301 -36.3456 -37.1701 -29.4486  -37.601 -55.6413 -39.4152 -49.0884 -51.9084 -30.3975 -45.0228 -37.4562 -59.5209 -31.0742 -45.0797 -47.8185 -53.8173 -38.7709 -63.8528 -46.6116 -56.6409 -50.8907 -34.5476 -44.2698 -36.1592  -29.995 -47.7088 -58.7279  -42.441 -39.2716 -27.5679 -34.6245  -28.383 -28.4371 -39.2662  -46.306 -34.1062 -15.5698 -51.2174  -49.493 -48.9059 -37.0089  -47.726 -50.9865 -54.8862 -30.0001 -51.0908 -52.3227
  -77.95 -45.0962 -159.446 -67.3196 -62.7688 -35.3629  -63.064 -65.2021 -55.8601 -49.5521 -48.2152 -38.1878 -52.2277 -54.5302 -78.6945 -53.3416 -32.9362 -73.9681 -64.1425 -74.8748 -67.7165 -63.3661 -41.1592 -66.6757  -75.876 -41.9395 -56.8635 -62.5574 -74.5109 -78.3252 -96.0976 -68.1287 -83.6243 -72.5326 -58.2674 -78.8486 -55.7453 -71.3596 -67.3383 -62.0648  -59.477 -40.8053 -71.3909 -51.8603 -82.2793 -70.9466 -48.2606 -78.5691 -60.8454 -58.2194 -40.9563 -73.5681  -71.117 -47.6334  -47.044 -69.0813 -50.2275 -50.9629 -89.8011  -54.937
-53.2754 -55.9801 -67.3196   -125.3 -44.3425 -57.3038 -55.2945 -43.1621 -56.0669 -46.1054 -50.0866 -60.9419 -43.1941 -47.1954  -75.556  -32.765 -47.5289 -61.2188 -71.2026 -62.7242  -54.975 -37.8177 -48.1538 -49.7683 -65.0781 -47.7135 -51.8064 -43.6046 -47.8444 -52.5017 -62.4052 -48.6938 -69.5785 -56.6578 -31.7898  -38.594 -53.9884 -76.7657 -42.6643 -58.2745 -34.2188 -47.1771 -60.4425 -43.9918 -48.7179 -57.3898 -45.9044 -52.1969 -43.0399 -24.6393 -46.6837 -28.6769 -61.0367 -49.0271 -44.8317 -51.4993 -49.4875 -50.0979  -65.274 -45.8924
-68.3036 -50.5521 -62.7688 -44.3425 -135.513 -54.0585 -54.8239  -37.149 -37.1026 -48.0501 -35.5565 -47.2517 -39.9111 -60.5607 -43.8078 -66.6478 -33.1963 -68.1336 -59.5319 -81.7627 -51.9465 -31.0739 -60.0249 -68.3608 -71.3869  -33.461 -49.1499  -52.236 -58.3496 -53.7757 -76.3625 -50.6703 -56.4397 -58.7245 -39.6001 -39.1031  -50.049 -60.2619 -61.4957 -39.5654  -49.186 -47.5799 -47.6569  -58.367 -21.8556 -43.4325  -78.597 -55.2064 -38.8936 -30.2393 -35.9653  -54.287 -61.9293 -57.4226 -47.8719 -69.5381 -84.0704 -51.0587 -54.3513 -67.3733
-55.1531 -62.5065 -35.3629 -57.3038 -54.0585 -128.475 -20.2419  -20.644  -62.125 -40.2483 -35.5251 -51.3119 -47.7529 -21.0365   -70.97 -27.9522 -37.9726 -40.7874 -45.2064 -59.0902  -54.302 -26.9809 -54.8524 -39.1329 -63.2689 -26.1367 -30.7067 -43.5187 -58.9347 -43.1145 -66.7252  -49.346 -43.8631  -41.473 -29.2183 -43.0713 -37.7449 -76.2524 -45.6652 -59.8362 -22.2096 -65.3539 -28.5853 -40.9125 -37.6683 -42.7592  -42.676  -46.369 -26.3519 -4.76897 -44.5946  -51.218 -46.8885 -39.5356 -47.4315 -43.9603 -72.1452 -44.7844 -62.8646 -81.9371
 -63.539 -30.5503  -63.064 -55.2945 -54.8239 -20.2419 -129.323 -54.6838 -47.9089 -49.0111  -58.157 -34.9793 -36.6283 -51.3712 -64.1612 -57.7887   -38.64 -73.9853 -85.5364  -57.295 -50.8856 -65.1467 -42.3292 -57.6537 -52.6095 -45.4836 -50.9036 -45.5279 -60.6191 -52.7321 -74.8807 -66.4996 -48.8178 -56.6521 -50.3897 -68.2033 -59.4236 -70.5738 -61.9324 -32.3197 -45.4578 -45.6252 -63.5112 -51.5486 -42.4826 -57.4811 -66.6826 -47.7598 -26.9318 -51.1461 -55.1959 -56.4053 -63.0354 -59.1619 -55.9724 -53.2081 -55.0632 -31.1969 -49.2375 -50.9149
-48.7824 -34.0833 -65.2021 -43.1621  -37.149  -20.644 -54.6838 -119.033 -54.7757 -53.0031 -40.4671 -37.9255 -64.2615 -53.3258 -61.0102 -44.2816 -24.8557 -67.7688 -67.4257 -50.0084  -58.396 -49.4875 -37.6131 -63.1443 -54.2829 -31.6326 -71.9059 -50.2947 -46.3828 -41.1478 -72.3433 -61.2272 -68.2098 -70.9423 -56.0312 -50.5472 -36.0676 -63.3113  -43.082 -42.8329 -49.9237 -52.5821 -40.1192 -49.1848 -53.3695 -52.6284 -63.0412 -45.9178 -37.5405 -46.6309 -34.3443 -39.2069 -47.1682 -46.3428 -51.1968 -48.1779 -58.2526 -49.6119 -42.2069  -51.979
-40.1229 -42.2531 -55.8601 -56.0669 -37.1026  -62.125 -47.9089 -54.7757 -134.232 -36.3139 -32.7005 -45.8801 -43.9119 -44.8087 -66.0054 -60.1293 -30.6326 -60.5598  -54.128 -48.3584  -55.976 -42.7725 -58.5933  -76.482 -63.3909 -36.8871 -72.4215 -41.3209 -62.5708  -22.517 -80.8175 -62.8188 -67.9136 -60.1097 -57.4547 -49.5036 -48.8221 -83.2263 -45.1453 -37.6389 -39.2902 -44.0315 -52.8485 -47.9445 -55.6851 -67.6215  -56.052 -66.4491 -52.6187  -32.366 -60.1632 -61.3824 -62.8086 -52.2178 -45.2246 -66.1721 -51.4277 -56.1605 -65.1731 -78.9933
-54.8713 -45.5852 -49.5521 -46.1054 -48.0501 -40.2483 -49.0111 -53.0031 -36.3139 -127.294 -35.3776 -55.5646 -55.2764 -56.0096 -57.6095 -50.1463 -36.7252 -79.7605 -65.7457 -55.7734 -69.1078 -56.9815 -36.2397 -49.0576 -63.6755 -29.0839 -55.7701 -57.6604 -46.8222 -61.9788 -76.4198 -49.1993 -68.9421  -58.741 -77.0326 -47.6883 -49.8812 -70.1231 -37.9114 -67.7975 -47.3078 -43.9964 -60.6593 -54.8265 -68.4287 -40.2057 -58.5837  -71.109 -32.0019  -40.032 -65.0887 -68.4416 -52.4492 -73.8143 -53.0528 -66.0989 -56.7704 -53.0509 -44.4207 -40.6281
-77.9258 -38.5656 -48.2152 -50.0866 -35.5565 -35.5251  -58.157 -40.4671 -32.7005 -35.3776 -126.502 -52.9576 -33.6238 -61.4468 -48.8656 -46.3181  -35.385    -69.1 -66.4799 -56.4222 -73.1744  -42.134  -52.991 -58.2514 -75.6933 -55.6292 -34.0833 -37.6411 -57.5299 -60.6428 -65.4811  -48.147 -45.3586 -67.5729  -41.253 -46.6322 -67.4532   -54.91 -37.7658 -48.3714 -36.0143 -34.6914 -51.7549 -56.7876  -54.204 -59.4183 -70.5964 -32.9273 -37.4555 -39.0269 -46.3526 -63.0926 -62.5608 -70.5337  -56.755 -55.2713  -44.184 -46.1039 -43.9211 -72.6611
-51.3913 -49.6768 -38.1878 -60.9419 -47.2517 -51.3119 -34.9793 -37.9255 -45.8801 -55.5646 -52.9576  -122.17 -53.0624 -65.7344 -45.0207 -55.3599 -20.2067  -73.325 -70.5073 -48.6158 -69.8708 -38.2049  -54.888  -56.554 -62.8261 -42.3897 -70.7475 -45.1008 -63.4525 -41.7393 -73.3183 -48.4028 -59.7821 -73.8863 -51.2117 -39.2201 -76.5686 -65.0107 -33.2353 -44.2838 -37.1922 -38.0126 -44.5797 -62.4215 -43.3873 -32.3559 -51.4665  -62.271 -26.9485 -21.1574  -51.161 -54.3109 -34.8831 -57.0703  -52.802 -53.6646 -58.1612 -57.6357 -51.3103 -53.7161
 -66.275 -39.7301 -52.2277 -43.1941 -39.9111 -47.7529 -36.6283 -64.2615 -43.9119 -55.2764 -33.6238 -53.0624 -144.692 -45.0002 -55.1197 -37.5926 -10.7008 -58.4818 -60.6589 -75.6393 -52.4642 -47.1078 -45.7568 -38.5052 -62.9704 -31.8007 -51.7662 -63.1486 -66.2467 -51.1392 -82.4725 -54.7238 -54.2576 -82.7762 -44.1387 -65.5799 -55.2283 -60.8258 -42.2017 -51.4435 -42.2533   -57.91 -51.7128 -47.5837 -47.6437 -36.0051 -51.8577 -42.7076 -28.3148  -40.276 -43.8471 -54.3161 -53.3295 -61.1316 -42.9535 -64.1283 -52.1425 -58.5856  -53.617 -50.1621
-59.8123 -36.3456 -54.5302 -47.1954 -60.5607 -21.0365 -51.3712 -53.3258 -44.8087 -56.0096 -61.4468 -65.7344 -45.0002 -135.464 -67.1103 -62.1156 -33.6947 -68.9086 -65.7557 -57.7303 -66.5208 -43.2161 -59.6633 -77.4483 -76.5547 -33.1779  -51.899 -57.5946 -53.1044 -45.5624 -88.9031 -53.0645  -71.368 -69.3372 -68.3804 -40.0739 -72.2331 -47.7923 -50.8355 -51.6212 -32.6914 -36.8967  -54.654 -54.8364 -61.4826  -45.512 -74.6854 -72.3179 -52.3253 -41.5249 -54.5497 -61.0366 -50.5584 -67.5354 -55.6662 -54.8621 -59.3492 -47.4958 -33.4553  -42.888
-65.1219 -37.1701 -78.6945  -75.556 -43.8078   -70.97 -64.1612 -61.0102 -66.0054 -57.6095 -48.8656 -45.0207 -55.1197 -67.1103 -147.262 -48.3648 -52.0926 -70.0541 -82.3807 -86.7393 -62.3919 -65.3166  -60.307  -67.418  -81.422 -49.9628 -57.7495 -61.8257 -58.0003 -54.9835 -94.5543 -68.4494  -90.033 -62.4417 -52.2661 -68.2162 -78.1919 -96.6202 -69.8823 -58.8643  -38.662 -56.6048 -72.9487  -56.889 -68.6827 -72.8566 -62.4556 -65.4849 -53.5391 -51.8016 -57.8803 -85.5169 -60.6166 -65.3998 -58.7479 -59.6948 -68.7903 -40.8075  -61.645 -65.2327
 -69.907 -29.4486 -53.3416  -32.765 -66.6478 -27.9522 -57.7887 -44.2816 -60.1293 -50.1463 -46.3181 -55.3599 -37.5926 -62.1156 -48.3648 -124.508 -26.7243 -79.6717 -58.3829 -58.3372 -59.2576 -31.8211 -59.1961 -69.2853 -63.0797 -54.8283 -51.7046 -37.9383 -72.4371 -43.3333  -72.443 -64.5786  -76.959 -56.9522 -64.6368 -42.0472  -47.492 -80.8072 -55.8974 -30.5537 -48.9263  -52.073 -49.9363 -61.3127 -55.7792 -58.1413 -72.1163 -80.0569 -39.4185 -48.1489 -56.9471 -62.6654 -57.6634 -77.9454 -35.8381 -63.5262 -69.6903 -44.6788 -44.4723 -55.7338
-32.9942  -37.601 -32.9362 -47.5289 -33.1963 -37.9726   -38.64 -24.8557 -30.6326 -36.7252  -35.385 -20.2067 -10.7008 -33.6947 -52.0926 -26.7243 -104.532 -22.9304 -38.7836 -62.2332 -37.5364 -35.1744 -35.4474 -42.1246 -46.9411 -20.2508  -29.125 -21.4557 -12.8651 -7.31267 -38.9011 -25.5456 -43.4782 -30.7271 -34.0231 -22.6978 -16.9547  -28.006 -36.2521 -26.7204 -3.83133 -23.1114 -22.1331 -26.6874 -26.5145 -38.3821 -30.4941 -36.1153 -31.1473 -33.4913 -17.3812 -42.6778 -33.2913 -42.7327 -21.6519 -9.12814 -56.4425 -5.93762 -31.4944 -27.7369
-95.2987 -55.6413 -73.9681 -61.2188 -68.1336 -40.7874 -73.9853 -67.7688 -60.5598 -79.7605    -69.1  -73.325 -58.4818 -68.9086 -70.0541 -79.6717 -22.9304  -156.99 -91.8338 -80.4821 -86.5207 -48.5845 -62.0287   -71.86 -83.4798 -59.8594 -79.0581 -75.0955 -86.8317 -71.8022 -110.522 -84.7925 -103.765 -74.8596 -68.9138 -91.8685 -66.6496 -81.0994 -80.7279 -57.8259 -68.9551 -62.7062 -73.3707  -81.739 -75.6117 -63.4494 -86.8024 -83.1667 -46.9432 -58.5749 -66.8875 -70.8686 -83.6923 -70.5544 -61.5541 -101.224 -69.3536 -59.5835 -64.8122 -73.8693
-71.1393 -39.4152 -64.1425 -71.2026 -59.5319 -45.2064 -85.5364 -67.4257  -54.128 -65.7457 -66.4799 -70.5073 -60.6589 -65.7557 -82.3807 -58.3829 -38.7836 -91.8338 -169.807 -94.2424 -82.8795 -80.1844 -67.6223 -70.2094 -72.9877 -34.1761 -71.8542 -69.4612 -71.7819 -77.4528 -120.105  -64.788 -77.7218 -79.0268  -59.446 -69.5876 -80.4423 -90.0988 -72.2818 -45.7122 -40.7504  -72.933 -80.3961 -70.2304 -70.5185 -67.4052 -59.8524 -72.2573 -53.3158 -38.8991 -59.2535 -74.5777 -79.0375 -61.0764 -66.0825 -81.2684 -61.1141 -52.1453 -84.1903  -54.784
-83.9883 -49.0884 -74.8748 -62.7242 -81.7627 -59.0902  -57.295 -50.0084 -48.3584 -55.7734 -56.4222 -48.6158 -75.6393 -57.7303 -86.7393 -58.3372 -62.2332 -80.4821 -94.2424 -176.391 -59.6209 -72.3509 -64.8334 -65.0316 -103.102 -31.6282 -52.6598 -78.8708 -72.9566 -58.7476 -102.315 -76.5593 -86.8755 -77.6157 -58.7435 -66.0363 -46.6523 -84.8881 -79.1228 -58.0635 -46.8495  -44.093 -77.7503 -77.0682  -40.265  -65.818 -81.6488 -74.2972 -64.3884 -55.8105 -53.1464 -92.1363 -75.5653 -73.1361 -56.7258 -66.8169 -86.8676 -52.4658 -80.3748 -75.8786
-66.7849 -51.9084 -67.7165  -54.975 -51.9465  -54.302 -50.8856  -58.396  -55.976 -69.1078 -73.1744 -69.8708 -52.4642 -66.5208 -62.3919 -59.2576 -37.5364 -86.5207 -82.8795 -59.6209 -147.543  -65.019 -45.4722  -71.744 -80.1434 -49.1517 -63.1735 -38.6417 -85.0031 -67.1839 -94.6443 -83.5317 -80.5156 -72.1196 -60.3966 -66.1498 -75.3306 -67.7155 -66.3732 -62.5091 -58.6295 -64.0999 -41.4149 -77.8785  -65.008 -60.7487 -59.6016  -70.053 -59.6961 -33.4024 -40.3419 -70.4567 -51.9628 -86.9245 -72.7349 -98.1157 -79.6165 -48.9576 -62.8896 -63.3138
-43.4944 -30.3975 -63.3661 -37.8177 -31.0739 -26.9809 -65.1467 -49.4875 -42.7725 -56.9815  -42.134 -38.2049 -47.1078 -43.2161 -65.3166 -31.8211 -35.1744 -48.5845 -80.1844 -72.3509  -65.019 -137.312 -56.5483 -43.2549 -78.6389 -32.4096 -38.1474 -50.0812  -44.139 -44.1628 -94.8344 -52.8313 -53.4512 -64.7316 -66.0193 -64.2255 -48.0537 -75.6331 -58.6383  -38.407 -22.1728 -22.8988 -52.9814 -35.6642 -41.9661 -53.7343 -59.6352 -53.9762 -46.3799 -26.7809  -44.466 -58.1617 -29.1568 -47.7184 -53.9878 -49.3238 -49.7276 -41.0584  -70.699 -41.4887
-64.9288 -45.0228 -41.1592 -48.1538 -60.0249 -54.8524 -42.3292 -37.6131 -58.5933 -36.2397  -52.991  -54.888 -45.7568 -59.6633  -60.307 -59.1961 -35.4474 -62.0287 -67.6223 -64.8334 -45.4722 -56.5483 -131.566  -71.004 -86.6087 -47.9551 -51.9229 -61.1825 -68.6161 -42.1297 -88.8874 -53.7938 -52.9879 -57.7554 -47.1982 -36.7389 -66.6898 -89.0769  -45.644 -37.8122 -37.7272 -33.9203 -68.7166 -48.7379 -47.7117  -44.872 -58.4034 -60.1722 -52.1905 -35.7744 -48.9312 -68.5651 -44.5959  -50.152 -42.6623 -60.0968 -49.7459 -60.1252 -51.0521 -61.1286
-48.9534 -37.4562 -66.6757 -49.7683 -68.3608 -39.1329 -57.6537 -63.1443  -76.482 -49.0576 -58.2514  -56.554 -38.5052 -77.4483  -67.418 -69.2853 -42.1246   -71.86 -70.2094 -65.0316  -71.744 -43.2549  -71.004 -137.204 -70.8681 -51.8744 -83.0669 -53.7113 -73.7079 -49.8494 -77.2083 -54.3055 -77.1407 -70.7539 -71.1605 -53.5396 -75.9232 -85.4219  -42.925  -42.783 -46.1054  -37.066 -59.1717 -55.8038 -71.3965 -62.2516 -73.5368 -73.8789  -56.499 -42.4305 -39.1219 -71.2069 -61.8055 -70.3609 -58.7562 -56.2243 -69.7552 -71.0428 -53.0494 -78.0203
-62.2304 -59.5209  -75.876 -65.0781 -71.3869 -63.2689 -52.6095 -54.2829 -63.3909 -63.6755 -75.6933 -62.8261 -62.9704 -76.5547  -81.422 -63.0797 -46.9411 -83.4798 -72.9877 -103.102 -80.1434 -78.6389 -86.6087 -70.8681 -169.134 -67.9838  -40.553 -67.7413 -73.7615 -64.1028 -94.5938 -83.9136 -75.4992 -88.7752 -77.4624 -54.2058 -70.1413 -92.9503  -60.562 -77.0982 -47.9786 -55.5233 -68.5947 -65.2718 -42.6773 -67.6063  -75.281  -67.282 -59.3875 -41.7755 -60.1373 -80.3508 -66.0086 -72.1103 -78.7361 -72.2157 -71.5457 -64.9423 -68.3353   -79.18
-34.3757 -31.0742 -41.9395 -47.7135  -33.461 -26.1367 -45.4836 -31.6326 -36.8871 -29.0839 -55.6292 -42.3897 -31.8007 -33.1779 -49.9628 -54.8283 -20.2508 -59.8594 -34.1761 -31.6282 -49.1517 -32.4096 -47.9551 -51.8744 -67.9838 -113.759 -28.7963 -30.8806 -38.6125 -45.2274 -50.4843 -50.9045 -48.4565 -45.2189  -37.816 -48.6405 -61.5735 -70.1076 -33.7553 -55.4557 -23.5842  -32.481 -43.9276  -36.569 -39.2128 -56.2916 -42.2002 -36.4181  -30.282 -27.7754 -46.2163 -37.9505 -30.9982 -55.4208 -50.5748 -33.0767 -39.3406 -39.1891  -38.765 -55.5638
-58.4855 -45.0797 -56.8635 -51.8064 -49.1499 -30.7067 -50.9036 -71.9059 -72.4215 -55.7701 -34.0833 -70.7475 -51.7662  -51.899 -57.7495 -51.7046  -29.125 -79.0581 -71.8542 -52.6598 -63.1735 -38.1474 -51.9229 -83.0669  -40.553 -28.7963 -131.692 -42.9675 -55.0472 -41.2955 -74.7701 -59.1583 -79.6244 -63.6415 -47.8485 -58.6944 -64.7644 -70.0175 -32.9813  -28.314 -53.5149 -50.7104 -60.9151 -74.4446 -53.3636 -44.7054 -60.0181 -68.3508 -55.8044  -40.224 -46.1274 -63.0008 -43.8339   -62.16 -52.5694 -69.8061 -78.9954 -59.0573 -52.2699  -53.436
-57.6972 -47.8185 -62.5574 -43.6046  -52.236 -43.5187 -45.5279 -50.2947 -41.3209 -57.6604 -37.6411 -45.1008 -63.1486 -57.5946 -61.8257 -37.9383 -21.4557 -75.0955 -69.4612 -78.8708 -38.6417 -50.0812 -61.1825 -53.7113 -67.7413 -30.8806 -42.9675 -112.784 -52.2799 -57.5068 -82.9631 -50.1771 -56.4312 -62.8182 -53.0799 -52.5135  -53.488 -72.2465 -55.8705 -72.3797 -39.2417 -38.9413  -75.538  -54.816  -43.105 -42.2238 -51.8244   -56.05 -55.3425 -39.7888 -54.2919 -69.7451 -66.1119 -44.0681  -28.461  -58.629  -42.904 -58.7139 -62.5116 -49.0673
-92.9964 -53.8173 -74.5109 -47.8444 -58.3496 -58.9347 -60.6191 -46.3828 -62.5708 -46.8222 -57.5299 -63.4525 -66.2467 -53.1044 -58.0003 -72.4371 -12.8651 -86.8317 -71.7819 -72.9566 -85.0031  -44.139 -68.6161 -73.7079 -73.7615 -38.6125 -55.0472 -52.2799 -149.243 -52.3322 -94.0901 -81.4605 -90.0308 -63.7733 -61.1601 -85.3683 -65.0514 -79.8009 -72.0641 -43.7747 -72.7521 -56.1473 -58.9445 -61.9452 -70.9001 -60.6175 -60.9457  -86.617 -64.0536 -38.9409 -63.4447 -81.1222 -59.3713 -70.9752 -65.1579 -86.5619 -72.0184 -41.1937 -65.2814 -61.5496
-73.6706 -38.7709 -78.3252 -52.5017 -53.7757 -43.1145 -52.7321 -41.1478  -22.517 -61.9788 -60.6428 -41.7393 -51.1392 -45.5624 -54.9835 -43.3333 -7.31267 -71.8022 -77.4528 -58.7476 -67.1839 -44.1628 -42.1297 -49.8494 -64.1028 -45.2274 -41.2955 -57.5068 -52.3322 -128.549 -77.1499 -47.9012 -56.1619  -51.934 -44.7866 -52.6175 -49.9196 -76.9384 -36.2531 -60.7858 -51.7199 -41.1622 -61.7158 -59.3042 -65.2601 -55.2468 -43.6398  -45.031 -44.0137  -29.953 -50.2548  -49.803 -74.9431 -46.2346 -62.1738 -77.3612 -41.9668 -59.3412 -75.3591  -54.887
-103.421 -63.8528 -96.0976 -62.4052 -76.3625 -66.7252 -74.8807 -72.3433 -80.8175 -76.4198 -65.4811 -73.3183 -82.4725 -88.9031 -94.5543  -72.443 -38.9011 -110.522 -120.105 -102.315 -94.6443 -94.8344 -88.8874 -77.2083 -94.5938 -50.4843 -74.7701 -82.9631 -94.0901 -77.1499 -190.309 -98.9328 -106.392 -102.983 -100.134  -88.222 -85.8668 -88.7925 -84.1584   -67.47  -74.412 -70.9887 -86.1292 -80.3618 -89.7777 -70.2107 -87.1468  -109.04 -73.9577 -57.1547 -74.1663 -90.7589 -95.2372 -82.0209  -75.581  -103.51 -86.8318 -76.3747 -94.5005 -77.0714
-68.0292 -46.6116 -68.1287 -48.6938 -50.6703  -49.346 -66.4996 -61.2272 -62.8188 -49.1993  -48.147 -48.4028 -54.7238 -53.0645 -68.4494 -64.5786 -25.5456 -84.7925  -64.788 -76.5593 -83.5317 -52.8313 -53.7938 -54.3055 -83.9136 -50.9045 -59.1583 -50.1771 -81.4605 -47.9012 -98.9328 -129.856  -70.867 -52.0175 -63.0205  -66.872 -62.2314 -68.6551 -62.5325 -48.2599 -70.5985 -49.0568 -59.7624 -79.4723  -47.793 -55.0426 -67.9367 -72.1266 -35.1743 -49.8973 -57.8743  -59.183 -61.1423 -76.8563 -58.6805 -74.5358 -83.8067 -41.9115 -43.6485 -54.3388
-91.3699 -56.6409 -83.6243 -69.5785 -56.4397 -43.8631 -48.8178 -68.2098 -67.9136 -68.9421 -45.3586 -59.7821 -54.2576  -71.368  -90.033  -76.959 -43.4782 -103.765 -77.7218 -86.8755 -80.5156 -53.4512 -52.9879 -77.1407 -75.4992 -48.4565 -79.6244 -56.4312 -90.0308 -56.1619 -106.392  -70.867 -152.319 -72.9165 -77.5415 -74.6127 -54.3822  -81.787 -69.7909 -51.0104 -64.0899 -55.7121 -62.5767 -75.4903 -82.3469 -61.3556 -66.3305 -107.047 -85.8395 -49.7291 -69.7891 -73.0233 -75.2932 -73.1065 -67.5274 -83.1209 -87.4571 -52.2091 -66.2232 -53.9539
-53.6185 -50.8907 -72.5326 -56.6578 -58.7245  -41.473 -56.6521 -70.9423 -60.1097  -58.741 -67.5729 -73.8863 -82.7762 -69.3372 -62.4417 -56.9522 -30.7271 -74.8596 -79.0268 -77.6157 -72.1196 -64.7316 -57.7554 -70.7539 -88.7752 -45.2189 -63.6415 -62.8182 -63.7733  -51.934 -102.983 -52.0175 -72.9165 -164.317 -67.9131 -48.4253 -76.6657 -71.4653 -61.9659 -61.1644 -49.7602 -56.7268 -68.4243 -52.4524 -51.2659 -44.1989 -71.1602 -79.2848 -52.1451 -36.8406 -58.8552 -80.2978 -69.6359 -77.0895 -75.4826 -63.2274 -56.7819 -61.8414 -60.3166 -80.5465
-54.2357 -34.5476 -58.2674 -31.7898 -39.6001 -29.2183 -50.3897 -56.0312 -57.4547 -77.0326  -41.253 -51.2117 -44.1387 -68.3804 -52.2661 -64.6368 -34.0231 -68.9138  -59.446 -58.7435 -60.3966 -66.0193 -47.1982 -71.1605 -77.4624  -37.816 -47.8485 -53.0799 -61.1601 -44.7866 -100.134 -63.0205 -77.5415 -67.9131 -134.968 -49.1209 -51.1043  -62.851 -66.7412 -53.5971 -45.4565 -32.9422 -41.1538  -67.525 -61.2417  -61.393 -60.2432 -100.238 -46.0456 -58.5772 -55.8481 -66.0599 -54.1366 -65.4676 -65.7404 -42.4658 -63.9928  -51.565 -51.7067  -50.084
-76.9336 -44.2698 -78.8486  -38.594 -39.1031 -43.0713 -68.2033 -50.5472 -49.5036 -47.6883 -46.6322 -39.2201 -65.5799 -40.0739 -68.2162 -42.0472 -22.6978 -91.8685 -69.5876 -66.0363 -66.1498 -64.2255 -36.7389 -53.5396 -54.2058 -48.6405 -58.6944 -52.5135 -85.3683 -52.6175  -88.222  -66.872 -74.6127 -48.4253 -49.1209  -143.79 -43.6614 -59.3292 -67.1954 -38.8872  -42.158 -43.4173 -59.5228   -66.09 -69.5733 -87.6828 -49.3819 -68.7064 -46.0267 -50.3607 -50.9939 -83.1226 -54.1205 -48.8265 -50.1715 -69.7906 -68.5056 -38.2153  -72.812 -68.3352
-55.9396 -36.1592 -55.7453 -53.9884  -50.049 -37.7449 -59.4236 -36.0676 -48.8221 -49.8812 -67.4532 -76.5686 -55.2283 -72.2331 -78.1919  -47.492 -16.9547 -66.6496 -80.4423 -46.6523 -75.3306 -48.0537 -66.6898 -75.9232 -70.1413 -61.5735 -64.7644  -53.488 -65.0514 -49.9196 -85.8668 -62.2314 -54.3822 -76.6657 -51.1043 -43.6614 -144.072 -66.1423 -42.1983 -58.0539 -46.0597 -31.1265  -80.201 -67.4041 -56.4169 -35.8139 -49.5296 -45.5346 -39.9002 -32.6305 -34.8941   -86.49 -50.5795 -62.0894 -71.7102 -79.5675 -37.2352 -43.9625   -45.17  -54.398
-60.4716  -29.995 -71.3596 -76.7657 -60.2619 -76.2524 -70.5738 -63.3113 -83.2263 -70.1231   -54.91 -65.0107 -60.8258 -47.7923 -96.6202 -80.8072  -28.006 -81.0994 -90.0988 -84.8881 -67.7155 -75.6331 -89.0769 -85.4219 -92.9503 -70.1076 -70.0175 -72.2465 -79.8009 -76.9384 -88.7925 -68.6551  -81.787 -71.4653  -62.851 -59.3292 -66.1423 -174.487 -55.2828 -59.7655 -46.7921 -67.6697 -84.6959 -73.6205 -63.0697 -81.8416 -71.8335 -75.5644 -59.8141 -26.1575 -75.0502 -73.6564 -61.4101 -82.3621 -57.7641 -73.8115 -77.9999 -85.2997 -83.3786 -85.6621
-65.5628 -47.7088 -67.3383 -42.6643 -61.4957 -45.6652 -61.9324  -43.082 -45.1453 -37.9114 -37.7658 -33.2353 -42.2017 -50.8355 -69.8823 -55.8974 -36.2521 -80.7279 -72.2818 -79.1228 -66.3732 -58.6383  -45.644  -42.925  -60.562 -33.7553 -32.9813 -55.8705 -72.0641 -36.2531 -84.1584 -62.5325 -69.7909 -61.9659 -66.7412 -67.1954 -42.1983 -55.2828 -151.023 -29.4761 -45.7106 -50.5859 -35.0953 -55.1722 -45.9846 -65.5759 -58.3428 -79.0157 -40.7047 -58.4246 -51.9033 -65.2893  -45.784 -60.2643 -47.1242 -54.8181 -65.7947 -16.2585 -56.8731 -50.9566
-54.5181 -58.7279 -62.0648 -58.2745 -39.5654 -59.8362 -32.3197 -42.8329 -37.6389 -67.7975 -48.3714 -44.2838 -51.4435 -51.6212 -58.8643 -30.5537 -26.7204 -57.8259 -45.7122 -58.0635 -62.5091  -38.407 -37.8122  -42.783 -77.0982 -55.4557  -28.314 -72.3797 -43.7747 -60.7858   -67.47 -48.2599 -51.0104 -61.1644 -53.5971 -38.8872 -58.0539 -59.7655 -29.4761 -121.962 -23.1097 -56.0053 -60.1536 -39.1172 -44.5743 -40.5072 -44.7475 -49.9521 -58.4425 -21.6524 -45.5603 -63.2873 -51.7408 -47.4105 -59.5357 -58.3905  -53.316 -52.3672 -59.5057 -58.6378
 -63.937  -42.441  -59.477 -34.2188  -49.186 -22.2096 -45.4578 -49.9237 -39.2902 -47.3078 -36.0143 -37.1922 -42.2533 -32.6914  -38.662 -48.9263 -3.83133 -68.9551 -40.7504 -46.8495 -58.6295 -22.1728 -37.7272 -46.1054 -47.9786 -23.5842 -53.5149 -39.2417 -72.7521 -51.7199  -74.412 -70.5985 -64.0899 -49.7602 -45.4565  -42.158 -46.0597 -46.7921 -45.7106 -23.1097 -97.2316  -32.537 -42.3115 -67.3274   -44.04  -26.989 -44.0951 -54.8407   -33.45 -42.5556 -45.2912 -53.0153 -56.9955 -51.5005 -47.7336 -64.8554 -43.7797 -38.7156  -35.206 -40.9772
 -55.587 -39.2716 -40.8053 -47.1771 -47.5799 -65.3539 -45.6252 -52.5821 -44.0315 -43.9964 -34.6914 -38.0126   -57.91 -36.8967 -56.6048  -52.073 -23.1114 -62.7062  -72.933  -44.093 -64.0999 -22.8988 -33.9203  -37.066 -55.5233  -32.481 -50.7104 -38.9413 -56.1473 -41.1622 -70.9887 -49.0568 -55.7121 -56.7268 -32.9422 -43.4173 -31.1265 -67.6697 -50.5859 -56.0053  -32.537 -124.753 -29.2666 -49.3697 -35.0435 -28.2312 -50.1875 -61.6366 -43.3261 -24.7138  -41.252 -41.1097 -45.5014 -62.6219 -45.9417 -48.3848 -66.6876 -31.7547 -46.4448 -56.9045
-52.0119 -27.5679 -71.3909 -60.4425 -47.6569 -28.5853 -63.5112 -40.1192 -52.8485 -60.6593 -51.7549 -44.5797 -51.7128  -54.654 -72.9487 -49.9363 -22.1331 -73.3707 -80.3961 -77.7503 -41.4149 -52.9814 -68.7166 -59.1717 -68.5947 -43.9276 -60.9151  -75.538 -58.9445 -61.7158 -86.1292 -59.7624 -62.5767 -68.4243 -41.1538 -59.5228  -80.201 -84.6959 -35.0953 -60.1536 -42.3115 -29.2666 -140.834 -66.0049 -63.5483  -51.624  -55.853  -60.439 -58.2236 -41.5419  -52.278 -70.4102 -65.4268 -60.1143 -40.6903 -88.1799 -45.4046 -56.2902 -57.2068    -45.8
-70.4685 -34.6245 -51.8603 -43.9918  -58.367 -40.9125 -51.5486 -49.1848 -47.9445 -54.8265 -56.7876 -62.4215 -47.5837 -54.8364  -56.889 -61.3127 -26.6874  -81.739 -70.2304 -77.0682 -77.8785 -35.6642 -48.7379 -55.8038 -65.2718  -36.569 -74.4446  -54.816 -61.9452 -59.3042 -80.3618 -79.4723 -75.4903 -52.4524  -67.525   -66.09 -67.4041 -73.6205 -55.1722 -39.1172 -67.3274 -49.3697 -66.0049 -157.207 -40.5443 -54.5464 -55.9389 -63.9165  -55.796 -65.1786  -38.594 -82.3062 -69.8761  -71.865  -54.961 -68.8707 -76.8523 -47.1907 -69.3728 -57.9578
-71.0308  -28.383 -82.2793 -48.7179 -21.8556 -37.6683 -42.4826 -53.3695 -55.6851 -68.4287  -54.204 -43.3873 -47.6437 -61.4826 -68.6827 -55.7792 -26.5145 -75.6117 -70.5185  -40.265  -65.008 -41.9661 -47.7117 -71.3965 -42.6773 -39.2128 -53.3636  -43.105 -70.9001 -65.2601 -89.7777  -47.793 -82.3469 -51.2659 -61.2417 -69.5733 -56.4169 -63.0697 -45.9846 -44.5743   -44.04 -35.0435 -63.5483 -40.5443 -140.656  -60.218 -47.6932 -76.0148 -51.5387 -42.2251 -70.8514 -56.4917 -61.7807 -46.7355 -37.9259 -60.5752 -39.8194 -53.5709 -54.7075  -40.327
-57.2652 -28.4371 -70.9466 -57.3898 -43.4325 -42.7592 -57.4811 -52.6284 -67.6215 -40.2057 -59.4183 -32.3559 -36.0051  -45.512 -72.8566 -58.1413 -38.3821 -63.4494 -67.4052  -65.818 -60.7487 -53.7343  -44.872 -62.2516 -67.6063 -56.2916 -44.7054 -42.2238 -60.6175 -55.2468 -70.2107 -55.0426 -61.3556 -44.1989  -61.393 -87.6828 -35.8139 -81.8416 -65.5759 -40.5072  -26.989 -28.2312  -51.624 -54.5464  -60.218 -131.902 -49.2631 -57.2438  -53.966 -44.2987 -49.6042 -71.0402 -57.2841 -59.5544 -49.5122 -53.6896 -68.8634 -56.0921 -69.1842 -70.2947
 -80.585 -39.2662 -48.2606 -45.9044  -78.597  -42.676 -66.6826 -63.0412  -56.052 -58.5837 -70.5964 -51.4665 -51.8577 -74.6854 -62.4556 -72.1163 -30.4941 -86.8024 -59.8524 -81.6488 -59.6016 -59.6352 -58.4034 -73.5368  -75.281 -42.2002 -60.0181 -51.8244 -60.9457 -43.6398 -87.1468 -67.9367 -66.3305 -71.1602 -60.2432 -49.3819 -49.5296 -71.8335 -58.3428 -44.7475 -44.0951 -50.1875  -55.853 -55.9389 -47.6932 -49.2631 -143.337 -60.2811 -34.2874 -47.2028 -60.7101 -52.0463 -57.4522 -93.2276  -42.399 -81.4392 -78.7426 -54.6393 -39.9387 -59.2121
 -74.899  -46.306 -78.5691 -52.1969 -55.2064  -46.369 -47.7598 -45.9178 -66.4491  -71.109 -32.9273  -62.271 -42.7076 -72.3179 -65.4849 -80.0569 -36.1153 -83.1667 -72.2573 -74.2972  -70.053 -53.9762 -60.1722 -73.8789  -67.282 -36.4181 -68.3508   -56.05  -86.617  -45.031  -109.04 -72.1266 -107.047 -79.2848 -100.238 -68.7064 -45.5346 -75.5644 -79.0157 -49.9521 -54.8407 -61.6366  -60.439 -63.9165 -76.0148 -57.2438 -60.2811 -158.182 -69.1894 -51.0493 -77.2028 -80.6664 -55.2348 -84.1986 -48.7676 -61.5419 -88.9823 -48.1973 -57.5397  -56.039
-54.0461 -34.1062 -60.8454 -43.0399 -38.8936 -26.3519 -26.9318 -37.5405 -52.6187 -32.0019 -37.4555 -26.9485 -28.3148 -52.3253 -53.5391 -39.4185 -31.1473 -46.9432 -53.3158 -64.3884 -59.6961 -46.3799 -52.1905  -56.499 -59.3875  -30.282 -55.8044 -55.3425 -64.0536 -44.0137 -73.9577 -35.1743 -85.8395 -52.1451 -46.0456 -46.0267 -39.9002 -59.8141 -40.7047 -58.4425   -33.45 -43.3261 -58.2236  -55.796 -51.5387  -53.966 -34.2874 -69.1894 -130.766 -32.2773 -45.2222 -68.7904 -58.1942 -54.4584 -47.0978 -64.1956 -64.8184 -43.2061 -56.0501 -37.5657
-49.4656 -15.5698 -58.2194 -24.6393 -30.2393 -4.76897 -51.1461 -46.6309  -32.366  -40.032 -39.0269 -21.1574  -40.276 -41.5249 -51.8016 -48.1489 -33.4913 -58.5749 -38.8991 -55.8105 -33.4024 -26.7809 -35.7744 -42.4305 -41.7755 -27.7754  -40.224 -39.7888 -38.9409  -29.953 -57.1547 -49.8973 -49.7291 -36.8406 -58.5772 -50.3607 -32.6305 -26.1575 -58.4246 -21.6524 -42.5556 -24.7138 -41.5419 -65.1786 -42.2251 -44.2987 -47.2028 -51.0493 -32.2773 -102.398 -31.9468 -61.4807 -59.8394  -50.463 -19.6131  -30.169 -33.8405 -20.6627 -24.8467 -29.9653
-57.2461 -51.2174 -40.9563 -46.6837 -35.9653 -44.5946 -55.1959 -34.3443 -60.1632 -65.0887 -46.3526  -51.161 -43.8471 -54.5497 -57.8803 -56.9471 -17.3812 -66.8875 -59.2535 -53.1464 -40.3419  -44.466 -48.9312 -39.1219 -60.1373 -46.2163 -46.1274 -54.2919 -63.4447 -50.2548 -74.1663 -57.8743 -69.7891 -58.8552 -55.8481 -50.9939 -34.8941 -75.0502 -51.9033 -45.5603 -45.2912  -41.252  -52.278  -38.594 -70.8514 -49.6042 -60.7101 -77.2028 -45.2222 -31.9468 -130.324 -59.3542 -49.8018  -63.331 -42.5096 -43.9272 -51.8236 -44.4338 -42.4505 -52.2138
-80.2937  -49.493 -73.5681 -28.6769  -54.287  -51.218 -56.4053 -39.2069 -61.3824 -68.4416 -63.0926 -54.3109 -54.3161 -61.0366 -85.5169 -62.6654 -42.6778 -70.8686 -74.5777 -92.1363 -70.4567 -58.1617 -68.5651 -71.2069 -80.3508 -37.9505 -63.0008 -69.7451 -81.1222  -49.803 -90.7589  -59.183 -73.0233 -80.2978 -66.0599 -83.1226   -86.49 -73.6564 -65.2893 -63.2873 -53.0153 -41.1097 -70.4102 -82.3062 -56.4917 -71.0402 -52.0463 -80.6664 -68.7904 -61.4807 -59.3542 -159.684 -72.6127 -75.4917 -58.6039 -78.5171 -65.8876 -47.2111 -70.7716 -80.3206
-80.1727 -48.9059  -71.117 -61.0367 -61.9293 -46.8885 -63.0354 -47.1682 -62.8086 -52.4492 -62.5608 -34.8831 -53.3295 -50.5584 -60.6166 -57.6634 -33.2913 -83.6923 -79.0375 -75.5653 -51.9628 -29.1568 -44.5959 -61.8055 -66.0086 -30.9982 -43.8339 -66.1119 -59.3713 -74.9431 -95.2372 -61.1423 -75.2932 -69.6359 -54.1366 -54.1205 -50.5795 -61.4101  -45.784 -51.7408 -56.9955 -45.5014 -65.4268 -69.8761 -61.7807 -57.2841 -57.4522 -55.2348 -58.1942 -59.8394 -49.8018 -72.6127 -141.892 -55.6307 -37.0019 -75.6396 -49.3253 -57.9968  -56.305 -58.3628
-70.2015 -37.0089 -47.6334 -49.0271 -57.4226 -39.5356 -59.1619 -46.3428 -52.2178 -73.8143 -70.5337 -57.0703 -61.1316 -67.5354 -65.3998 -77.9454 -42.7327 -70.5544 -61.0764 -73.1361 -86.9245 -47.7184  -50.152 -70.3609 -72.1103 -55.4208   -62.16 -44.0681 -70.9752 -46.2346 -82.0209 -76.8563 -73.1065 -77.0895 -65.4676 -48.8265 -62.0894 -82.3621 -60.2643 -47.4105 -51.5005 -62.6219 -60.1143  -71.865 -46.7355 -59.5544 -93.2276 -84.1986 -54.4584  -50.463  -63.331 -75.4917 -55.6307 -144.929 -46.6342  -84.836 -89.9684 -54.2968 -29.3114 -55.0673
-50.1193  -47.726  -47.044 -44.8317 -47.8719 -47.4315 -55.9724 -51.1968 -45.2246 -53.0528  -56.755  -52.802 -42.9535 -55.6662 -58.7479 -35.8381 -21.6519 -61.5541 -66.0825 -56.7258 -72.7349 -53.9878 -42.6623 -58.7562 -78.7361 -50.5748 -52.5694  -28.461 -65.1579 -62.1738  -75.581 -58.6805 -67.5274 -75.4826 -65.7404 -50.1715 -71.7102 -57.7641 -47.1242 -59.5357 -47.7336 -45.9417 -40.6903  -54.961 -37.9259 -49.5122  -42.399 -48.7676 -47.0978 -19.6131 -42.5096 -58.6039 -37.0019 -46.6342 -131.277 -47.3462 -59.4401 -32.8912 -54.3185 -73.9522
-93.7545 -50.9865 -69.0813 -51.4993 -69.5381 -43.9603 -53.2081 -48.1779 -66.1721 -66.0989 -55.2713 -53.6646 -64.1283 -54.8621 -59.6948 -63.5262 -9.12814 -101.224 -81.2684 -66.8169 -98.1157 -49.3238 -60.0968 -56.2243 -72.2157 -33.0767 -69.8061  -58.629 -86.5619 -77.3612  -103.51 -74.5358 -83.1209 -63.2274 -42.4658 -69.7906 -79.5675 -73.8115 -54.8181 -58.3905 -64.8554 -48.3848 -88.1799 -68.8707 -60.5752 -53.6896 -81.4392 -61.5419 -64.1956  -30.169 -43.9272 -78.5171 -75.6396  -84.836 -47.3462 -169.502 -68.5341 -60.4104 -62.0752  -49.831
-76.4887 -54.8862 -50.2275 -49.4875 -84.0704 -72.1452 -55.0632 -58.2526 -51.4277 -56.7704  -44.184 -58.1612 -52.1425 -59.3492 -68.7903 -69.6903 -56.4425 -69.3536 -61.1141 -86.8676 -79.6165 -49.7276 -49.7459 -69.7552 -71.5457 -39.3406 -78.9954  -42.904 -72.0184 -41.9668 -86.8318 -83.8067 -87.4571 -56.7819 -63.9928 -68.5056 -37.2352 -77.9999 -65.7947  -53.316 -43.7797 -66.6876 -45.4046 -76.8523 -39.8194 -68.8634 -78.7426 -88.9823 -64.8184 -33.8405 -51.8236 -65.8876 -49.3253 -89.9684 -59.4401 -68.5341 -150.109 -61.0295 -54.2614 -67.1994
-45.5621 -30.0001 -50.9629 -50.0979 -51.0587 -44.7844 -31.1969 -49.6119 -56.1605 -53.0509 -46.1039 -57.6357 -58.5856 -47.4958 -40.8075 -44.6788 -5.93762 -59.5835 -52.1453 -52.4658 -48.9576 -41.0584 -60.1252 -71.0428 -64.9423 -39.1891 -59.0573 -58.7139 -41.1937 -59.3412 -76.3747 -41.9115 -52.2091 -61.8414  -51.565 -38.2153 -43.9625 -85.2997 -16.2585 -52.3672 -38.7156 -31.7547 -56.2902 -47.1907 -53.5709 -56.0921 -54.6393 -48.1973 -43.2061 -20.6627 -44.4338 -47.2111 -57.9968 -54.2968 -32.8912 -60.4104 -61.0295 -116.888 -50.5396 -67.0562
-71.9194 -51.0908 -89.8011  -65.274 -54.3513 -62.8646 -49.2375 -42.2069 -65.1731 -44.4207 -43.9211 -51.3103  -53.617 -33.4553  -61.645 -44.4723 -31.4944 -64.8122 -84.1903 -80.3748 -62.8896  -70.699 -51.0521 -53.0494 -68.3353  -38.765 -52.2699 -62.5116 -65.2814 -75.3591 -94.5005 -43.6485 -66.2232 -60.3166 -51.7067  -72.812   -45.17 -83.3786 -56.8731 -59.5057  -35.206 -46.4448 -57.2068 -69.3728 -54.7075 -69.1842 -39.9387 -57.5397 -56.0501 -24.8467 -42.4505 -70.7716  -56.305 -29.3114 -54.3185 -62.0752 -54.2614 -50.5396 -142.746 -68.9475
-61.8932 -52.3227  -54.937 -45.8924 -67.3733 -81.9371 -50.9149  -51.979 -78.9933 -40.6281 -72.6611 -53.7161 -50.1621  -42.888 -65.2327 -55.7338 -27.7369 -73.8693  -54.784 -75.8786 -63.3138 -41.4887 -61.1286 -78.0203   -79.18 -55.5638  -53.436 -49.0673 -61.5496  -54.887 -77.0714 -54.3388 -53.9539 -80.5465  -50.084 -68.3352  -54.398 -85.6621 -50.9566 -58.6378 -40.9772 -56.9045    -45.8 -57.9578  -40.327 -70.2947 -59.2121  -56.039 -37.5657 -29.9653 -52.2138 -80.3206 -58.3628 -55.0673 -73.9522  -49.831 -67.1994 -67.0562 -68.9475 -136.043
 0.626806   1.43672 -0.939176    2.0311 -0.282476 -0.557393 -0.542202   -0.1534  0.483359    0.5559  0.851206    1.8785   2.74078   2.56576 -0.778648  0.578022 -0.788753   1.69253   1.94826  0.517247  0.880726  0.896839 -0.463069   1.32607 -0.424038  0.288891 -0.739847 -0.930204  0.971817   1.38712        -0        -0        -0        -0        -0        -0        -0        -0        -0        -0        -0        -0        -0        -0        -0        -0        -0        -0        -0        -0        -0        -0        -0        -0        -0        -0        -0        -0        -0        -0
   1.43672   0.622625    2.96548    1.28123    2.32142    1.20281   0.377486   0.608851  -0.158123    2.42787    2.99078    2.43404 -0.0885505    1.14536    0.78311    2.57505  -0.982319    1.77213   0.380987    2.14064    2.35245    1.17104 -0.0174854    1.28538    2.36287  -0.689287  -0.936205    1.50389    1.15251  -0.190004         -0         -0         -0         -0         -0         -0         -0         -0         -0         -0         -0         -0         -0         -0         -0         -0         -0         -0         -0         -0         -0         -0         -0         -0         -0         -0         -0         -0         -0         -0
-0.939176   2.96548   1.59634   2.38765  0.783267 -0.594061  0.437579   2.70507    2.7304 -0.400663   1.70916   1.48307   1.30751 -0.394296 -0.143222   2.23304 -0.853998   1.20678  0.227389 0.0926637   2.30152  0.196656 -0.579403 -0.160108  0.354432   1.29278   0.74966 0.0946968 -0.977686   2.16888        -0        -0        -0        -0        -0        -0        -0        -0        -0        -0        -0        -0        -0        -0        -0        -0        -0        -0        -0        -0        -0        -0        -0        -0        -0        -0        -0        -0        -0        -0
   2.0311   1.28123   2.38765   0.62744 -0.894829   1.22587 -0.136262   1.28418  0.188428  0.286302   1.45054  0.587658   1.22385  0.873268 -0.172944    1.4348   2.44429   1.83853  0.155047   1.74464   1.97339   0.19836  0.733587   1.74667  0.415854   1.64332   1.55293  0.819456   2.06651   1.40944        -0        -0        -0        -0        -0        -0        -0        -0        -0        -0        -0        -0        -0        -0        -0        -0        -0        -0        -0        -0        -0        -0        -0        -0        -0        -0        -0        -0        -0        -0
 -0.282476    2.32142   0.783267  -0.894829 -0.0511364    1.30798    2.60336    1.47259    2.12606  -0.383698   0.277085   0.884579    1.49911  -0.630795    2.65638  -0.597898    1.45248    1.21642  -0.780485  -0.704313    1.09709   0.144434    1.18087  -0.981031    1.10954   0.726567    1.70712   0.056817    2.97196    2.87651         -0         -0         -0         -0         -0         -0         -0         -0         -0         -0         -0         -0         -0         -0         -0         -0         -0         -0         -0         -0         -0         -0         -0         -0         -0         -0         -0         -0         -0         -0
-0.557393   1.20281 -0.594061   1.22587   1.30798  0.354803   2.74556   2.30843   1.20299   2.72539   2.32546   2.76015 -0.807911   2.10481  0.225983   1.88942 -0.451897 -0.340735   2.44381  0.312179   2.59721   2.29374  0.565031   2.02077  0.373401 -0.597683   2.47623   2.80182 0.0791305   2.14085        -0        -0        -0        -0        -0        -0        -0        -0        -0        -0        -0        -0        -0        -0        -0        -0        -0        -0        -0        -0        -0        -0        -0        -0        -0        -0        -0        -0        -0        -0
-0.542202  0.377486  0.437579 -0.136262   2.60336   2.74556   1.21854   1.02974 -0.503143   2.48929   1.17594 -0.086877  0.983997   1.06536   2.93187   2.66078   1.33371   2.38663  0.814312   1.18845 -0.714432 -0.204433 0.0273286 -0.688299  -0.56338 -0.983275   1.95525  0.295683   1.86833   2.48857        -0        -0        -0        -0        -0        -0        -0        -0        -0        -0        -0        -0        -0        -0        -0        -0        -0        -0        -0        -0        -0        -0        -0        -0        -0        -0        -0        -0        -0        -0
  -0.1534  0.608851   2.70507   1.28418   1.47259   2.30843   1.02974 -0.308871  0.155793  0.113159 -0.233623 -0.939485   2.41223    1.3532  0.721735  -0.66603   1.11326 -0.449871   2.60615      1.11  -0.71447  0.430002   1.97644 0.0462975   1.42124   1.16319   1.72384 -0.987934  0.267648   1.74484        -0        -0        -0        -0        -0        -0        -0        -0        -0        -0        -0        -0        -0        -0        -0        -0        -0        -0        -0        -0        -0        -0        -0        -0        -0        -0        -0        -0        -0        -0
  0.483359  -0.158123     2.7304   0.188428    2.12606    1.20299  -0.503143   0.155793    1.89412  -0.118814  -0.561376  -0.473472  -0.747396    1.51704    2.57919  -0.388845  -0.117927    1.77253    2.99394 -0.0816745   0.707206    2.57927    1.99503   0.997207     1.4197    1.82356   0.639415    1.52566  0.0911967  -0.591506         -0         -0         -0         -0         -0         -0         -0         -0         -0         -0         -0         -0         -0         -0         -0         -0         -0         -0         -0         -0         -0         -0         -0         -0         -0         -0         -0         -0         -0         -0
   0.5559   2.42787 -0.400663  0.286302 -0.383698   2.72539   2.48929  0.113159 -0.118814   1.38341   2.05712  0.351747   1.51053   1.31796   1.44891   2.23997   1.94486 -0.731296 -0.413158   1.18238  0.203894   1.50277   -0.3934   2.30673   1.43383   1.43642  0.778806    1.9351  0.393989 -0.420235        -0        -0        -0        -0        -0        -0        -0        -0        -0        -0        -0        -0        -0        -0        -0        -0        -0        -0        -0        -0        -0        -0        -0        -0        -0        -0        -0        -0        -0        -0
 0.851206   2.99078   1.70916   1.45054  0.277085   2.32546   1.17594 -0.233623 -0.561376   2.05712   2.14979   2.11764 -0.236022 -0.136272 -0.960304   1.78288  0.353234   2.49499   2.87485   1.69684   1.46791    1.6339  0.479214  0.652898  0.727974 -0.402986  0.160268  0.790872 -0.797254 -0.861173        -0        -0        -0        -0        -0        -0        -0        -0        -0        -0        -0        -0        -0        -0        -0        -0        -0        -0        -0        -0        -0        -0        -0        -0        -0        -0        -0        -0        -0        -0
