60
1
60
   0.173168     0.12843    0.172209   0.0294551   0.0278422   0.0846084   0.0524355  -0.0298941  -0.0233307   -0.281486   -0.318375    0.189903  -0.0116399  0.00697428  -0.0747716    0.103992     0.13813   0.0552917   0.0961214  -0.0454789    0.017752   -0.109912   0.0803354   0.0302548    0.219959   -0.141271   -0.241967    0.100644   0.0991181    0.197907  0.00709062  -0.0714127    0.104326     0.11796   -0.189682  -0.0153946    0.124619  -0.0812503    0.117518  -0.0391454   -0.105561  -0.0267793  -0.0339386   -0.235885  -0.0916774  -0.0572467  -0.0280763    0.133782   0.0277545 -0.00868524   0.0591545   -0.179601   0.0792294   -0.264097   -0.146841  -0.0503744  -0.0230893   0.0383755  -0.0940286   -0.296938
-123.809 -61.2278  -64.854  -76.317 -61.0603 -69.0563 -61.6461 -42.2314 -77.4118 -66.6625 -53.8751 -74.7367 -71.7282 -63.1915 -67.7269 -71.5635 -87.7899  -44.305 -48.2317 -51.7465 -75.7066  -84.776 -71.0983 -52.0244 -65.3378 -55.1676 -67.9294 -51.7281 -51.2857 -52.6582 -80.4182 -42.0581 -57.1063 -61.6147 -71.6426 -60.7949 -52.1987 -69.2402  -57.259 -45.2205 -79.1658 -46.1068 -53.2835 -72.5354 -58.6103 -44.3676   -72.52 -57.2653  -78.327 -47.3782 -66.1753 -57.3598 -74.6983 -60.4974 -76.8407  -60.469   -53.66 -79.0117 -65.0538 -65.2951
-61.2278 -142.232 -78.8551 -78.9715 -65.9922 -75.2835 -69.5414 -68.7629 -78.5904 -87.6016 -70.7327 -78.6167 -68.3347  -78.799 -57.4242 -70.5305 -68.0729 -46.8397 -74.0166 -70.3942 -54.8941 -71.7009 -61.5534 -42.9039 -65.6844 -70.0365 -71.1829 -50.3278 -60.6409 -69.4412  -90.456  -78.314 -60.1686  -104.44 -73.9956 -86.8194 -55.0827 -66.6429 -73.8526  -56.379 -63.0971 -65.2513 -48.9808 -70.0238 -68.4586 -53.2468 -78.3327 -66.1758 -87.0649 -72.7541 -74.3856 -72.7568 -61.9978 -62.9161 -77.7831 -95.1166 -51.8532 -89.2215 -93.1204 -75.9025
 -64.854 -78.8551 -203.398 -88.6226 -73.7042  -87.485 -107.382 -52.7014 -52.7763 -69.3188 -78.8949 -80.8314 -69.6902  -94.811 -74.5525 -89.8325 -105.422 -51.6257 -88.7866 -72.6979 -71.5159 -74.6887 -81.7791 -78.3233 -84.2198 -65.1414  -94.472  -60.879 -72.0977 -56.2736 -129.386 -81.1587 -52.3347 -106.322 -97.3668 -82.7065 -62.2103 -87.2241 -82.9264 -69.0824 -92.7036 -47.4327 -80.2719 -93.6912 -88.7652 -88.1665 -78.4721 -104.554 -110.485  -63.585 -91.8118 -78.5933 -86.6131 -98.7424  -88.108 -94.1444 -62.1346 -80.1607  -83.067 -65.3176
 -76.317 -78.9715 -88.6226 -170.113 -50.6949 -86.0633 -80.7942 -59.6874 -84.2031 -66.4982 -56.9167 -65.2679 -63.2872 -83.0589 -71.6935 -83.9039  -94.887 -73.0778 -86.2491 -73.8074   -69.27 -79.2672 -74.8727  -50.924 -90.7817  -46.392 -92.7391 -58.5608 -64.7849 -58.1874 -88.9441 -58.8815 -60.6221 -86.6651 -89.5271 -74.2899 -51.5234 -77.1518 -74.4796   -75.48 -83.4306 -67.4951 -57.2815 -103.789 -78.7073 -73.7108 -81.3947 -73.9417 -96.9537 -77.8612 -66.6175 -95.1526 -90.4129 -88.1012  -85.201 -84.2555 -59.3932 -86.6718 -79.5404 -67.8892
-61.0603 -65.9922 -73.7042 -50.6949 -126.888 -46.5281 -54.6842 -44.8573 -47.1234 -41.2261 -50.7567 -64.0185 -62.9191 -51.9633 -40.9221  -63.567  -58.021 -34.1286 -49.3915 -38.7809 -80.2407 -70.3995 -48.7714 -58.9841 -38.9278 -50.6696 -68.9113 -42.2835  -23.511 -52.4047 -63.6589  -56.499 -60.5857 -56.3188 -48.2632 -56.0913 -69.4172  -33.509 -38.1106 -54.9969 -50.4795 -16.5377 -41.1926 -30.1137  -52.219 -52.9751 -58.5527 -55.6556 -72.5854  -37.993 -62.6159 -60.0542 -40.3214 -71.0777 -53.7238 -62.0906 -35.3837 -40.2706 -46.1969 -36.0159
-69.0563 -75.2835  -87.485 -86.0633 -46.5281 -158.741 -91.8003 -40.4392 -63.3175 -73.2062 -68.3326  -70.338 -72.6614 -61.8261 -67.1407 -71.6509 -81.0119 -70.1628 -62.7879 -46.4506  -70.348 -83.0703 -65.2536 -54.9273 -70.0622 -35.6839 -95.9084 -51.2047  -31.393 -85.6346 -102.454 -50.0324 -47.2514 -71.7238 -80.5785 -67.9756 -59.8582 -52.1979 -68.0148  -51.127 -70.3848 -56.9741 -65.0642 -85.3005 -48.4009 -72.1928 -82.7637 -60.1133 -97.6346 -53.7116 -80.9445 -78.6054 -76.9569 -75.1908 -69.2415 -63.2085   -52.93 -77.2116 -75.8472 -53.7482
-61.6461 -69.5414 -107.382 -80.7942 -54.6842 -91.8003 -166.576 -41.5803  -57.655  -57.379 -63.7101 -74.5062 -42.4609 -64.9462 -60.6234 -62.9813 -52.1292 -47.2229 -59.0761 -63.2631 -62.5984 -63.0745 -77.1367 -56.4758 -76.5743 -37.2263 -85.7685  -69.472 -39.9107 -65.2107  -97.588 -41.1594 -29.5984 -94.8874 -81.3628 -62.8922 -66.0239 -65.7057 -62.5054 -59.3544 -60.3951   -37.13 -38.4775 -83.7987 -74.3448 -48.6165 -94.4727  -67.315 -81.3747 -33.3356 -68.3279 -72.6193 -61.8337 -80.2857 -81.7676 -54.5964 -68.0163 -57.5978 -70.9961 -54.2814
-42.2314 -68.7629 -52.7014 -59.6874 -44.8573 -40.4392 -41.5803 -126.824 -59.4559 -49.9954  -37.978 -44.2025 -27.9764 -63.4056 -70.9644 -66.3232 -44.3249  -51.801 -56.5419 -50.2252 -40.3371 -77.7931 -38.6773 -44.0861 -47.1619 -43.2673 -51.6413 -59.7237 -46.9544 -44.0539 -65.6735 -55.3769 -49.5741 -57.3535 -54.8596 -46.3537 -41.5415 -35.3953  -62.928 -22.4155 -51.2932 -43.7125 -43.3483 -40.7383 -37.5475 -33.3705 -43.4888 -44.7688 -44.7115 -45.3869 -44.5708 -49.2196 -44.2612  -55.169 -72.4385 -57.3186 -33.7553 -63.3741 -66.1849 -34.1784
-77.4118 -78.5904 -52.7763 -84.2031 -47.1234 -63.3175  -57.655 -59.4559 -149.194 -61.6469 -55.5019 -47.8261 -51.4629 -81.6547 -60.4266 -55.2791 -78.9563 -47.8211 -53.4283  -59.845 -66.0606 -58.9317 -53.5011 -36.2344 -66.6189 -62.5847 -59.0606 -43.1681  -43.281 -44.6791 -59.4634 -48.9209 -37.0104  -68.933 -66.4591 -45.0147 -42.6615 -76.2276 -65.4858 -41.3486  -71.967 -38.8573  -50.174 -53.1541 -54.1951 -51.0389 -77.3124 -63.4984 -72.1689 -65.2404 -64.9747 -65.3675 -52.6935 -61.5692  -81.841 -76.1726 -45.4468 -78.5227 -70.3272 -66.0539
-66.6625 -87.6016 -69.3188 -66.4982 -41.2261 -73.2062  -57.379 -49.9954 -61.6469 -128.026  -46.527 -57.9584 -63.4046 -63.3433 -51.1484 -64.8522 -67.7526 -32.7885 -55.6454 -47.5974 -46.7909 -65.1859  -52.514 -31.2438 -61.6595 -46.8936 -43.2405  -46.496 -36.2418 -65.7915 -96.7217 -55.8602 -48.1827 -85.8523 -74.6271 -51.2354 -53.6431 -49.1353 -55.1331 -56.8922 -67.9203 -44.6849 -40.2461 -73.4769 -40.1632 -34.0701 -54.3565 -45.9258  -77.057 -50.0682 -48.7641 -70.4661 -53.4072 -58.9357 -55.8917 -73.1331 -42.6875  -88.867 -73.7086 -65.3756
-53.8751 -70.7327 -78.8949 -56.9167 -50.7567 -68.3326 -63.7101  -37.978 -55.5019  -46.527 -137.241 -57.3055 -55.9385 -50.3907 -51.6302 -44.9198 -40.0783 -47.0545 -49.7765 -31.1578 -60.2727 -53.1348 -53.0456 -52.2544 -56.6292  -44.149 -88.5693 -60.2172 -57.8781 -74.8447 -75.2119  -42.777 -44.4693 -97.6661 -68.3949 -59.8073 -47.4953 -34.3471 -38.5814 -24.5087 -77.2131 -24.8911 -34.5843 -63.8452 -48.3162 -53.3274 -73.8409 -69.9154 -74.6075 -45.3961 -52.6257   -63.67 -33.2629 -55.3456 -56.1827 -66.5826 -26.7326 -55.6058 -36.2515  -55.356
-74.7367 -78.6167 -80.8314 -65.2679 -64.0185  -70.338 -74.5062 -44.2025 -47.8261 -57.9584 -57.3055 -137.244 -73.7771 -74.4507 -52.2847 -71.2677 -66.4833 -58.7373 -63.1875 -64.9713 -65.3575 -85.1843 -70.7821 -33.4017 -69.3094 -54.7493 -88.1824 -40.2141  -51.341 -60.5557 -76.7392 -60.8884 -47.3117 -79.6569 -87.1978 -68.6483 -47.5121 -68.1862 -65.9285 -67.6028 -68.0702 -39.2353 -49.2299 -52.9656  -69.173 -41.3841 -55.1424 -58.3249 -85.2325 -59.0767 -58.2895 -57.5001 -64.4606 -57.3319 -87.3724 -77.5961  -59.746 -65.7729 -74.6569 -57.6934
-71.7282 -68.3347 -69.6902 -63.2872 -62.9191 -72.6614 -42.4609 -27.9764 -51.4629 -63.4046 -55.9385 -73.7771 -126.384 -70.8941 -39.1319 -47.7012 -76.3456  -38.271 -51.2355 -48.4848 -75.7063  -59.709 -51.3389  -45.857 -57.0149 -47.9366 -50.3056  -34.864 -38.3143 -48.7131 -80.9648 -47.5666 -58.7888 -62.9849 -67.3739 -63.9113 -59.0788   -51.06 -51.8435  -50.635 -82.2723 -35.5733 -38.2935 -71.7017 -53.0937  -41.296 -41.9619 -79.3852 -83.8683 -30.9244 -53.0152 -67.6085 -51.5231 -44.0537 -55.8957 -69.6364 -32.0998 -60.7882 -56.4701 -66.6112
-63.1915  -78.799  -94.811 -83.0589 -51.9633 -61.8261 -64.9462 -63.4056 -81.6547 -63.3433 -50.3907 -74.4507 -70.8941 -145.262 -54.4437 -62.5038 -92.5694 -51.0506 -61.3925 -81.9347 -71.8215 -76.4631 -76.4855 -51.7181 -75.9784 -71.2754 -85.0706 -51.4963 -54.4336 -40.0233 -78.7203  -47.166 -74.3901 -70.0114 -88.0395 -67.1599  -55.348 -73.1468 -83.6969 -49.1276 -76.7855 -53.1505 -33.6015 -87.3035 -46.6354 -67.9551 -73.4284 -91.3743 -82.3037 -60.3523 -73.5691 -55.8596 -83.7502 -74.7805 -73.8083  -85.406 -50.3469 -81.9564 -59.1181 -59.3326
-67.7269 -57.4242 -74.5525 -71.6935 -40.9221 -67.1407 -60.6234 -70.9644 -60.4266 -51.1484 -51.6302 -52.2847 -39.1319 -54.4437 -150.053 -66.3828 -61.4054 -61.5112 -41.7456 -41.6942 -56.0837 -73.4518 -58.0791 -61.9226 -63.3877  -54.118  -69.482 -44.8469 -48.1767 -43.0891 -92.7287 -57.6507 -52.8585 -70.5631 -56.7818 -54.2079 -57.4459 -65.2271 -55.3272 -51.2916 -53.7379 -55.5259 -57.6089 -61.0429 -51.3308 -54.9069 -64.5336 -70.4654  -54.027 -63.0087  -63.553 -56.8238 -68.0405  -53.287 -57.9201 -69.2629 -55.2587 -56.0785 -77.3179 -41.2745
-71.5635 -70.5305 -89.8325 -83.9039  -63.567 -71.6509 -62.9813 -66.3232 -55.2791 -64.8522 -44.9198 -71.2677 -47.7012 -62.5038 -66.3828 -147.449 -73.9703 -54.3383 -71.9173 -74.6091 -37.1247 -105.519 -53.7415 -40.9706 -44.2402 -39.7189 -90.0529 -59.5792  -39.911 -40.1977 -84.8193 -60.7719  -60.653  -65.064 -87.3681 -81.2257 -56.3586 -66.5305 -66.0056  -58.491 -74.5827 -53.5828 -61.0934  -54.499 -61.0305 -64.6992 -60.1786 -51.1797  -75.452 -73.9796  -56.237 -49.3995 -70.1838 -71.0137 -67.7747 -78.3813 -37.4307 -75.9116  -70.933 -36.5117
-87.7899 -68.0729 -105.422  -94.887  -58.021 -81.0119 -52.1292 -44.3249 -78.9563 -67.7526 -40.0783 -66.4833 -76.3456 -92.5694 -61.4054 -73.9703 -145.593 -55.7205 -67.2585 -66.4676 -76.8278 -60.1992 -76.8884 -67.5437 -72.3116 -55.7695 -70.4013  -48.411 -56.3845  -48.655 -98.6067 -58.2518 -55.3428 -58.9048 -85.0909 -61.4838 -40.6491 -73.1977 -76.8918 -60.8463 -76.5875 -51.8104 -73.2975 -84.4363  -60.774 -74.1946 -59.5144 -73.1582 -90.9919 -68.6787  -72.363   -64.94 -83.9746 -70.5889  -67.746 -84.0574  -47.761 -86.2864  -70.514 -70.3577
 -44.305 -46.8397 -51.6257 -73.0778 -34.1286 -70.1628 -47.2229  -51.801 -47.8211 -32.7885 -47.0545 -58.7373  -38.271 -51.0506 -61.5112 -54.3383 -55.7205 -142.161 -42.4112  -36.093 -42.8582   -58.02 -54.6514 -52.2642 -34.3396 -28.9904 -67.5225  -40.032 -41.7721 -47.0672 -57.7502 -56.7203 -44.9127 -45.7761 -63.6392 -44.3666 -40.1336 -46.4982 -51.9467 -31.3008 -39.3781 -43.4739 -53.3638  -48.644 -32.1556 -54.2737 -63.1833  -52.625 -74.2966 -52.4643 -61.4996 -58.6198 -41.4296 -60.9629 -48.2941 -43.1763 -53.4483 -52.4087 -48.7204 -28.8329
-48.2317 -74.0166 -88.7866 -86.2491 -49.3915 -62.7879 -59.0761 -56.5419 -53.4283 -55.6454 -49.7765 -63.1875 -51.2355 -61.3925 -41.7456 -71.9173 -67.2585 -42.4112 -125.966 -57.1612 -58.0397 -55.1816 -54.3245 -43.7986 -46.3558 -35.8078 -58.0695 -34.4214 -58.5888 -38.5568  -74.393 -61.6382  -40.977 -57.7923 -86.5129 -66.1783 -40.6162  -55.498 -66.2135 -47.1187 -64.1056 -45.5487 -52.3772 -54.6635 -70.9189 -54.2029 -29.5276 -66.2586 -69.0372 -44.2852 -40.6386 -59.1342 -55.5988 -58.8902 -71.9666 -74.8769 -24.3354 -59.3846 -73.2176 -49.0023
-51.7465 -70.3942 -72.6979 -73.8074 -38.7809 -46.4506 -63.2631 -50.2252  -59.845 -47.5974 -31.1578 -64.9713 -48.4848 -81.9347 -41.6942 -74.6091 -66.4676  -36.093 -57.1612 -118.928 -35.3231  -60.313 -54.3567 -30.6157 -56.8971 -54.8592 -72.1964 -52.9942 -32.4044  -36.092 -44.8913 -42.7608 -35.2971 -47.6895 -79.3264 -58.6343 -28.7528 -69.6248 -55.3093 -61.1468 -60.1451 -64.0485 -34.0915 -70.4046 -49.5668 -40.5198 -57.7078 -69.6811 -69.3507 -52.8119  -51.929 -42.2214 -65.0997 -48.5413 -68.2538 -74.2821 -52.9246 -58.5476  -65.493 -44.3843
-75.7066 -54.8941 -71.5159   -69.27 -80.2407  -70.348 -62.5984 -40.3371 -66.0606 -46.7909 -60.2727 -65.3575 -75.7063 -71.8215 -56.0837 -37.1247 -76.8278 -42.8582 -58.0397 -35.3231 -154.609  -56.248 -56.3753 -65.9255 -56.7013 -45.1528  -59.969 -33.9316 -30.2922 -46.3929 -77.5975 -30.6262 -50.7963 -50.9548 -45.4437 -49.0999 -58.9819  -45.288 -48.7808  -40.289 -65.6278 -19.2573 -42.8461 -63.4322 -44.1823  -65.261 -59.8264 -82.8538 -92.1227 -41.4647 -85.1771  -73.125 -44.3449 -62.6689 -46.6999   -58.74  -29.713 -38.1206 -60.0744 -62.2096
 -84.776 -71.7009 -74.6887 -79.2672 -70.3995 -83.0703 -63.0745 -77.7931 -58.9317 -65.1859 -53.1348 -85.1843  -59.709 -76.4631 -73.4518 -105.519 -60.1992   -58.02 -55.1816  -60.313  -56.248 -161.979 -76.2125  -37.097 -66.2478 -48.9847 -104.556 -50.9418 -30.1178 -63.0011 -80.0762 -55.4832 -66.2893 -64.3153 -77.0297 -65.5575 -72.6616 -65.1407 -69.0024 -50.3402 -79.8414 -52.9334 -60.5986 -70.2013 -48.2437 -65.1422 -64.8218 -65.9961 -80.6523 -68.4464 -71.4313 -47.8714 -91.6605 -64.2236 -74.4221 -80.5183 -62.7464 -68.4376 -86.5966 -61.6269
-71.0983 -61.5534 -81.7791 -74.8727 -48.7714 -65.2536 -77.1367 -38.6773 -53.5011  -52.514 -53.0456 -70.7821 -51.3389 -76.4855 -58.0791 -53.7415 -76.8884 -54.6514 -54.3245 -54.3567 -56.3753 -76.2125 -144.948 -51.1541 -62.0013 -56.9096 -65.9419 -36.9829  -54.432 -42.4377 -73.6157 -36.3566 -47.8634 -61.0657 -68.8123 -65.3598 -51.4916 -69.4453 -70.1006  -39.997 -69.1903 -55.1935 -54.1877  -72.554  -51.141 -58.4689 -76.0448 -62.0135 -75.3909 -40.3241 -69.7437 -49.1145  -76.191 -62.4479 -59.4318 -66.1726 -57.6696 -65.0329 -71.3486 -62.2735
-52.0244 -42.9039 -78.3233  -50.924 -58.9841 -54.9273 -56.4758 -44.0861 -36.2344 -31.2438 -52.2544 -33.4017  -45.857 -51.7181 -61.9226 -40.9706 -67.5437 -52.2642 -43.7986 -30.6157 -65.9255  -37.097 -51.1541 -128.116 -52.3221 -47.0547 -45.8659 -62.5956 -50.8474 -47.5503 -76.9611 -53.4284 -43.5273 -53.3416 -37.4913 -39.9128 -36.1133  -27.634 -34.4464 -34.4739 -70.2758 -28.1591 -44.3273 -66.6409 -66.2536 -44.6512 -63.2749  -56.773 -63.8539 -29.2494 -59.7352 -66.5783 -54.0344  -67.877 -42.1165 -48.5541 -49.1494 -41.1971  -22.835 -27.5032
-65.3378 -65.6844 -84.2198 -90.7817 -38.9278 -70.0622 -76.5743 -47.1619 -66.6189 -61.6595 -56.6292 -69.3094 -57.0149 -75.9784 -63.3877 -44.2402 -72.3116 -34.3396 -46.3558 -56.8971 -56.7013 -66.2478 -62.0013 -52.3221  -143.99 -61.0812 -68.8741 -63.8408   -56.07 -58.1618 -76.4151 -50.6377 -55.8269 -79.2897 -68.7294 -73.8816 -37.1242 -70.1885  -43.067 -52.0158 -58.6292 -63.6564   -29.17 -92.6494 -65.7762 -38.1575 -72.7823 -52.7264 -85.9535 -48.3014 -54.8829 -69.7955 -71.8464 -59.7079  -69.254 -76.2174 -79.7666 -61.5983  -54.481 -55.6301
-55.1676 -70.0365 -65.1414  -46.392 -50.6696 -35.6839 -37.2263 -43.2673 -62.5847 -46.8936  -44.149 -54.7493 -47.9366 -71.2754  -54.118 -39.7189 -55.7695 -28.9904 -35.8078 -54.8592 -45.1528 -48.9847 -56.9096 -47.0547 -61.0812 -116.827 -47.6483  -41.522 -39.5543 -33.7563 -48.7302 -48.0198 -52.4686 -63.4707 -50.3719 -52.6863 -41.5059 -56.5854 -52.7827 -40.0603 -46.5273 -45.3761 -39.3606 -58.3792 -50.7913 -29.8139 -63.4835 -54.4286 -64.5764 -45.1341 -51.1689 -52.9535 -52.4452   -57.21 -62.7047 -75.7376 -51.1193 -61.2311 -57.2996 -48.1123
-67.9294 -71.1829  -94.472 -92.7391 -68.9113 -95.9084 -85.7685 -51.6413 -59.0606 -43.2405 -88.5693 -88.1824 -50.3056 -85.0706  -69.482 -90.0529 -70.4013 -67.5225 -58.0695 -72.1964  -59.969 -104.556 -65.9419 -45.8659 -68.8741 -47.6483 -173.669 -69.6467  -37.158 -74.4319  -88.476 -63.5417 -58.8783 -75.6275 -97.6818 -68.2453  -65.131 -59.9102 -74.4976 -61.1674 -77.7857 -55.3986 -51.8543 -73.7988 -63.9826 -87.8591  -103.23 -89.3901 -88.2492 -65.2234 -87.6693 -64.7223  -89.855 -69.8301 -75.9413 -83.2772 -61.9643 -61.7085 -81.6765 -50.2955
-51.7281 -50.3278  -60.879 -58.5608 -42.2835 -51.2047  -69.472 -59.7237 -43.1681  -46.496 -60.2172 -40.2141  -34.864 -51.4963 -44.8469 -59.5792  -48.411  -40.032 -34.4214 -52.9942 -33.9316 -50.9418 -36.9829 -62.5956 -63.8408  -41.522 -69.6467 -120.396 -36.7576 -56.0114 -68.1649 -40.8264 -36.1452 -65.1164 -70.3184  -34.443 -31.8694 -33.3347 -41.0669  -34.284 -59.4095 -41.7283 -23.3721  -63.938 -57.2613  -22.367 -76.3484 -42.9032 -46.0791  -30.683  -45.127  -68.409 -45.2292 -58.5502 -51.1069 -41.2932 -52.1296  -49.971 -25.6325 -31.0328
-51.2857 -60.6409 -72.0977 -64.7849  -23.511  -31.393 -39.9107 -46.9544  -43.281 -36.2418 -57.8781  -51.341 -38.3143 -54.4336 -48.1767  -39.911 -56.3845 -41.7721 -58.5888 -32.4044 -30.2922 -30.1178  -54.432 -50.8474   -56.07 -39.5543  -37.158 -36.7576  -119.39 -40.6552 -59.1464 -46.2287 -47.5645 -66.9538 -58.7809 -67.6018 -18.8762 -55.7399 -55.8697 -40.0685 -64.2275 -36.6538 -30.9517 -56.8949    -62.2 -29.4284 -46.8612 -52.4649 -59.0686 -42.6991 -41.0978 -38.3092 -59.3373 -58.2066 -60.4817 -63.8852 -31.3134 -57.2532 -38.0174 -45.7157
-52.6582 -69.4412 -56.2736 -58.1874 -52.4047 -85.6346 -65.2107 -44.0539 -44.6791 -65.7915 -74.8447 -60.5557 -48.7131 -40.0233 -43.0891 -40.1977  -48.655 -47.0672 -38.5568  -36.092 -46.3929 -63.0011 -42.4377 -47.5503 -58.1618 -33.7563 -74.4319 -56.0114 -40.6552 -132.028 -84.0457 -47.7079 -34.5235 -80.6085 -67.6133 -41.2595 -46.8187 -34.5332 -42.6491 -49.7584 -57.1933 -36.6876  -39.424 -58.2008 -44.3083 -36.7632 -74.0793 -55.8693 -74.7291 -61.6339 -52.9226 -64.0342 -62.0745 -74.9802 -56.2075 -57.6524 -36.0786 -56.2066 -53.3334 -64.0438
-80.4182  -90.456 -129.386 -88.9441 -63.6589 -102.454  -97.588 -65.6735 -59.4634 -96.7217 -75.2119 -76.7392 -80.9648 -78.7203 -92.7287 -84.8193 -98.6067 -57.7502  -74.393 -44.8913 -77.5975 -80.0762 -73.6157 -76.9611 -76.4151 -48.7302  -88.476 -68.1649 -59.1464 -84.0457 -190.901 -93.3195 -58.8929 -125.103 -72.7916 -77.5377 -75.7189 -72.6856 -79.3856 -49.7157 -85.4531 -52.1252 -62.8937 -84.3555 -74.7205 -73.1945 -82.5593 -101.907 -89.0124 -66.4142 -68.5863 -97.5632 -94.2316  -82.016 -79.2017 -80.4135  -60.047 -102.176 -101.026 -74.3924
-42.0581  -78.314 -81.1587 -58.8815  -56.499 -50.0324 -41.1594 -55.3769 -48.9209 -55.8602  -42.777 -60.8884 -47.5666  -47.166 -57.6507 -60.7719 -58.2518 -56.7203 -61.6382 -42.7608 -30.6262 -55.4832 -36.3566 -53.4284 -50.6377 -48.0198 -63.5417 -40.8264 -46.2287 -47.7079 -93.3195 -123.308  -28.471 -77.2842 -46.4891 -62.0408 -53.5716 -45.3787 -54.8298 -45.9586 -54.3264 -42.7975 -42.4757 -51.9128 -63.1044 -41.1551 -64.4544 -61.1353 -60.9085  -43.579 -48.3506 -64.2369 -66.6682 -54.0434 -63.8759 -80.6004 -49.9532 -57.1554 -74.7211 -32.1794
-57.1063 -60.1686 -52.3347 -60.6221 -60.5857 -47.2514 -29.5984 -49.5741 -37.0104 -48.1827 -44.4693 -47.3117 -58.7888 -74.3901 -52.8585  -60.653 -55.3428 -44.9127  -40.977 -35.2971 -50.7963 -66.2893 -47.8634 -43.5273 -55.8269 -52.4686 -58.8783 -36.1452 -47.5645 -34.5235 -58.8929  -28.471 -111.081 -52.4473 -62.2429 -68.6121    -47.7 -39.3676 -42.3047 -24.6474   -37.09  -44.562 -19.6946 -52.7419 -41.3009  -43.393 -50.0607 -48.3712 -64.3209 -53.9095 -43.1971 -35.9278  -51.543  -53.178 -40.7801 -45.7403 -26.5872  -57.426  -42.836 -37.1447
-61.6147  -104.44 -106.322 -86.6651 -56.3188 -71.7238 -94.8874 -57.3535  -68.933 -85.8523 -97.6661 -79.6569 -62.9849 -70.0114 -70.5631  -65.064 -58.9048 -45.7761 -57.7923 -47.6895 -50.9548 -64.3153 -61.0657 -53.3416 -79.2897 -63.4707 -75.6275 -65.1164 -66.9538 -80.6085 -125.103 -77.2842 -52.4473  -166.97 -62.6868 -70.4749 -59.3212 -55.5494 -68.2644 -59.3503 -83.7099 -32.9254 -31.4331 -82.0841  -75.867 -57.4546 -78.0997 -74.9622 -81.3804 -69.9103 -54.9351  -91.999 -71.7558 -82.3603 -87.5691 -81.5752 -60.2682 -80.2542 -75.5773 -65.8088
-71.6426 -73.9956 -97.3668 -89.5271 -48.2632 -80.5785 -81.3628 -54.8596 -66.4591 -74.6271 -68.3949 -87.1978 -67.3739 -88.0395 -56.7818 -87.3681 -85.0909 -63.6392 -86.5129 -79.3264 -45.4437 -77.0297 -68.8123 -37.4913 -68.7294 -50.3719 -97.6818 -70.3184 -58.7809 -67.6133 -72.7916 -46.4891 -62.2429 -62.6868 -167.328 -63.2747 -61.3205  -85.356 -78.9914 -68.2995 -77.3615 -61.8463 -62.1425 -70.3645 -68.1678 -57.4313 -79.2173 -83.1721  -93.749 -53.5403 -54.8822 -57.1539 -63.6429  -72.812 -80.0828 -81.7824 -50.3774 -85.7148 -66.1355  -62.207
-60.7949 -86.8194 -82.7065 -74.2899 -56.0913 -67.9756 -62.8922 -46.3537 -45.0147 -51.2354 -59.8073 -68.6483 -63.9113 -67.1599 -54.2079 -81.2257 -61.4838 -44.3666 -66.1783 -58.6343 -49.0999 -65.5575 -65.3598 -39.9128 -73.8816 -52.6863 -68.2453  -34.443 -67.6018 -41.2595 -77.5377 -62.0408 -68.6121 -70.4749 -63.2747 -155.044 -58.7736 -52.4889  -41.386 -29.1833  -54.505 -69.6543 -25.3053  -65.083 -66.4454 -62.8855 -74.8071 -53.8429 -98.1624 -55.7374 -59.0306 -48.3456 -85.4843 -50.8053 -69.7863  -81.013 -43.2125 -50.6979 -70.7278 -30.4152
-52.1987 -55.0827 -62.2103 -51.5234 -69.4172 -59.8582 -66.0239 -41.5415 -42.6615 -53.6431 -47.4953 -47.5121 -59.0788  -55.348 -57.4459 -56.3586 -40.6491 -40.1336 -40.6162 -28.7528 -58.9819 -72.6616 -51.4916 -36.1133 -37.1242 -41.5059  -65.131 -31.8694 -18.8762 -46.8187 -75.7189 -53.5716    -47.7 -59.3212 -61.3205 -58.7736 -120.279 -47.2434 -52.8913  -38.869 -39.8625 -23.6167  -33.712 -51.7584 -35.3201 -55.3661 -55.7724   -68.37 -59.4667 -26.7871 -53.8279 -59.4576 -44.3973 -68.1965 -44.7763 -58.4815 -32.3846 -35.7007 -61.6063 -34.1903
-69.2402 -66.6429 -87.2241 -77.1518  -33.509 -52.1979 -65.7057 -35.3953 -76.2276 -49.1353 -34.3471 -68.1862   -51.06 -73.1468 -65.2271 -66.5305 -73.1977 -46.4982  -55.498 -69.6248  -45.288 -65.1407 -69.4453  -27.634 -70.1885 -56.5854 -59.9102 -33.3347 -55.7399 -34.5332 -72.6856 -45.3787 -39.3676 -55.5494  -85.356 -52.4889 -47.2434  -144.83 -71.7271 -60.9015 -48.5307 -49.0642 -54.9713 -58.4334 -59.4017 -42.8418 -46.0263 -83.0002 -78.6793 -63.9457 -56.9082 -53.1769 -62.0317 -47.1075 -70.7148 -73.9092  -51.442 -71.0322 -73.1577 -66.1409
 -57.259 -73.8526 -82.9264 -74.4796 -38.1106 -68.0148 -62.5054  -62.928 -65.4858 -55.1331 -38.5814 -65.9285 -51.8435 -83.6969 -55.3272 -66.0056 -76.8918 -51.9467 -66.2135 -55.3093 -48.7808 -69.0024 -70.1006 -34.4464  -43.067 -52.7827 -74.4976 -41.0669 -55.8697 -42.6491 -79.3856 -54.8298 -42.3047 -68.2644 -78.9914  -41.386 -52.8913 -71.7271 -120.152 -52.3428  -69.904 -36.6155 -53.7753  -57.973 -45.8741 -56.6664 -55.8685 -71.8934 -64.9792 -52.9646 -71.9916  -55.155 -63.6781 -64.0907 -73.1189 -68.4889 -35.5292 -72.7592 -90.2966 -55.4743
-45.2205  -56.379 -69.0824   -75.48 -54.9969  -51.127 -59.3544 -22.4155 -41.3486 -56.8922 -24.5087 -67.6028  -50.635 -49.1276 -51.2916  -58.491 -60.8463 -31.3008 -47.1187 -61.1468  -40.289 -50.3402  -39.997 -34.4739 -52.0158 -40.0603 -61.1674  -34.284 -40.0685 -49.7584 -49.7157 -45.9586 -24.6474 -59.3503 -68.2995 -29.1833  -38.869 -60.9015 -52.3428 -108.201 -54.9277 -32.0526 -42.0319 -55.6146 -51.4423 -37.9168 -37.0112 -51.3821 -67.4383 -45.0289 -51.3851 -58.0603  -51.975 -62.8439  -53.993 -72.2126 -49.4545 -45.0317 -52.7327 -46.3646
-79.1658 -63.0971 -92.7036 -83.4306 -50.4795 -70.3848 -60.3951 -51.2932  -71.967 -67.9203 -77.2131 -68.0702 -82.2723 -76.7855 -53.7379 -74.5827 -76.5875 -39.3781 -64.1056 -60.1451 -65.6278 -79.8414 -69.1903 -70.2758 -58.6292 -46.5273 -77.7857 -59.4095 -64.2275 -57.1933 -85.4531 -54.3264   -37.09 -83.7099 -77.3615  -54.505 -39.8625 -48.5307  -69.904 -54.9277 -150.551 -30.9304 -59.3184 -81.2783 -63.1495 -49.3348 -71.5562 -84.7636 -93.1277 -31.0241 -66.7507 -78.1985 -80.8731 -67.1373 -73.7826 -81.1105 -42.8688 -72.7942 -51.8676  -59.261
-46.1068 -65.2513 -47.4327 -67.4951 -16.5377 -56.9741   -37.13 -43.7125 -38.8573 -44.6849 -24.8911 -39.2353 -35.5733 -53.1505 -55.5259 -53.5828 -51.8104 -43.4739 -45.5487 -64.0485 -19.2573 -52.9334 -55.1935 -28.1591 -63.6564 -45.3761 -55.3986 -41.7283 -36.6538 -36.6876 -52.1252 -42.7975  -44.562 -32.9254 -61.8463 -69.6543 -23.6167 -49.0642 -36.6155 -32.0526 -30.9304 -107.913 -30.2366 -71.0035 -51.4598  -25.802 -70.2699 -33.1784 -53.1221 -38.6775 -45.8983 -36.9283 -59.7702 -30.3436 -47.1534  -51.513 -52.4995 -55.8321 -65.0486 -41.3443
-53.2835 -48.9808 -80.2719 -57.2815 -41.1926 -65.0642 -38.4775 -43.3483  -50.174 -40.2461 -34.5843 -49.2299 -38.2935 -33.6015 -57.6089 -61.0934 -73.2975 -53.3638 -52.3772 -34.0915 -42.8461 -60.5986 -54.1877 -44.3273   -29.17 -39.3606 -51.8543 -23.3721 -30.9517  -39.424 -62.8937 -42.4757 -19.6946 -31.4331 -62.1425 -25.3053  -33.712 -54.9713 -53.7753 -42.0319 -59.3184 -30.2366 -112.514 -35.9596 -42.9228 -54.6839 -34.3302 -53.3436 -66.1627 -45.9994 -66.9007 -48.1983 -43.1645  -63.757 -49.6092 -60.6927 -32.9686  -59.635 -59.5011 -58.6917
-72.5354 -70.0238 -93.6912 -103.789 -30.1137 -85.3005 -83.7987 -40.7383 -53.1541 -73.4769 -63.8452 -52.9656 -71.7017 -87.3035 -61.0429  -54.499 -84.4363  -48.644 -54.6635 -70.4046 -63.4322 -70.2013  -72.554 -66.6409 -92.6494 -58.3792 -73.7988  -63.938 -56.8949 -58.2008 -84.3555 -51.9128 -52.7419 -82.0841 -70.3645  -65.083 -51.7584 -58.4334  -57.973 -55.6146 -81.2783 -71.0035 -35.9596 -149.921 -68.2864 -47.5538 -76.7644  -81.449 -89.3973 -50.0323 -66.4142   -73.15 -90.4272 -67.4523 -52.1075 -79.3428 -61.4777 -73.0255 -60.8165 -67.6614
-58.6103 -68.4586 -88.7652 -78.7073  -52.219 -48.4009 -74.3448 -37.5475 -54.1951 -40.1632 -48.3162  -69.173 -53.0937 -46.6354 -51.3308 -61.0305  -60.774 -32.1556 -70.9189 -49.5668 -44.1823 -48.2437  -51.141 -66.2536 -65.7762 -50.7913 -63.9826 -57.2613    -62.2 -44.3083 -74.7205 -63.1044 -41.3009  -75.867 -68.1678 -66.4454 -35.3201 -59.4017 -45.8741 -51.4423 -63.1495 -51.4598 -42.9228 -68.2864 -131.536 -39.6939 -58.9713 -55.7041 -70.2075 -62.8736 -48.0251 -69.7705 -55.8347 -55.2592   -75.91 -59.0886  -47.803 -50.9944 -66.0896 -46.1929
-44.3676 -53.2468 -88.1665 -73.7108 -52.9751 -72.1928 -48.6165 -33.3705 -51.0389 -34.0701 -53.3274 -41.3841  -41.296 -67.9551 -54.9069 -64.6992 -74.1946 -54.2737 -54.2029 -40.5198  -65.261 -65.1422 -58.4689 -44.6512 -38.1575 -29.8139 -87.8591  -22.367 -29.4284 -36.7632 -73.1945 -41.1551  -43.393 -57.4546 -57.4313 -62.8855 -55.3661 -42.8418 -56.6664 -37.9168 -49.3348  -25.802 -54.6839 -47.5538 -39.6939 -124.977 -53.9708 -78.3827 -80.4722 -64.9174 -70.1262 -43.9283 -67.4536 -59.0586 -44.1932 -72.2855  -33.965 -39.7716 -57.4737 -31.2594
  -72.52 -78.3327 -78.4721 -81.3947 -58.5527 -82.7637 -94.4727 -43.4888 -77.3124 -54.3565 -73.8409 -55.1424 -41.9619 -73.4284 -64.5336 -60.1786 -59.5144 -63.1833 -29.5276 -57.7078 -59.8264 -64.8218 -76.0448 -63.2749 -72.7823 -63.4835  -103.23 -76.3484 -46.8612 -74.0793 -82.5593 -64.4544 -50.0607 -78.0997 -79.2173 -74.8071 -55.7724 -46.0263 -55.8685 -37.0112 -71.5562 -70.2699 -34.3302 -76.7644 -58.9713 -53.9708 -176.614 -65.8278 -74.0292 -43.1725 -89.3035   -71.56 -79.6277 -82.3718 -71.2485 -72.9932  -75.577 -71.0547 -57.3039 -55.4616
-57.2653 -66.1758 -104.554 -73.9417 -55.6556 -60.1133  -67.315 -44.7688 -63.4984 -45.9258 -69.9154 -58.3249 -79.3852 -91.3743 -70.4654 -51.1797 -73.1582  -52.625 -66.2586 -69.6811 -82.8538 -65.9961 -62.0135  -56.773 -52.7264 -54.4286 -89.3901 -42.9032 -52.4649 -55.8693 -101.907 -61.1353 -48.3712 -74.9622 -83.1721 -53.8429   -68.37 -83.0002 -71.8934 -51.3821 -84.7636 -33.1784 -53.3436  -81.449 -55.7041 -78.3827 -65.8278 -162.225 -98.6116 -54.9563 -73.7518 -71.8523  -85.511 -59.1535 -60.0074 -85.7046 -45.8324 -55.6447 -70.9709 -62.6306
 -78.327 -87.0649 -110.485 -96.9537 -72.5854 -97.6346 -81.3747 -44.7115 -72.1689  -77.057 -74.6075 -85.2325 -83.8683 -82.3037  -54.027  -75.452 -90.9919 -74.2966 -69.0372 -69.3507 -92.1227 -80.6523 -75.3909 -63.8539 -85.9535 -64.5764 -88.2492 -46.0791 -59.0686 -74.7291 -89.0124 -60.9085 -64.3209 -81.3804  -93.749 -98.1624 -59.4667 -78.6793 -64.9792 -67.4383 -93.1277 -53.1221 -66.1627 -89.3973 -70.2075 -80.4722 -74.0292 -98.6116 -170.889 -63.0596  -88.005 -87.4542 -94.6627 -75.1554 -82.3854 -78.7301 -55.5474 -67.2403 -78.2948 -58.7873
-47.3782 -72.7541  -63.585 -77.8612  -37.993 -53.7116 -33.3356 -45.3869 -65.2404 -50.0682 -45.3961 -59.0767 -30.9244 -60.3523 -63.0087 -73.9796 -68.6787 -52.4643 -44.2852 -52.8119 -41.4647 -68.4464 -40.3241 -29.2494 -48.3014 -45.1341 -65.2234  -30.683 -42.6991 -61.6339 -66.4142  -43.579 -53.9095 -69.9103 -53.5403 -55.7374 -26.7871 -63.9457 -52.9646 -45.0289 -31.0241 -38.6775 -45.9994 -50.0323 -62.8736 -64.9174 -43.1725 -54.9563 -63.0596 -140.394 -56.7208 -43.9821 -59.9219 -59.3029 -54.5656 -69.8014 -24.6805 -60.2739 -71.3624 -59.5371
-66.1753 -74.3856 -91.8118 -66.6175 -62.6159 -80.9445 -68.3279 -44.5708 -64.9747 -48.7641 -52.6257 -58.2895 -53.0152 -73.5691  -63.553  -56.237  -72.363 -61.4996 -40.6386  -51.929 -85.1771 -71.4313 -69.7437 -59.7352 -54.8829 -51.1689 -87.6693  -45.127 -41.0978 -52.9226 -68.5863 -48.3506 -43.1971 -54.9351 -54.8822 -59.0306 -53.8279 -56.9082 -71.9916 -51.3851 -66.7507 -45.8983 -66.9007 -66.4142 -48.0251 -70.1262 -89.3035 -73.7518  -88.005 -56.7208 -132.791 -70.1066 -64.1048 -68.9533  -55.523 -62.9463 -59.2659 -49.0006 -79.4848 -51.5295
-57.3598 -72.7568 -78.5933 -95.1526 -60.0542 -78.6054 -72.6193 -49.2196 -65.3675 -70.4661   -63.67 -57.5001 -67.6085 -55.8596 -56.8238 -49.3995   -64.94 -58.6198 -59.1342 -42.2214  -73.125 -47.8714 -49.1145 -66.5783 -69.7955 -52.9535 -64.7223  -68.409 -38.3092 -64.0342 -97.5632 -64.2369 -35.9278  -91.999 -57.1539 -48.3456 -59.4576 -53.1769  -55.155 -58.0603 -78.1985 -36.9283 -48.1983   -73.15 -69.7705 -43.9283   -71.56 -71.8523 -87.4542 -43.9821 -70.1066 -135.156 -46.6866 -70.3919 -82.4593 -60.1575 -55.0968 -62.4328 -54.4752 -44.3508
-74.6983 -61.9978 -86.6131 -90.4129 -40.3214 -76.9569 -61.8337 -44.2612 -52.6935 -53.4072 -33.2629 -64.4606 -51.5231 -83.7502 -68.0405 -70.1838 -83.9746 -41.4296 -55.5988 -65.0997 -44.3449 -91.6605  -76.191 -54.0344 -71.8464 -52.4452  -89.855 -45.2292 -59.3373 -62.0745 -94.2316 -66.6682  -51.543 -71.7558 -63.6429 -85.4843 -44.3973 -62.0317 -63.6781  -51.975 -80.8731 -59.7702 -43.1645 -90.4272 -55.8347 -67.4536 -79.6277  -85.511 -94.6627 -59.9219 -64.1048 -46.6866 -163.313 -69.1995  -61.682 -74.7328 -59.7606 -61.0658 -75.8421 -53.5761
-60.4974 -62.9161 -98.7424 -88.1012 -71.0777 -75.1908 -80.2857  -55.169 -61.5692 -58.9357 -55.3456 -57.3319 -44.0537 -74.7805  -53.287 -71.0137 -70.5889 -60.9629 -58.8902 -48.5413 -62.6689 -64.2236 -62.4479  -67.877 -59.7079   -57.21 -69.8301 -58.5502 -58.2066 -74.9802  -82.016 -54.0434  -53.178 -82.3603  -72.812 -50.8053 -68.1965 -47.1075 -64.0907 -62.8439 -67.1373 -30.3436  -63.757 -67.4523 -55.2592 -59.0586 -82.3718 -59.1535 -75.1554 -59.3029 -68.9533 -70.3919 -69.1995  -142.83 -66.5938 -66.2833 -41.1763 -67.7804 -46.9409 -63.6926
-76.8407 -77.7831  -88.108  -85.201 -53.7238 -69.2415 -81.7676 -72.4385  -81.841 -55.8917 -56.1827 -87.3724 -55.8957 -73.8083 -57.9201 -67.7747  -67.746 -48.2941 -71.9666 -68.2538 -46.6999 -74.4221 -59.4318 -42.1165  -69.254 -62.7047 -75.9413 -51.1069 -60.4817 -56.2075 -79.2017 -63.8759 -40.7801 -87.5691 -80.0828 -69.7863 -44.7763 -70.7148 -73.1189  -53.993 -73.7826 -47.1534 -49.6092 -52.1075   -75.91 -44.1932 -71.2485 -60.0074 -82.3854 -54.5656  -55.523 -82.4593  -61.682 -66.5938 -138.877  -69.451 -59.3144 -74.6202 -76.6657 -50.1795
 -60.469 -95.1166 -94.1444 -84.2555 -62.0906 -63.2085 -54.5964 -57.3186 -76.1726 -73.1331 -66.5826 -77.5961 -69.6364  -85.406 -69.2629 -78.3813 -84.0574 -43.1763 -74.8769 -74.2821   -58.74 -80.5183 -66.1726 -48.5541 -76.2174 -75.7376 -83.2772 -41.2932 -63.8852 -57.6524 -80.4135 -80.6004 -45.7403 -81.5752 -81.7824  -81.013 -58.4815 -73.9092 -68.4889 -72.2126 -81.1105  -51.513 -60.6927 -79.3428 -59.0886 -72.2855 -72.9932 -85.7046 -78.7301 -69.8014 -62.9463 -60.1575 -74.7328 -66.2833  -69.451 -146.579 -50.2685 -73.1495 -72.4188 -74.4308
  -53.66 -51.8532 -62.1346 -59.3932 -35.3837   -52.93 -68.0163 -33.7553 -45.4468 -42.6875 -26.7326  -59.746 -32.0998 -50.3469 -55.2587 -37.4307  -47.761 -53.4483 -24.3354 -52.9246  -29.713 -62.7464 -57.6696 -49.1494 -79.7666 -51.1193 -61.9643 -52.1296 -31.3134 -36.0786  -60.047 -49.9532 -26.5872 -60.2682 -50.3774 -43.2125 -32.3846  -51.442 -35.5292 -49.4545 -42.8688 -52.4995 -32.9686 -61.4777  -47.803  -33.965  -75.577 -45.8324 -55.5474 -24.6805 -59.2659 -55.0968 -59.7606 -41.1763 -59.3144 -50.2685  -119.23 -51.3221 -53.8123 -32.4397
-79.0117 -89.2215 -80.1607 -86.6718 -40.2706 -77.2116 -57.5978 -63.3741 -78.5227  -88.867 -55.6058 -65.7729 -60.7882 -81.9564 -56.0785 -75.9116 -86.2864 -52.4087 -59.3846 -58.5476 -38.1206 -68.4376 -65.0329 -41.1971 -61.5983 -61.2311 -61.7085  -49.971 -57.2532 -56.2066 -102.176 -57.1554  -57.426 -80.2542 -85.7148 -50.6979 -35.7007 -71.0322 -72.7592 -45.0317 -72.7942 -55.8321  -59.635 -73.0255 -50.9944 -39.7716 -71.0547 -55.6447 -67.2403 -60.2739 -49.0006 -62.4328 -61.0658 -67.7804 -74.6202 -73.1495 -51.3221 -133.357 -67.1255 -69.9742
-65.0538 -93.1204  -83.067 -79.5404 -46.1969 -75.8472 -70.9961 -66.1849 -70.3272 -73.7086 -36.2515 -74.6569 -56.4701 -59.1181 -77.3179  -70.933  -70.514 -48.7204 -73.2176  -65.493 -60.0744 -86.5966 -71.3486  -22.835  -54.481 -57.2996 -81.6765 -25.6325 -38.0174 -53.3334 -101.026 -74.7211  -42.836 -75.5773 -66.1355 -70.7278 -61.6063 -73.1577 -90.2966 -52.7327 -51.8676 -65.0486 -59.5011 -60.8165 -66.0896 -57.4737 -57.3039 -70.9709 -78.2948 -71.3624 -79.4848 -54.4752 -75.8421 -46.9409 -76.6657 -72.4188 -53.8123 -67.1255 -147.454 -71.2267
-65.2951 -75.9025 -65.3176 -67.8892 -36.0159 -53.7482 -54.2814 -34.1784 -66.0539 -65.3756  -55.356 -57.6934 -66.6112 -59.3326 -41.2745 -36.5117 -70.3577 -28.8329 -49.0023 -44.3843 -62.2096 -61.6269 -62.2735 -27.5032 -55.6301 -48.1123 -50.2955 -31.0328 -45.7157 -64.0438 -74.3924 -32.1794 -37.1447 -65.8088  -62.207 -30.4152 -34.1903 -66.1409 -55.4743 -46.3646  -59.261 -41.3443 -58.6917 -67.6614 -46.1929 -31.2594 -55.4616 -62.6306 -58.7873 -59.5371 -51.5295 -44.3508 -53.5761 -63.6926 -50.1795 -74.4308 -32.4397 -69.9742 -71.2267 -124.893
-0.934955 -0.828408   1.74811   2.11004   1.96616   1.13379 0.0928812 -0.660649   1.94719  0.289018   1.57988 -0.999937  0.241701    2.5658  0.517465   1.73531   2.54679 0.0954192   1.58625  -0.10874 -0.601897   2.12951  0.524697 -0.376936   2.48172 -0.623707  0.741418  0.947576  0.647777   2.57249        -0        -0        -0        -0        -0        -0        -0        -0        -0        -0        -0        -0        -0        -0        -0        -0        -0        -0        -0        -0        -0        -0        -0        -0        -0        -0        -0        -0        -0        -0
-0.828408  0.113399    2.1342  0.315215  0.187344  0.618806 -0.786937 -0.730815  0.705766  0.887759   1.70164   2.42149  0.228117 -0.750213   1.54523  0.543207  0.218943 -0.431016   2.65408  0.292899 0.0480494   2.34867   2.40429     1.672   1.66683 -0.768738   1.44748   1.28843   1.90807  0.408654        -0        -0        -0        -0        -0        -0        -0        -0        -0        -0        -0        -0        -0        -0        -0        -0        -0        -0        -0        -0        -0        -0        -0        -0        -0        -0        -0        -0        -0        -0
   1.74811     2.1342  -0.539604  -0.345286  -0.656526  0.0649759    1.19993  -0.239779   0.304796    1.17943    1.58023  -0.203311     1.9568    2.71022    1.15622    -0.5721     2.6781     2.3078  -0.856656    2.68936    1.50696    1.38813    2.66131    2.08301   0.637855 -0.0440703    2.21526    2.47694    1.37105    2.44026         -0         -0         -0         -0         -0         -0         -0         -0         -0         -0         -0         -0         -0         -0         -0         -0         -0         -0         -0         -0         -0         -0         -0         -0         -0         -0         -0         -0         -0         -0
  2.11004  0.315215 -0.345286   2.57043   2.62087   1.47727   1.15786   1.53928   2.70741   1.59381 -0.240691    1.5803   1.03839   1.52261  0.227682 -0.108469   2.97469 -0.226481  0.894052 0.0346041  -0.91254   0.63647   2.91282 -0.715622   1.56473   1.01415   1.69735  0.162835  0.124712  0.943545        -0        -0        -0        -0        -0        -0        -0        -0        -0        -0        -0        -0        -0        -0        -0        -0        -0        -0        -0        -0        -0        -0        -0        -0        -0        -0        -0        -0        -0        -0
   1.96616   0.187344  -0.656526    2.62087  -0.242222   0.239676    1.69033    1.42704  -0.754955   0.595169   0.295454  -0.819205    2.80841    1.28818  0.0678431    1.77089    1.11047  -0.456325  -0.572398    2.18695    1.08265    2.43613  0.0407632    1.58482    1.95121    1.79599  -0.538376 -0.0142231  -0.929097    1.53337         -0         -0         -0         -0         -0         -0         -0         -0         -0         -0         -0         -0         -0         -0         -0         -0         -0         -0         -0         -0         -0         -0         -0         -0         -0         -0         -0         -0         -0         -0
  1.13379  0.618806 0.0649759   1.47727  0.239676  0.822753    2.4396   2.45055   2.73184   1.42448 -0.824598   1.09214    2.1376   2.51863 -0.555599  0.495743   1.44899  0.418277 -0.312981 -0.883042  0.693909 -0.529221   2.09744 -0.876231 -0.777321   2.90714   1.01125   2.93856   2.35683   2.51116        -0        -0        -0        -0        -0        -0        -0        -0        -0        -0        -0        -0        -0        -0        -0        -0        -0        -0        -0        -0        -0        -0        -0        -0        -0        -0        -0        -0        -0        -0
0.0928812 -0.786937   1.19993   1.15786   1.69033    2.4396   2.98061  0.978883   2.15796   1.32565   2.18379    1.7557 -0.869467  0.660207 -0.253689  0.335932  0.470435   2.22251   2.31233  0.721623 -0.795582   2.33038 -0.616398   2.38182    1.6885   1.23683   1.60449   2.17408 0.0632713  0.300376        -0        -0        -0        -0        -0        -0        -0        -0        -0        -0        -0        -0        -0        -0        -0        -0        -0        -0        -0        -0        -0        -0        -0        -0        -0        -0        -0        -0        -0        -0
-0.660649 -0.730815 -0.239779   1.53928   1.42704   2.45055  0.978883   1.40765   1.22393 -0.246867   2.62111   2.36458   1.56411   1.41871   1.72805    2.5172   2.44641   1.01411   2.65011   1.49928   2.80428   2.64054 -0.628858   1.96843   1.33303  0.484483   1.69845   2.59026   2.24498   2.59664        -0        -0        -0        -0        -0        -0        -0        -0        -0        -0        -0        -0        -0        -0        -0        -0        -0        -0        -0        -0        -0        -0        -0        -0        -0        -0        -0        -0        -0        -0
   1.94719   0.705766   0.304796    2.70741  -0.754955    2.73184    2.15796    1.22393    1.13949  -0.351593 -0.0714647   0.713249    1.50218    1.08274    1.86311  -0.776206   0.966188  -0.135317    1.70113    2.76707  -0.806811  -0.724944    1.73798  -0.505089     2.1911    1.24017    2.49573    1.63701    1.94709    1.75614         -0         -0         -0         -0         -0         -0         -0         -0         -0         -0         -0         -0         -0         -0         -0         -0         -0         -0         -0         -0         -0         -0         -0         -0         -0         -0         -0         -0         -0         -0
 0.289018  0.887759   1.17943   1.59381  0.595169   1.42448   1.32565 -0.246867 -0.351593 -0.534859   2.83219   2.68423  0.843782 -0.837611   1.82905 -0.800957  0.694228  0.188695 -0.822988 -0.577248   2.97149   2.52357 -0.341342    1.1198   2.18341  0.427932 -0.155346   1.66981   2.70028 -0.752529        -0        -0        -0        -0        -0        -0        -0        -0        -0        -0        -0        -0        -0        -0        -0        -0        -0        -0        -0        -0        -0        -0        -0        -0        -0        -0        -0        -0        -0        -0
   1.57988    1.70164    1.58023  -0.240691   0.295454  -0.824598    2.18379    2.62111 -0.0714647    2.83219  -0.913753    2.19678    1.24834  -0.737508    1.89044    1.34625    2.64545    2.70834  -0.161197    1.67629  -0.772971    2.61203    2.89471    2.62708  -0.547174  -0.332111  -0.873618  -0.565082   0.914796    2.29692         -0         -0         -0         -0         -0         -0         -0         -0         -0         -0         -0         -0         -0         -0         -0         -0         -0         -0         -0         -0         -0         -0         -0         -0         -0         -0         -0         -0         -0         -0
