60
1
60
   0.299165  -0.0137498  -0.0577018     -0.2384   0.0957755   -0.119593   0.0242211   0.0422381    -0.07023     0.13758   -0.112742   -0.363552   0.0772593   -0.149667  -0.0738195    0.168721    0.247186  -0.0917056   0.0546381 -0.00688216  -0.0239286    0.230932  -0.0352601  -0.0587396   0.0699009   0.0700954  -0.0255943   -0.182705   -0.242077   0.0743187   0.0763252  -0.0297818   -0.152519  -0.0248906   0.0584364  -0.0776338   0.0834437  -0.0722432     0.08071  0.00698344  -0.0859047   0.0590324    0.280156   0.0364482  -0.0657211    -0.23683  -0.0895918   0.0628303  0.00796371   0.0375884  0.00778508   0.0903968   0.0424273  -0.0344469  -0.0296741   -0.152981   -0.252382   -0.172542  -0.0430201  0.00591448
 -181.29 -56.5764 -78.7263 -60.9525 -75.3899 -59.7758 -74.7506 -63.3588  -68.456 -87.3912 -68.9154 -86.6553 -34.9975 -80.9421 -70.9742 -83.2377 -82.6577 -61.6444 -50.0684 -64.9613 -73.4038 -79.4037 -62.3048 -68.3878 -72.0011 -70.6331 -87.5793 -41.7463 -96.3757 -53.7284 -68.6052 -62.9223 -70.0823 -75.2512 -89.1091 -77.1834 -64.3239 -120.973 -44.9364 -73.9502 -84.5576 -109.519  -75.588 -67.5831 -84.0194 -61.4311 -81.1133 -94.2296 -66.8319  -61.768 -70.6223  -71.941 -85.4475 -80.4154 -69.2257 -69.3885 -86.0474 -82.1221 -99.8596   -87.18
-56.5764 -146.205 -51.3974 -51.5038 -41.1649 -20.6112 -57.0483 -57.9748 -51.0748 -54.3235   -24.69 -31.4749 -61.6372 -43.7972 -40.9665 -75.1242 -76.7569 -47.7704 -34.7707 -54.4642 -64.3637 -54.6735 -57.0699 -32.2917 -51.1549 -64.5714 -62.0784 -32.8209 -51.4974 -24.9818 -51.3941  -34.478 -54.0912 -67.0946 -75.2443 -70.8192 -54.1726 -70.1409 -47.9969 -62.4088 -49.4576 -60.8365 -46.1629 -65.7892 -48.5223 -41.5769 -58.9886 -41.3455 -68.5999 -13.1799  -59.734 -51.2163  -61.034  -42.318 -39.5878 -48.1819  -63.407 -30.5709 -60.3378 -61.0988
-78.7263 -51.3974 -122.338 -44.4329 -48.8255 -48.6165 -49.7601   -57.82  -42.684 -62.0476 -37.1081 -57.9061  -45.021 -47.1098 -49.7382   -63.48 -51.8595 -52.4901 -49.6026 -66.6193 -62.8463 -48.3784 -67.4201 -68.5124 -57.7729  -68.295 -67.2301  -32.371 -89.7725 -38.9058 -58.0611 -34.8739 -72.6881 -47.1566 -57.8354 -59.9614 -59.4294 -73.6982 -48.4576 -38.7901 -67.5054  -64.671  -58.568 -45.9408 -44.5733 -46.6087 -71.6928 -39.2903 -62.7411 -41.7767 -78.1406 -47.7235 -38.5241 -62.7641 -56.9936  -48.445 -65.7648 -36.6819  -65.067 -62.5472
-60.9525 -51.5038 -44.4329 -121.316 -43.9244 -33.1124 -69.9407 -62.7809 -43.0638 -55.7098 -52.9578 -55.9729 -27.1542 -34.1032 -49.5976 -71.5994 -72.1039 -42.2833 -46.7145 -66.2448 -57.7733 -75.5372 -69.6804 -74.5603  -73.443 -44.7892 -35.1819 -58.8672 -59.3687 -36.3167 -54.0625 -39.8241 -56.1296 -65.5901 -59.0735 -60.6189 -56.9247 -67.2427 -56.6136 -75.6973 -57.7011 -63.1972 -53.9082 -64.5887 -55.9475 -39.4329 -73.0889 -38.5324 -55.0303  -30.353  -72.257 -59.7554 -40.7928 -50.7628 -37.9484 -63.6488 -51.8794 -54.9907 -74.7832 -79.9355
-75.3899 -41.1649 -48.8255 -43.9244 -133.258 -67.0345 -79.7686 -55.1294 -47.1006 -62.0343 -51.1039 -34.5397 -31.5371  -74.606 -63.2575 -43.0696 -60.7896 -25.7944 -35.0097 -58.2144 -64.1577 -64.9261 -70.7152 -39.7828   -65.03 -77.3027 -81.8945 -44.5351 -75.7211 -48.6114 -38.2274 -36.9952 -73.4107 -43.7328  -79.872 -72.1442 -59.7458  -67.694 -54.6524 -59.7825 -70.6731 -87.2935 -58.5948 -45.2665 -56.3352 -30.3359  -82.593  -78.586 -61.7041 -58.2875 -56.7044 -53.8341 -56.6415 -52.3092 -27.6027 -59.3939 -61.0847 -27.2166 -62.1295  -61.865
-59.7758 -20.6112 -48.6165 -33.1124 -67.0345 -110.882 -44.4676 -76.4687 -30.1157 -57.2642 -57.6534 -50.5359 -17.8414 -37.3445 -51.0593 -58.9776 -62.6424 -40.9661  -39.239  -58.234 -67.1495 -50.1504 -60.6641 -51.3431 -67.2124  -50.491 -57.6879 -38.6146 -57.4968 -64.1567 -45.6443 -38.1931 -76.7929 -41.0019 -51.9077 -46.7732  -51.047 -59.3031 -58.0354 -39.5732 -59.1686 -54.5582 -40.3692 -39.2383  -51.144  -38.643 -53.2811 -53.5992 -47.3861 -55.2867 -49.8655 -28.9256 -61.8361 -67.0407 -31.8868  -42.246 -60.8534 -54.2866 -72.4349   -45.54
-74.7506 -57.0483 -49.7601 -69.9407 -79.7686 -44.4676 -144.605 -63.0829 -61.4174 -77.5106 -56.8795  -62.222 -50.7222 -70.2436 -69.6543  -75.112 -89.1966  -52.338 -36.9567 -60.8588 -65.8707 -85.2913 -66.4278 -66.9878 -64.4603 -70.4303 -76.5476 -53.4065 -65.2429 -49.0121 -70.4689 -49.4555 -87.7314 -67.1732 -68.2512 -68.0591 -62.5011 -95.7891 -82.0793  -81.572 -80.8604 -84.7273 -72.7697 -69.3878 -53.0276 -64.1806 -98.8171 -73.9474 -64.5191 -57.9042 -71.6851 -64.1255 -75.2934 -69.8386 -51.4398 -59.0592 -86.1403 -65.9319 -74.7238 -75.7301
-63.3588 -57.9748   -57.82 -62.7809 -55.1294 -76.4687 -63.0829 -137.162 -51.9085 -57.0569 -61.4944 -37.9384 -31.0096 -59.8441 -42.4773 -81.4807 -81.2858 -56.1951  -54.317 -68.3153 -78.9222 -69.4032 -80.1969 -59.9165 -74.9555 -61.8979 -60.0792 -41.9242 -61.7689  -54.765 -71.4337 -44.4029 -74.6987 -48.0608  -75.594 -63.5129 -66.0144  -63.722 -67.2276 -55.3164 -70.5647 -53.5363 -58.1747 -56.7277 -67.8747 -59.7312 -59.3284 -66.2198 -64.9595 -52.0553 -63.4213 -28.4549 -66.9798 -66.0066 -42.7003 -69.9149 -51.6453 -72.4124 -73.5398 -68.2022
 -68.456 -51.0748  -42.684 -43.0638 -47.1006 -30.1157 -61.4174 -51.9085 -133.679 -62.5638 -55.1301 -53.0447 -40.8115 -40.1374 -44.3828 -57.1163 -76.7403  -33.657 -45.5151 -46.8928  -39.448 -81.0405 -64.5501 -48.1795 -64.8996 -37.8339 -39.7819 -34.3813 -61.9639  -40.577 -69.2933 -41.1798 -52.5336 -69.8447   -64.21  -70.949 -44.8779 -89.4494 -47.4265  -66.952  -55.089  -81.876 -59.6062 -64.2416 -32.8932 -55.5733 -76.9365 -53.0075 -54.2845 -25.4417 -58.8418 -39.0378 -66.2454 -73.9155 -52.2023 -42.4388 -72.1343 -40.3747 -71.3765  -72.668
-87.3912 -54.3235 -62.0476 -55.7098 -62.0343 -57.2642 -77.5106 -57.0569 -62.5638 -155.809 -61.4997 -81.8588 -61.7059 -57.7532 -76.2005 -85.0636 -75.3425 -42.8647 -58.8729  -71.111  -80.042 -74.4879 -69.8466  -61.867 -72.8169  -62.201  -71.657 -55.7904 -79.6181 -48.7932 -68.6832 -42.3234 -75.5161 -77.2465  -56.977  -73.045  -79.869 -102.949  -71.715 -89.2562 -88.3936 -84.7226 -82.6206  -86.469 -73.3269 -29.9151 -76.0854 -59.3543 -40.3299  -54.043 -84.7129 -55.5963  -56.379  -80.803 -73.8331 -46.5441 -85.1544 -65.0327 -83.8178  -87.394
-68.9154   -24.69 -37.1081 -52.9578 -51.1039 -57.6534 -56.8795 -61.4944 -55.1301 -61.4997 -115.953 -44.5497 -20.7193 -46.0524 -61.3179 -65.9319 -83.1047 -43.2796 -51.2693 -50.1407 -49.2637 -46.2992 -55.6075 -54.9502 -63.2793 -51.6775 -52.8045 -45.1487 -53.0738 -63.0825 -63.1819 -36.9813 -55.3578 -64.2573 -75.7893 -37.8634 -43.7513 -56.1021 -45.1786  -60.437  -59.743 -66.9088 -49.7294 -56.7931 -62.9491 -48.7205  -75.481 -71.7188 -50.9803 -30.0088 -56.4705 -60.8362 -49.2598 -69.9059 -46.6884 -42.1045 -60.7187 -60.0942 -67.0331 -62.9778
-86.6553 -31.4749 -57.9061 -55.9729 -34.5397 -50.5359  -62.222 -37.9384 -53.0447 -81.8588 -44.5497 -142.506 -41.2549 -31.7323 -60.2029 -65.8794 -67.6297 -30.5376 -35.3369 -52.0637 -59.2395 -74.2615 -54.5031 -75.1369 -82.4905 -50.2016 -57.6078 -54.9568 -64.8513 -47.1341 -63.9794  -42.121 -80.5204 -71.0185 -37.7977 -59.8901 -36.6401 -88.8699 -66.4983 -58.2217 -82.3519 -85.2873  -58.705  -61.084   -36.87 -50.2132 -67.5487 -58.7119 -48.5613 -49.9356 -67.7656 -42.4126 -42.8719 -74.0032 -62.3342 -37.5122 -70.3878 -65.8264 -92.5024 -81.8045
-34.9975 -61.6372  -45.021 -27.1542 -31.5371 -17.8414 -50.7222 -31.0096 -40.8115 -61.7059 -20.7193 -41.2549 -126.724 -46.8604 -60.7601 -57.1937 -44.4013 -23.6058 -36.7145 -46.2523 -38.0546 -33.9637 -43.5311 -38.7499 -54.5075 -37.0393 -55.0836 -25.6995 -59.8968 -28.9885 -54.2667 -29.3395 -48.9073 -45.2952 -45.9141 -35.1936 -49.4345  -56.061 -40.2395 -53.0242 -57.3319 -57.8504 -39.7696 -49.5003  -37.966 -25.7525 -32.9733 -30.1902 -51.1865 -23.3283 -43.9554 -34.1847 -33.0704 -25.9317 -35.8546 -27.3985 -55.8203 -19.2532 -48.5333 -45.6609
-80.9421 -43.7972 -47.1098 -34.1032  -74.606 -37.3445 -70.2436 -59.8441 -40.1374 -57.7532 -46.0524 -31.7323 -46.8604 -125.121 -68.5914 -58.8067 -63.2825 -31.7783 -22.0072 -66.6999 -53.7047 -46.2775 -50.4162 -48.6479 -47.5579 -61.5201 -86.8551 -50.6597 -66.6419  -39.539 -50.7263  -36.803 -71.4653 -26.0504 -76.2245 -57.9846 -61.1983 -71.1742 -25.7076 -42.1206 -63.1229  -63.792  -58.545 -58.7848 -51.1882 -38.7883 -62.7857  -71.954 -61.2412 -53.1408 -35.5905 -37.9706 -54.0079 -48.2066 -58.0969 -46.3939 -45.5896 -41.3727 -56.2077 -54.3649
-70.9742 -40.9665 -49.7382 -49.5976 -63.2575 -51.0593 -69.6543 -42.4773 -44.3828 -76.2005 -61.3179 -60.2029 -60.7601 -68.5914 -149.856 -77.6029 -90.1094 -31.6093 -38.5692 -65.2948 -66.4632 -43.0101  -65.492 -40.2319 -71.5694 -66.9109 -68.7527 -44.1463 -57.3459 -46.3065 -69.3008 -41.5924 -72.7096 -70.3499 -59.0244 -69.1519  -62.001 -65.7218 -47.3409 -61.6338 -79.2097 -80.2228 -55.6029 -69.4199 -53.8832 -40.5886 -84.7422 -57.3256 -63.6619 -44.8132 -74.0582 -52.3534 -70.7949 -68.6141 -36.5391 -54.2441 -90.2998 -62.4847  -78.042 -65.6336
-83.2377 -75.1242   -63.48 -71.5994 -43.0696 -58.9776  -75.112 -81.4807 -57.1163 -85.0636 -65.9319 -65.8794 -57.1937 -58.8067 -77.6029 -166.396 -110.979 -82.7023 -67.2395  -76.103 -84.7725 -71.4674 -86.5771 -85.0364 -79.2182 -75.2473 -77.3628 -60.8848 -75.1614 -72.9458  -78.868 -47.9396 -85.7761   -74.59 -62.8951 -71.8097 -67.0281 -111.851 -73.9067 -59.5106 -87.1352 -88.8367 -47.6937 -73.9587 -74.8257 -64.0054 -89.9359 -58.2547 -63.2156 -49.6463 -91.8315 -55.2618 -82.6129 -78.1645 -68.1763 -73.2181 -102.723 -70.8866 -112.699 -104.922
-82.6577 -76.7569 -51.8595 -72.1039 -60.7896 -62.6424 -89.1966 -81.2858 -76.7403 -75.3425 -83.1047 -67.6297 -44.4013 -63.2825 -90.1094 -110.979  -177.34 -63.2636 -54.4701 -61.5009  -80.195 -81.5429 -83.5405 -54.4503  -100.26 -64.5507 -82.0934 -56.0093 -65.7726 -72.8264 -60.4228 -45.2445 -92.2852  -80.037 -78.8609 -93.5787  -52.805 -86.0806  -77.833 -80.6843 -94.9533 -84.3269 -57.7981 -90.5177 -78.9105  -71.867 -106.084 -70.4411  -76.211 -23.7704  -86.379 -71.3952  -88.489 -84.1573 -49.1757 -68.1088 -100.366 -65.2991  -98.067 -81.3907
-61.6444 -47.7704 -52.4901 -42.2833 -25.7944 -40.9661  -52.338 -56.1951  -33.657 -42.8647 -43.2796 -30.5376 -23.6058 -31.7783 -31.6093 -82.7023 -63.2636 -113.665 -35.1688 -45.7999 -63.7905 -31.7032 -49.6214 -72.0375 -48.8197  -53.837 -50.8904 -35.1808 -64.7579 -48.6864 -35.2626  -35.866 -58.6724 -47.4023 -62.7669 -45.8338 -56.2726 -78.6485 -48.6994 -42.2177 -49.0378 -56.8347 -33.0678 -49.3252  -69.864 -60.6342 -70.2216 -37.3737  -46.138 -24.6278 -65.0705 -38.7888 -56.5204 -54.3843 -38.7313 -49.0812  -74.916 -64.9368 -65.1721 -54.0242
-50.0684 -34.7707 -49.6026 -46.7145 -35.0097  -39.239 -36.9567  -54.317 -45.5151 -58.8729 -51.2693 -35.3369 -36.7145 -22.0072 -38.5692 -67.2395 -54.4701 -35.1688 -91.7864 -35.7914 -46.4235 -38.1382 -53.0536 -50.3721 -33.4661 -53.8708 -35.2285 -27.0534 -49.3066 -38.4557 -63.1194 -25.3083 -50.9577 -42.9918 -59.8357 -55.5369 -42.4271 -55.9483 -32.8343 -39.8314 -54.5748 -45.3321 -55.1262 -53.0513 -49.8057 -35.9144 -45.9578 -21.9475 -38.7897 -33.9245 -66.6361 -32.7381 -35.4256 -45.0393 -36.4776 -52.2974 -56.8963 -35.4788 -65.4698 -70.1765
-64.9613 -54.4642 -66.6193 -66.2448 -58.2144  -58.234 -60.8588 -68.3153 -46.8928  -71.111 -50.1407 -52.0637 -46.2523 -66.6999 -65.2948  -76.103 -61.5009 -45.7999 -35.7914 -125.973 -80.7576 -78.0889 -79.3843 -73.7147 -75.7445 -51.3814  -71.083 -62.8734 -79.8379 -57.6789 -70.1585  -43.059 -79.7238 -55.2382 -70.8637 -68.9527  -77.692 -94.8343 -58.6319 -61.3509 -82.4793 -56.8483 -60.7613 -60.0577 -57.3378  -60.107 -85.6545 -61.9542 -76.7522 -51.4723 -76.8683 -66.5761 -52.4411 -65.2383 -53.8911 -74.1836 -52.2142 -62.4384 -72.7714 -73.0355
-73.4038 -64.3637 -62.8463 -57.7733 -64.1577 -67.1495 -65.8707 -78.9222  -39.448  -80.042 -49.2637 -59.2395 -38.0546 -53.7047 -66.4632 -84.7725  -80.195 -63.7905 -46.4235 -80.7576 -171.357 -77.5402 -62.4324  -80.355 -94.1793 -66.2044 -82.7573 -50.1583 -71.5369 -57.7062 -61.0199 -60.2802 -86.9569 -73.3938 -67.2262  -67.662 -56.9869 -92.0793 -69.7364 -76.5812 -87.9516 -68.8158 -40.9332 -80.4147 -76.3353 -54.5726  -70.788  -63.115 -51.1338 -68.2114 -66.1343 -44.2504 -73.0308 -75.2025 -43.2108 -68.1883 -72.5118 -62.7818 -93.4607 -66.0549
-79.4037 -54.6735 -48.3784 -75.5372 -64.9261 -50.1504 -85.2913 -69.4032 -81.0405 -74.4879 -46.2992 -74.2615 -33.9637 -46.2775 -43.0101 -71.4674 -81.5429 -31.7032 -38.1382 -78.0889 -77.5402 -163.656 -63.6467 -73.3677 -85.9906 -55.2793 -59.5274 -52.5315 -82.5488 -48.6113 -64.0214 -58.5522 -59.8958 -66.5355 -72.1298 -63.9569 -48.9837 -95.0043 -81.0079 -81.8134 -58.2993 -62.5792 -71.1434 -66.3985 -43.8188 -65.0787 -82.8367 -68.1838 -57.8087 -42.0449 -78.4242 -64.9748 -71.2898 -84.2797 -47.8695 -81.0849 -68.1026 -64.0903 -82.5235 -91.4024
-62.3048 -57.0699 -67.4201 -69.6804 -70.7152 -60.6641 -66.4278 -80.1969 -64.5501 -69.8466 -55.6075 -54.5031 -43.5311 -50.4162  -65.492 -86.5771 -83.5405 -49.6214 -53.0536 -79.3843 -62.4324 -63.6467 -148.383 -56.9875 -83.1901 -62.9112 -59.7089 -57.5734 -73.7019 -54.2553 -74.5412 -35.6025 -88.5399 -67.7214 -70.6077 -78.2377 -68.4203  -92.542 -56.6157 -61.3946  -95.887 -83.1749 -46.0823 -51.7864 -58.8227 -50.5074 -85.0614 -50.4923 -68.8513  -39.711 -88.4516 -34.5824 -52.5896 -81.6295 -27.6941 -60.6792 -70.8322 -49.5334 -84.3439  -88.698
-68.3878 -32.2917 -68.5124 -74.5603 -39.7828 -51.3431 -66.9878 -59.9165 -48.1795  -61.867 -54.9502 -75.1369 -38.7499 -48.6479 -40.2319 -85.0364 -54.4503 -72.0375 -50.3721 -73.7147  -80.355 -73.3677 -56.9875 -160.488  -77.238 -64.0686 -66.4771 -65.6144  -83.766 -65.7677 -74.2016 -51.7003 -82.1182 -56.7455 -74.2309 -35.9338 -63.9557 -97.8284 -69.6051 -63.9906 -73.6813 -65.7776 -56.2183  -67.661 -59.3093 -67.7104 -68.9508 -41.9595 -62.1025 -48.8042 -74.5309 -59.1156 -38.5561  -77.335 -67.0609 -74.9592 -76.8751 -72.5464 -82.9129 -80.1999
-72.0011 -51.1549 -57.7729  -73.443   -65.03 -67.2124 -64.4603 -74.9555 -64.8996 -72.8169 -63.2793 -82.4905 -54.5075 -47.5579 -71.5694 -79.2182  -100.26 -48.8197 -33.4661 -75.7445 -94.1793 -85.9906 -83.1901  -77.238 -172.722 -50.6841 -60.2997 -48.5515 -83.4322 -56.6197 -54.2035  -51.555 -82.9739  -78.136  -69.983 -75.7464 -45.5994 -63.6432 -68.2084 -89.2767 -87.6389  -85.396 -36.0831 -83.6729 -69.0632 -48.2754 -73.8194 -66.2441 -67.2268 -32.9732  -69.769 -58.3308 -46.2056 -80.1701 -41.9455 -67.2515 -64.4205   -53.38 -85.6893 -78.5979
-70.6331 -64.5714  -68.295 -44.7892 -77.3027  -50.491 -70.4303 -61.8979 -37.8339  -62.201 -51.6775 -50.2016 -37.0393 -61.5201 -66.9109 -75.2473 -64.5507  -53.837 -53.8708 -51.3814 -66.2044 -55.2793 -62.9112 -64.0686 -50.6841 -141.727 -70.3019 -46.9664 -73.0164   -47.95 -55.7969 -39.6287 -77.4072  -35.182 -79.2782 -80.2356   -57.55 -63.9836 -57.9936  -51.556 -64.4711 -74.7096 -57.0713 -48.2148 -61.9051 -48.7225  -64.697 -52.4417 -66.8424   -62.05 -76.4043 -50.5332 -61.6703 -63.8944  -52.968  -70.224 -71.0004 -45.3524  -71.946 -74.3843
-87.5793 -62.0784 -67.2301 -35.1819 -81.8945 -57.6879 -76.5476 -60.0792 -39.7819  -71.657 -52.8045 -57.6078 -55.0836 -86.8551 -68.7527 -77.3628 -82.0934 -50.8904 -35.2285  -71.083 -82.7573 -59.5274 -59.7089 -66.4771 -60.2997 -70.3019 -169.112 -69.4998 -87.5085 -56.3828 -53.7556 -49.6488 -90.3685  -53.913 -50.6186 -72.6022 -72.1482 -85.8311 -46.6476 -42.4812 -85.1096 -78.0583 -71.8123 -62.7764 -55.2138 -59.6653 -80.2301 -84.3097 -73.1286 -48.5492 -46.8854 -43.3141 -66.3928 -58.4633 -67.4573 -45.8684 -79.7617 -68.1027 -78.9019 -66.2627
-41.7463 -32.8209  -32.371 -58.8672 -44.5351 -38.6146 -53.4065 -41.9242 -34.3813 -55.7904 -45.1487 -54.9568 -25.6995 -50.6597 -44.1463 -60.8848 -56.0093 -35.1808 -27.0534 -62.8734 -50.1583 -52.5315 -57.5734 -65.6144 -48.5515 -46.9664 -69.4998  -107.45 -54.6048 -43.9182 -40.6512 -31.8629 -62.1587 -53.1435 -44.2142 -60.7333 -60.7558 -70.5383 -47.3682 -33.4254  -66.226 -56.9353 -53.8014 -52.6568 -35.0641 -36.5391 -66.0155 -46.4705 -46.7047  -34.194 -50.5717 -30.6204 -47.7356 -50.2913 -55.2757 -29.4367 -51.2265 -45.1638 -68.6019 -59.6695
-96.3757 -51.4974 -89.7725 -59.3687 -75.7211 -57.4968 -65.2429 -61.7689 -61.9639 -79.6181 -53.0738 -64.8513 -59.8968 -66.6419 -57.3459 -75.1614 -65.7726 -64.7579 -49.3066 -79.8379 -71.5369 -82.5488 -73.7019  -83.766 -83.4322 -73.0164 -87.5085 -54.6048 -148.245 -38.0587 -65.1977 -52.1925 -80.2776 -57.8665  -83.014 -79.2105 -73.6039 -104.106 -61.5169 -77.6893 -76.2501 -77.7792 -65.5781  -48.629 -78.7406 -46.2048  -82.411 -64.3158  -84.082 -42.5046 -66.7599 -71.0203 -55.3462 -67.9043 -74.3309 -82.0966 -80.7851 -67.3615 -72.6601  -85.367
-53.7284 -24.9818 -38.9058 -36.3167 -48.6114 -64.1567 -49.0121  -54.765  -40.577 -48.7932 -63.0825 -47.1341 -28.9885  -39.539 -46.3065 -72.9458 -72.8264 -48.6864 -38.4557 -57.6789 -57.7062 -48.6113 -54.2553 -65.7677 -56.6197   -47.95 -56.3828 -43.9182 -38.0587 -118.758 -62.6401 -35.0082 -66.9394  -43.143 -57.7144 -30.9134 -38.3802 -63.8929 -54.0405 -28.7249 -59.0032 -51.2084 -53.6497 -47.1601 -54.1208 -66.5972 -74.9546 -63.1667 -46.1044 -21.5653 -60.1968 -33.2007 -61.7352 -67.0453 -26.2472 -36.7571 -55.9061 -32.2029 -67.7603 -56.7707
-68.6052 -51.3941 -58.0611 -54.0625 -38.2274 -45.6443 -70.4689 -71.4337 -69.2933 -68.6832 -63.1819 -63.9794 -54.2667 -50.7263 -69.3008  -78.868 -60.4228 -35.2626 -63.1194 -70.1585 -61.0199 -64.0214 -74.5412 -74.2016 -54.2035 -55.7969 -53.7556 -40.6512 -65.1977 -62.6401  -144.04 -56.8356 -93.1635 -63.1438 -81.5948 -57.2818  -57.706 -84.7196 -63.7428  -53.281 -76.0318 -55.4986 -66.7815 -66.8391 -46.2955 -55.6542 -66.5007 -65.2447 -63.9805 -46.8747 -73.5192 -48.2874 -58.7286  -84.046 -51.6396 -58.2369 -80.4234 -64.1612 -57.2331 -91.8656
-62.9223  -34.478 -34.8739 -39.8241 -36.9952 -38.1931 -49.4555 -44.4029 -41.1798 -42.3234 -36.9813  -42.121 -29.3395  -36.803 -41.5924 -47.9396 -45.2445  -35.866 -25.3083  -43.059 -60.2802 -58.5522 -35.6025 -51.7003  -51.555 -39.6287 -49.6488 -31.8629 -52.1925 -35.0082 -56.8356 -90.1933 -56.8938 -27.3127 -49.9239 -42.6189 -28.9506 -53.7892 -48.3408 -43.0694 -55.9229 -37.5409 -34.7202 -51.0958 -41.1869 -37.1811 -38.7962 -45.2045 -26.7773 -37.2552 -41.8428 -41.1758 -62.3168 -62.0676 -32.4919 -41.4591 -47.9962 -49.0801  -64.825 -50.5204
-70.0823 -54.0912 -72.6881 -56.1296 -73.4107 -76.7929 -87.7314 -74.6987 -52.5336 -75.5161 -55.3578 -80.5204 -48.9073 -71.4653 -72.7096 -85.7761 -92.2852 -58.6724 -50.9577 -79.7238 -86.9569 -59.8958 -88.5399 -82.1182 -82.9739 -77.4072 -90.3685 -62.1587 -80.2776 -66.9394 -93.1635 -56.8938 -167.132 -51.4619 -74.9226 -71.6637 -65.7945 -91.1985 -84.0138  -48.396 -93.6215 -65.1923  -62.097 -74.2021 -62.7532 -58.8463 -77.7856 -67.6077 -90.4016  -77.755 -72.5938 -41.5064 -63.3225 -72.9766 -58.7671 -53.2205 -96.1057 -58.9179 -92.1634 -88.2862
-75.2512 -67.0946 -47.1566 -65.5901 -43.7328 -41.0019 -67.1732 -48.0608 -69.8447 -77.2465 -64.2573 -71.0185 -45.2952 -26.0504 -70.3499   -74.59  -80.037 -47.4023 -42.9918 -55.2382 -73.3938 -66.5355 -67.7214 -56.7455  -78.136  -35.182  -53.913 -53.1435 -57.8665  -43.143 -63.1438 -27.3127 -51.4619 -131.634 -69.7494 -53.6213 -49.8293 -88.4583 -55.2271 -84.0977 -62.5785 -88.1167 -59.8753 -79.0189 -55.2944  -47.298  -84.876 -52.2947 -50.6338 -27.9664 -60.0317 -51.8133  -65.478 -69.4385 -50.3949 -32.4011 -94.8467 -60.0994 -73.2036 -78.6164
-89.1091 -75.2443 -57.8354 -59.0735  -79.872 -51.9077 -68.2512  -75.594   -64.21  -56.977 -75.7893 -37.7977 -45.9141 -76.2245 -59.0244 -62.8951 -78.8609 -62.7669 -59.8357 -70.8637 -67.2262 -72.1298 -70.6077 -74.2309  -69.983 -79.2782 -50.6186 -44.2142  -83.014 -57.7144 -81.5948 -49.9239 -74.9226 -69.7494 -174.877 -71.6273 -65.0472 -79.6813 -56.2289 -80.0453 -81.5968 -84.3165 -84.4796 -76.4135 -74.2394 -57.3511 -85.0655 -77.2289 -89.4704 -38.2701 -68.1567  -85.379 -58.3156 -83.4711 -37.4527 -68.3722 -75.4596 -47.2087 -79.3159 -78.7333
-77.1834 -70.8192 -59.9614 -60.6189 -72.1442 -46.7732 -68.0591 -63.5129  -70.949  -73.045 -37.8634 -59.8901 -35.1936 -57.9846 -69.1519 -71.8097 -93.5787 -45.8338 -55.5369 -68.9527  -67.662 -63.9569 -78.2377 -35.9338 -75.7464 -80.2356 -72.6022 -60.7333 -79.2105 -30.9134 -57.2818 -42.6189 -71.6637 -53.6213 -71.6273 -152.541 -69.6739 -82.0751 -48.2817 -53.4724 -92.3568 -85.4131   -66.48 -66.2342 -57.9731 -42.0179 -87.8585 -37.7245 -64.8178 -45.1967  -76.744 -65.4224  -63.989 -73.8201 -48.2682 -62.6336 -57.0119 -57.3176 -82.7032 -85.5406
-64.3239 -54.1726 -59.4294 -56.9247 -59.7458  -51.047 -62.5011 -66.0144 -44.8779  -79.869 -43.7513 -36.6401 -49.4345 -61.1983  -62.001 -67.0281  -52.805 -56.2726 -42.4271  -77.692 -56.9869 -48.9837 -68.4203 -63.9557 -45.5994   -57.55 -72.1482 -60.7558 -73.6039 -38.3802  -57.706 -28.9506 -65.7945 -49.8293 -65.0472 -69.6739 -156.067 -87.7449 -55.6602 -54.5362 -55.6813 -82.7403 -65.4563 -41.4144 -63.5429 -53.7327 -78.8348 -44.4326 -75.9973  -41.042 -92.6668 -68.8715 -31.4019 -59.1963 -42.9276  -68.698  -78.098 -60.1483 -72.1246 -66.3698
-120.973 -70.1409 -73.6982 -67.2427  -67.694 -59.3031 -95.7891  -63.722 -89.4494 -102.949 -56.1021 -88.8699  -56.061 -71.1742 -65.7218 -111.851 -86.0806 -78.6485 -55.9483 -94.8343 -92.0793 -95.0043  -92.542 -97.8284 -63.6432 -63.9836 -85.8311 -70.5383 -104.106 -63.8929 -84.7196 -53.7892 -91.1985 -88.4583 -79.6813 -82.0751 -87.7449 -189.486 -74.8454 -87.6107 -94.1096 -118.462 -70.1744 -72.7427 -71.4169 -74.6014  -102.07 -80.9428   -72.71  -53.188 -90.4223 -62.0617 -85.5738 -95.3098 -76.9299 -78.2303 -122.278 -80.8431 -110.635 -95.3638
-44.9364 -47.9969 -48.4576 -56.6136 -54.6524 -58.0354 -82.0793 -67.2276 -47.4265  -71.715 -45.1786 -66.4983 -40.2395 -25.7076 -47.3409 -73.9067  -77.833 -48.6994 -32.8343 -58.6319 -69.7364 -81.0079 -56.6157 -69.6051 -68.2084 -57.9936 -46.6476 -47.3682 -61.5169 -54.0405 -63.7428 -48.3408 -84.0138 -55.2271 -56.2289 -48.2817 -55.6602 -74.8454 -127.244 -75.6565 -67.7646 -62.7358 -44.2042 -46.4762 -50.2991 -35.4155 -73.0872 -60.7208 -46.0797 -44.8332  -62.422 -54.2351 -54.9088   -65.97 -37.3091 -64.9336 -73.9317 -47.8883 -68.8594  -62.202
-73.9502 -62.4088 -38.7901 -75.6973 -59.7825 -39.5732  -81.572 -55.3164  -66.952 -89.2562  -60.437 -58.2217 -53.0242 -42.1206 -61.6338 -59.5106 -80.6843 -42.2177 -39.8314 -61.3509 -76.5812 -81.8134 -61.3946 -63.9906 -89.2767  -51.556 -42.4812 -33.4254 -77.6893 -28.7249  -53.281 -43.0694  -48.396 -84.0977 -80.0453 -53.4724 -54.5362 -87.6107 -75.6565 -152.262 -69.4936 -92.9143 -56.8925  -69.806 -73.1762 -23.7761 -73.6745 -59.6051 -55.4004 -35.2966 -64.3502 -68.4188 -62.0573 -65.2813 -49.4418 -67.5386 -81.2968 -58.2404 -70.7994 -71.3081
-84.5576 -49.4576 -67.5054 -57.7011 -70.6731 -59.1686 -80.8604 -70.5647  -55.089 -88.3936  -59.743 -82.3519 -57.3319 -63.1229 -79.2097 -87.1352 -94.9533 -49.0378 -54.5748 -82.4793 -87.9516 -58.2993  -95.887 -73.6813 -87.6389 -64.4711 -85.1096  -66.226 -76.2501 -59.0032 -76.0318 -55.9229 -93.6215 -62.5785 -81.5968 -92.3568 -55.6813 -94.1096 -67.7646 -69.4936 -153.694 -82.2618 -70.0712 -73.0993 -49.8779 -52.3467 -86.4857 -68.2928 -66.6137 -57.6412 -81.4415  -65.401 -58.8424 -81.7377 -45.0546 -56.4463 -64.6519 -57.4008 -89.0951 -90.4232
-109.519 -60.8365  -64.671 -63.1972 -87.2935 -54.5582 -84.7273 -53.5363  -81.876 -84.7226 -66.9088 -85.2873 -57.8504  -63.792 -80.2228 -88.8367 -84.3269 -56.8347 -45.3321 -56.8483 -68.8158 -62.5792 -83.1749 -65.7776  -85.396 -74.7096 -78.0583 -56.9353 -77.7792 -51.2084 -55.4986 -37.5409 -65.1923 -88.1167 -84.3165 -85.4131 -82.7403 -118.462 -62.7358 -92.9143 -82.2618 -177.514 -57.1447 -66.0236 -67.9284 -44.4856 -99.3272 -76.0181 -64.5483 -57.0049 -86.7225 -72.7664 -64.1349 -68.2323 -58.1185 -51.0351 -103.166 -51.0566 -113.257 -86.3931
 -75.588 -46.1629  -58.568 -53.9082 -58.5948 -40.3692 -72.7697 -58.1747 -59.6062 -82.6206 -49.7294  -58.705 -39.7696  -58.545 -55.6029 -47.6937 -57.7981 -33.0678 -55.1262 -60.7613 -40.9332 -71.1434 -46.0823 -56.2183 -36.0831 -57.0713 -71.8123 -53.8014 -65.5781 -53.6497 -66.7815 -34.7202  -62.097 -59.8753 -84.4796   -66.48 -65.4563 -70.1744 -44.2042 -56.8925 -70.0712 -57.1447 -132.842 -75.1295 -52.0579 -53.1936 -82.6715 -60.4365 -71.3605 -43.2561 -68.6541 -60.6979 -58.6904 -71.6359 -58.6321 -35.0547 -61.6394 -51.2347 -68.7327 -68.1518
-67.5831 -65.7892 -45.9408 -64.5887 -45.2665 -39.2383 -69.3878 -56.7277 -64.2416  -86.469 -56.7931  -61.084 -49.5003 -58.7848 -69.4199 -73.9587 -90.5177 -49.3252 -53.0513 -60.0577 -80.4147 -66.3985 -51.7864  -67.661 -83.6729 -48.2148 -62.7764 -52.6568  -48.629 -47.1601 -66.8391 -51.0958 -74.2021 -79.0189 -76.4135 -66.2342 -41.4144 -72.7427 -46.4762  -69.806 -73.0993 -66.0236 -75.1295 -134.817 -54.0188 -48.9575 -64.5769 -50.0675 -42.5745 -38.6518 -69.1852 -46.9176 -67.9352  -72.579 -58.4884 -44.3575 -68.7751 -52.3525 -62.6104 -90.1523
-84.0194 -48.5223 -44.5733 -55.9475 -56.3352  -51.144 -53.0276 -67.8747 -32.8932 -73.3269 -62.9491   -36.87  -37.966 -51.1882 -53.8832 -74.8257 -78.9105  -69.864 -49.8057 -57.3378 -76.3353 -43.8188 -58.8227 -59.3093 -69.0632 -61.9051 -55.2138 -35.0641 -78.7406 -54.1208 -46.2955 -41.1869 -62.7532 -55.2944 -74.2394 -57.9731 -63.5429 -71.4169 -50.2991 -73.1762 -49.8779 -67.9284 -52.0579 -54.0188 -128.738 -48.7442  -72.039 -57.7473 -63.0998 -36.3188 -59.7995 -57.7131 -56.0784 -54.1279 -51.8763 -66.4296 -67.8254 -74.1563 -81.6279  -53.971
-61.4311 -41.5769 -46.6087 -39.4329 -30.3359  -38.643 -64.1806 -59.7312 -55.5733 -29.9151 -48.7205 -50.2132 -25.7525 -38.7883 -40.5886 -64.0054  -71.867 -60.6342 -35.9144  -60.107 -54.5726 -65.0787 -50.5074 -67.7104 -48.2754 -48.7225 -59.6653 -36.5391 -46.2048 -66.5972 -55.6542 -37.1811 -58.8463  -47.298 -57.3511 -42.0179 -53.7327 -74.6014 -35.4155 -23.7761 -52.3467 -44.4856 -53.1936 -48.9575 -48.7442 -114.309 -76.7691 -50.7577 -63.8056 -27.3474  -66.411 -42.2324 -49.0699  -66.312 -38.1063 -57.2738 -56.0742 -65.9312 -69.5455 -53.3251
-81.1133 -58.9886 -71.6928 -73.0889  -82.593 -53.2811 -98.8171 -59.3284 -76.9365 -76.0854  -75.481 -67.5487 -32.9733 -62.7857 -84.7422 -89.9359 -106.084 -70.2216 -45.9578 -85.6545  -70.788 -82.8367 -85.0614 -68.9508 -73.8194  -64.697 -80.2301 -66.0155  -82.411 -74.9546 -66.5007 -38.7962 -77.7856  -84.876 -85.0655 -87.8585 -78.8348  -102.07 -73.0872 -73.6745 -86.4857 -99.3272 -82.6715 -64.5769  -72.039 -76.7691 -162.667  -79.499 -85.5561 -31.9881  -101.12 -71.6942 -73.4247 -86.4329 -46.6121 -68.5795 -100.232 -63.0141 -91.0755  -82.114
-94.2296 -41.3455 -39.2903 -38.5324  -78.586 -53.5992 -73.9474 -66.2198 -53.0075 -59.3543 -71.7188 -58.7119 -30.1902  -71.954 -57.3256 -58.2547 -70.4411 -37.3737 -21.9475 -61.9542  -63.115 -68.1838 -50.4923 -41.9595 -66.2441 -52.4417 -84.3097 -46.4705 -64.3158 -63.1667 -65.2447 -45.2045 -67.6077 -52.2947 -77.2289 -37.7245 -44.4326 -80.9428 -60.7208 -59.6051 -68.2928 -76.0181 -60.4365 -50.0675 -57.7473 -50.7577  -79.499 -132.231 -68.8257 -37.0895 -45.9014 -42.9974 -66.5157 -61.3375 -42.7199 -49.9138  -65.727 -57.5733 -64.4745 -48.5457
-66.8319 -68.5999 -62.7411 -55.0303 -61.7041 -47.3861 -64.5191 -64.9595 -54.2845 -40.3299 -50.9803 -48.5613 -51.1865 -61.2412 -63.6619 -63.2156  -76.211  -46.138 -38.7897 -76.7522 -51.1338 -57.8087 -68.8513 -62.1025 -67.2268 -66.8424 -73.1286 -46.7047  -84.082 -46.1044 -63.9805 -26.7773 -90.4016 -50.6338 -89.4704 -64.8178 -75.9973   -72.71 -46.0797 -55.4004 -66.6137 -64.5483 -71.3605 -42.5745 -63.0998 -63.8056 -85.5561 -68.8257 -131.528 -38.3097 -63.1481 -65.3357 -45.9804 -58.1063  -42.641 -53.9691 -71.9995 -60.2606 -74.8251 -58.1871
 -61.768 -13.1799 -41.7767  -30.353 -58.2875 -55.2867 -57.9042 -52.0553 -25.4417  -54.043 -30.0088 -49.9356 -23.3283 -53.1408 -44.8132 -49.6463 -23.7704 -24.6278 -33.9245 -51.4723 -68.2114 -42.0449  -39.711 -48.8042 -32.9732   -62.05 -48.5492  -34.194 -42.5046 -21.5653 -46.8747 -37.2552  -77.755 -27.9664 -38.2701 -45.1967  -41.042  -53.188 -44.8332 -35.2966 -57.6412 -57.0049 -43.2561 -38.6518 -36.3188 -27.3474 -31.9881 -37.0895 -38.3097  -119.63 -33.5506 -30.1173  -41.132 -31.6202 -37.4753 -29.5527 -34.5383 -49.6506 -63.6884  -39.989
-70.6223  -59.734 -78.1406  -72.257 -56.7044 -49.8655 -71.6851 -63.4213 -58.8418 -84.7129 -56.4705 -67.7656 -43.9554 -35.5905 -74.0582 -91.8315  -86.379 -65.0705 -66.6361 -76.8683 -66.1343 -78.4242 -88.4516 -74.5309  -69.769 -76.4043 -46.8854 -50.5717 -66.7599 -60.1968 -73.5192 -41.8428 -72.5938 -60.0317 -68.1567  -76.744 -92.6668 -90.4223  -62.422 -64.3502 -81.4415 -86.7225 -68.6541 -69.1852 -59.7995  -66.411  -101.12 -45.9014 -63.1481 -33.5506 -149.485 -73.1046 -57.9518 -73.6848 -43.3177  -83.464 -93.2239 -58.0319 -85.2051 -94.7152
 -71.941 -51.2163 -47.7235 -59.7554 -53.8341 -28.9256 -64.1255 -28.4549 -39.0378 -55.5963 -60.8362 -42.4126 -34.1847 -37.9706 -52.3534 -55.2618 -71.3952 -38.7888 -32.7381 -66.5761 -44.2504 -64.9748 -34.5824 -59.1156 -58.3308 -50.5332 -43.3141 -30.6204 -71.0203 -33.2007 -48.2874 -41.1758 -41.5064 -51.8133  -85.379 -65.4224 -68.8715 -62.0617 -54.2351 -68.4188  -65.401 -72.7664 -60.6979 -46.9176 -57.7131 -42.2324 -71.6942 -42.9974 -65.3357 -30.1173 -73.1046 -145.085 -25.9554 -50.4699 -41.6137 -64.4118 -46.9541 -51.3587 -58.6032 -62.3263
-85.4475  -61.034 -38.5241 -40.7928 -56.6415 -61.8361 -75.2934 -66.9798 -66.2454  -56.379 -49.2598 -42.8719 -33.0704 -54.0079 -70.7949 -82.6129  -88.489 -56.5204 -35.4256 -52.4411 -73.0308 -71.2898 -52.5896 -38.5561 -46.2056 -61.6703 -66.3928 -47.7356 -55.3462 -61.7352 -58.7286 -62.3168 -63.3225  -65.478 -58.3156  -63.989 -31.4019 -85.5738 -54.9088 -62.0573 -58.8424 -64.1349 -58.6904 -67.9352 -56.0784 -49.0699 -73.4247 -66.5157 -45.9804  -41.132 -57.9518 -25.9554 -142.136  -69.632  -54.958 -47.1487 -86.1065 -63.2802 -79.6247 -76.6432
-80.4154  -42.318 -62.7641 -50.7628 -52.3092 -67.0407 -69.8386 -66.0066 -73.9155  -80.803 -69.9059 -74.0032 -25.9317 -48.2066 -68.6141 -78.1645 -84.1573 -54.3843 -45.0393 -65.2383 -75.2025 -84.2797 -81.6295  -77.335 -80.1701 -63.8944 -58.4633 -50.2913 -67.9043 -67.0453  -84.046 -62.0676 -72.9766 -69.4385 -83.4711 -73.8201 -59.1963 -95.3098   -65.97 -65.2813 -81.7377 -68.2323 -71.6359  -72.579 -54.1279  -66.312 -86.4329 -61.3375 -58.1063 -31.6202 -73.6848 -50.4699  -69.632 -156.157 -52.3287 -41.8698 -81.4605  -64.475 -96.0013 -86.3461
-69.2257 -39.5878 -56.9936 -37.9484 -27.6027 -31.8868 -51.4398 -42.7003 -52.2023 -73.8331 -46.6884 -62.3342 -35.8546 -58.0969 -36.5391 -68.1763 -49.1757 -38.7313 -36.4776 -53.8911 -43.2108 -47.8695 -27.6941 -67.0609 -41.9455  -52.968 -67.4573 -55.2757 -74.3309 -26.2472 -51.6396 -32.4919 -58.7671 -50.3949 -37.4527 -48.2682 -42.9276 -76.9299 -37.3091 -49.4418 -45.0546 -58.1185 -58.6321 -58.4884 -51.8763 -38.1063 -46.6121 -42.7199  -42.641 -37.4753 -43.3177 -41.6137  -54.958 -52.3287 -111.318 -33.0402 -56.0055 -59.1597 -65.2822 -73.0394
-69.3885 -48.1819  -48.445 -63.6488 -59.3939  -42.246 -59.0592 -69.9149 -42.4388 -46.5441 -42.1045 -37.5122 -27.3985 -46.3939 -54.2441 -73.2181 -68.1088 -49.0812 -52.2974 -74.1836 -68.1883 -81.0849 -60.6792 -74.9592 -67.2515  -70.224 -45.8684 -29.4367 -82.0966 -36.7571 -58.2369 -41.4591 -53.2205 -32.4011 -68.3722 -62.6336  -68.698 -78.2303 -64.9336 -67.5386 -56.4463 -51.0351 -35.0547 -44.3575 -66.4296 -57.2738 -68.5795 -49.9138 -53.9691 -29.5527  -83.464 -64.4118 -47.1487 -41.8698 -33.0402 -139.689 -54.7047 -58.5721 -49.4963 -73.5767
-86.0474  -63.407 -65.7648 -51.8794 -61.0847 -60.8534 -86.1403 -51.6453 -72.1343 -85.1544 -60.7187 -70.3878 -55.8203 -45.5896 -90.2998 -102.723 -100.366  -74.916 -56.8963 -52.2142 -72.5118 -68.1026 -70.8322 -76.8751 -64.4205 -71.0004 -79.7617 -51.2265 -80.7851 -55.9061 -80.4234 -47.9962 -96.1057 -94.8467 -75.4596 -57.0119  -78.098 -122.278 -73.9317 -81.2968 -64.6519 -103.166 -61.6394 -68.7751 -67.8254 -56.0742 -100.232  -65.727 -71.9995 -34.5383 -93.2239 -46.9541 -86.1065 -81.4605 -56.0055 -54.7047 -171.441 -63.0709 -96.2381 -80.2176
-82.1221 -30.5709 -36.6819 -54.9907 -27.2166 -54.2866 -65.9319 -72.4124 -40.3747 -65.0327 -60.0942 -65.8264 -19.2532 -41.3727 -62.4847 -70.8866 -65.2991 -64.9368 -35.4788 -62.4384 -62.7818 -64.0903 -49.5334 -72.5464   -53.38 -45.3524 -68.1027 -45.1638 -67.3615 -32.2029 -64.1612 -49.0801 -58.9179 -60.0994 -47.2087 -57.3176 -60.1483 -80.8431 -47.8883 -58.2404 -57.4008 -51.0566 -51.2347 -52.3525 -74.1563 -65.9312 -63.0141 -57.5733 -60.2606 -49.6506 -58.0319 -51.3587 -63.2802  -64.475 -59.1597 -58.5721 -63.0709 -131.999   -73.33 -61.0291
-99.8596 -60.3378  -65.067 -74.7832 -62.1295 -72.4349 -74.7238 -73.5398 -71.3765 -83.8178 -67.0331 -92.5024 -48.5333 -56.2077  -78.042 -112.699  -98.067 -65.1721 -65.4698 -72.7714 -93.4607 -82.5235 -84.3439 -82.9129 -85.6893  -71.946 -78.9019 -68.6019 -72.6601 -67.7603 -57.2331  -64.825 -92.1634 -73.2036 -79.3159 -82.7032 -72.1246 -110.635 -68.8594 -70.7994 -89.0951 -113.257 -68.7327 -62.6104 -81.6279 -69.5455 -91.0755 -64.4745 -74.8251 -63.6884 -85.2051 -58.6032 -79.6247 -96.0013 -65.2822 -49.4963 -96.2381   -73.33 -170.207 -81.9292
  -87.18 -61.0988 -62.5472 -79.9355  -61.865   -45.54 -75.7301 -68.2022  -72.668  -87.394 -62.9778 -81.8045 -45.6609 -54.3649 -65.6336 -104.922 -81.3907 -54.0242 -70.1765 -73.0355 -66.0549 -91.4024  -88.698 -80.1999 -78.5979 -74.3843 -66.2627 -59.6695  -85.367 -56.7707 -91.8656 -50.5204 -88.2862 -78.6164 -78.7333 -85.5406 -66.3698 -95.3638  -62.202 -71.3081 -90.4232 -86.3931 -68.1518 -90.1523  -53.971 -53.3251  -82.114 -48.5457 -58.1871  -39.989 -94.7152 -62.3263 -76.6432 -86.3461 -73.0394 -73.5767 -80.2176 -61.0291 -81.9292 -168.449
  1.24738   2.26072   2.93281   1.26829   1.25708   1.01803   0.20318   2.30008   2.67354 -0.815983   1.00713 -0.317046 -0.966658    1.4872 -0.489049   1.70607  0.472621   1.54044  0.257896   2.51529   1.39658   2.75904  -0.76961  0.379512 -0.721352   1.94078 -0.193438  0.858285   1.76925   1.78325        -0        -0        -0        -0        -0        -0        -0        -0        -0        -0        -0        -0        -0        -0        -0        -0        -0        -0        -0        -0        -0        -0        -0        -0        -0        -0        -0        -0        -0        -0
   2.26072   0.333072     1.7143    2.21488    2.72574    2.35381  -0.229871    2.79383    1.62023    2.73544     1.9444    1.98457    0.28581   0.404632 -0.0785895    2.16238    2.91945   0.518284    2.97215      2.149    1.56124    1.90874    1.94554  -0.190892    1.52599   0.186826    2.50215  -0.564416    1.37416   0.960987         -0         -0         -0         -0         -0         -0         -0         -0         -0         -0         -0         -0         -0         -0         -0         -0         -0         -0         -0         -0         -0         -0         -0         -0         -0         -0         -0         -0         -0         -0
  2.93281    1.7143  0.939758   1.96488   2.75693 -0.969228   2.79827 -0.963073  0.954424   1.70291  0.501496  0.525996   1.40006   2.01008   2.57207 -0.127992  0.801533   2.88721  0.859418    1.3782 -0.340833   2.48721  0.209406   2.32804   2.74996   2.02945   2.67305  0.913731  0.602367   1.31098        -0        -0        -0        -0        -0        -0        -0        -0        -0        -0        -0        -0        -0        -0        -0        -0        -0        -0        -0        -0        -0        -0        -0        -0        -0        -0        -0        -0        -0        -0
  1.26829   2.21488   1.96488 -0.791952  0.221956  0.774957  0.233952   2.09835   2.71047   1.13844 -0.289953   1.18445  0.559338 -0.112738   2.52103   1.27815   1.34463 -0.658028  0.145104  0.374706 -0.225227 -0.581797    2.7176   1.58892   2.60668   1.69074   2.83602   0.53134 -0.317018 -0.614383        -0        -0        -0        -0        -0        -0        -0        -0        -0        -0        -0        -0        -0        -0        -0        -0        -0        -0        -0        -0        -0        -0        -0        -0        -0        -0        -0        -0        -0        -0
  1.25708   2.72574   2.75693  0.221956   2.93379  -0.42423   1.54509 0.0277852  0.718581   2.44591 0.0828369   2.69461   2.47026   1.96397  0.808673    1.6834    1.1976   2.86291 -0.685881 -0.705899   2.93594   2.68351   2.36374 -0.473291  0.114907 -0.206489   1.19288   -0.7284    2.9055   1.64397        -0        -0        -0        -0        -0        -0        -0        -0        -0        -0        -0        -0        -0        -0        -0        -0        -0        -0        -0        -0        -0        -0        -0        -0        -0        -0        -0        -0        -0        -0
   1.01803    2.35381  -0.969228   0.774957   -0.42423    2.96456  -0.625958    1.58201    1.98221  -0.578505 -0.0525979    1.60883    1.09468    1.48034    1.53604    1.68068  -0.515063    1.08481    0.72233    1.69232 -0.0467322    2.42315  -0.107085    1.69178   -0.72333  -0.855638  -0.533434  -0.893384   0.873967    1.21648         -0         -0         -0         -0         -0         -0         -0         -0         -0         -0         -0         -0         -0         -0         -0         -0         -0         -0         -0         -0         -0         -0         -0         -0         -0         -0         -0         -0         -0         -0
  0.20318 -0.229871   2.79827  0.233952   1.54509 -0.625958  0.198511   2.47239   1.29248   0.12065  0.131542   2.13185 -0.831829   1.98194   1.00136 -0.185807 0.0253088 -0.173091   2.22991   2.09704   2.46709  0.371471   2.14076   2.48183   1.29846   1.96741   2.98038  0.997905 -0.210402   1.25958        -0        -0        -0        -0        -0        -0        -0        -0        -0        -0        -0        -0        -0        -0        -0        -0        -0        -0        -0        -0        -0        -0        -0        -0        -0        -0        -0        -0        -0        -0
  2.30008   2.79383 -0.963073   2.09835 0.0277852   1.58201   2.47239    1.2263  0.190975  0.738386   1.20349 -0.173844   1.60211   2.13214 -0.209386 -0.315233   2.01179 -0.111779  0.141028   2.52401   2.03298    2.1506  -0.26479   2.66747  -0.40326   2.09197  0.160293 -0.748022  0.903405   2.43357        -0        -0        -0        -0        -0        -0        -0        -0        -0        -0        -0        -0        -0        -0        -0        -0        -0        -0        -0        -0        -0        -0        -0        -0        -0        -0        -0        -0        -0        -0
  2.67354   1.62023  0.954424   2.71047  0.718581   1.98221   1.29248  0.190975  0.208506   0.61247   1.68579  -0.18768   1.92084 0.0824505  0.668185   2.47129  0.169704 0.0966014   1.61055   2.83334 -0.522719   1.45614 -0.956486   2.42698   2.94414 -0.258898   2.55854  0.266909   1.12595 -0.880115        -0        -0        -0        -0        -0        -0        -0        -0        -0        -0        -0        -0        -0        -0        -0        -0        -0        -0        -0        -0        -0        -0        -0        -0        -0        -0        -0        -0        -0        -0
 -0.815983    2.73544    1.70291    1.13844    2.44591  -0.578505    0.12065   0.738386    0.61247    1.32916    1.74401   0.817641 -0.0195092   0.902777    2.08381    1.48238  -0.503396   0.996613  -0.673486   0.707588    2.30043   0.848752   0.596891    2.52535   0.725444    1.91154   -0.27852   0.556441    1.05651  -0.614469         -0         -0         -0         -0         -0         -0         -0         -0         -0         -0         -0         -0         -0         -0         -0         -0         -0         -0         -0         -0         -0         -0         -0         -0         -0         -0         -0         -0         -0         -0
   1.00713     1.9444   0.501496  -0.289953  0.0828369 -0.0525979   0.131542    1.20349    1.68579    1.74401  -0.467357    2.57017  -0.580245  -0.887369    1.69339    2.76858   0.494171   0.384825    2.13764    2.85053  -0.259432    1.45103    1.58396   0.264357  -0.877913  -0.182586  -0.928163 -0.0265413    2.45985   0.490073         -0         -0         -0         -0         -0         -0         -0         -0         -0         -0         -0         -0         -0         -0         -0         -0         -0         -0         -0         -0         -0         -0         -0         -0         -0         -0         -0         -0         -0         -0
