60
1
60
 0.00990769    0.113518   0.0846451  -0.0248553    0.152786   -0.340651 -0.00991204   0.0745647   0.0844219   -0.095788  -0.0882907    0.119675    0.294218 -0.00999774    0.024531   -0.146295   0.0178088   0.0711701    0.175741   -0.154974  -0.0141029    0.109754  -0.0747791   -0.106305   -0.179969    0.157307  -0.0734342   -0.187791  0.00209615    0.181494    0.051199  -0.0205573     0.12131   0.0470397  0.00352742   0.0620344  -0.0957963    0.216555    -0.01623  -0.0392863   0.0215076     0.29117   0.0652883    0.140366  -0.0221097   -0.124457   -0.233232   -0.109806   0.0622208    0.317999  0.00913709      0.1278   0.0883913  -0.0279931   0.0704118   0.0266558   -0.122525   0.0849903    0.129604   -0.137398
-132.576 -64.1303 -84.2729 -55.2368 -71.9526 -67.3535 -45.4636 -53.9966 -60.1923 -67.7093 -44.0131 -28.1636 -44.2527 -61.6697 -56.5979 -67.3904 -69.7523 -22.9858 -68.1234  -55.386 -60.0212 -38.1911 -44.5305 -55.7388 -39.4658 -50.5143 -52.5987 -36.0348 -17.7887 -63.4947 -68.5422 -52.1161 -57.1689 -62.8583 -52.0244 -66.6642 -31.4515 -42.2746  -33.974 -46.0596 -44.1841  -50.054 -63.6962 -51.9216  -44.146 -60.4005 -67.7186 -57.9851 -52.9573 -40.8482 -70.8282 -89.3284 -60.9456 -70.2977 -39.4016 -75.7578 -66.7666 -43.7818 -36.8141 -42.5047
-64.1303  -137.25 -54.3811 -55.0192 -84.8602 -80.3743 -42.3585 -52.4861 -59.8247 -47.5575 -41.6095 -28.4853 -67.5625 -33.0685 -78.4446 -60.6938 -73.3568 -60.0815 -57.0585 -59.4549 -73.5249 -62.9915 -40.4133 -41.4849  -45.225 -62.7201 -66.8779 -49.8259 -63.6196 -71.5958 -70.6477 -77.3852 -52.6726 -67.6063 -40.2754 -72.8585 -53.5482 -56.6029  -30.048 -51.9453 -47.8941 -61.5672  -34.059 -56.6706 -78.3507  -59.666 -67.9739 -48.9814 -47.8457 -60.0772 -47.3124  -71.168 -63.5939 -45.4005 -69.6078 -81.9658 -76.0907 -44.6817 -17.5733 -71.4022
-84.2729 -54.3811 -128.848 -58.6387 -80.0454 -76.4387 -44.0437 -43.1004 -65.6356 -69.7576 -51.9249 -34.6513 -48.0693 -62.6597 -81.0094 -58.8128 -75.1356 -28.4562  -64.283 -49.2288 -80.3589 -48.4297 -48.7314 -54.5426  -60.847 -48.9788 -63.3927 -55.3243  -29.717 -59.8983 -60.9289 -69.4194 -63.9351 -64.3743 -28.4961 -56.1535 -30.1592 -47.5715 -43.7107  -47.574 -41.0565 -49.5335 -54.9105  -59.227 -44.0991 -73.1355 -72.6871 -46.1736   -57.88 -59.6104 -67.3088 -68.9393 -69.1054 -64.5822 -53.4991  -75.518  -71.915 -51.2407 -30.1852 -57.5651
-55.2368 -55.0192 -58.6387 -121.533 -86.3342 -60.8452 -39.9887 -50.3572 -56.5871 -57.9548 -46.5502 -29.2711 -70.7307 -51.0504 -65.0394 -71.0175 -78.5092 -49.8399 -56.3302 -39.0152 -50.3941 -71.4661 -51.4907 -54.6552 -53.1313 -42.4421 -49.4641 -64.7554 -44.8807 -62.9537 -58.6469 -59.5246 -34.9983 -75.6795 -60.8184  -56.548 -23.2884 -57.9798 -36.9962 -60.9844 -31.0277 -61.0632 -45.5186 -58.9411 -61.2129 -70.5174 -75.3495 -53.6789 -48.9613 -61.0728 -49.0004 -68.3541 -81.6584  -45.026  -44.372 -83.4286 -68.9164 -44.2958 -39.5048 -58.2309
-71.9526 -84.8602 -80.0454 -86.3342 -185.075 -92.9224 -44.6886 -71.7861 -55.7711 -70.7709  -65.051 -45.9892 -97.5298 -64.0684 -88.4132 -102.909 -87.6747 -65.4411 -63.8134 -79.3707 -91.6629 -83.9419 -54.5366 -77.0282 -85.2643 -82.4497 -72.1564 -83.5364 -67.3274 -89.7932 -73.2219 -88.6132    -96.6 -103.817 -62.2493  -81.747 -69.5188 -64.3279 -46.9554 -76.0481 -62.4589 -91.0664 -65.1982 -86.1709 -92.8135 -92.5612 -103.508 -71.4099 -62.6735 -81.0832 -91.8548 -88.3021 -92.5833 -78.5327 -98.3377 -119.796 -86.5319  -74.567 -53.1858 -91.4547
-67.3535 -80.3743 -76.4387 -60.8452 -92.9224 -164.958 -68.3456 -68.4716 -56.1509 -51.5681 -39.8826 -31.6896 -55.3915  -53.273 -89.5083 -75.8949 -74.1352 -67.1086 -53.6717 -70.8854 -57.5137 -72.6521  -44.885 -70.9168 -72.8427 -72.1179 -58.4413 -88.8633 -70.5246 -80.4309  -79.241  -82.081  -64.712  -71.744 -48.3001  -75.659 -54.3217 -60.6427 -49.2177  -72.902 -46.9719 -56.4629 -43.9011 -78.0704 -66.5806 -82.6971 -55.4828 -61.6432  -71.954 -63.4455 -69.6334 -72.4914 -76.5144 -64.0677  -69.725 -109.108 -79.2861 -47.4202 -33.6689 -93.8507
-45.4636 -42.3585 -44.0437 -39.9887 -44.6886 -68.3456 -150.229  -69.321 -56.1534 -58.5648 -39.1517  -47.299 -38.8976 -42.2624 -71.0415 -74.3356 -50.7801 -46.0462 -43.1774 -65.3477 -37.3624 -39.4602 -60.8932 -24.7246 -75.1876 -49.0046 -68.2155 -57.2536 -42.2491 -35.2515 -37.4986 -50.7004 -45.0912 -59.5097 -42.3085 -69.9746 -40.6682 -39.9026 -42.8453 -67.0507 -49.8073 -67.7318 -62.9763 -37.9441 -65.9224 -49.8873 -62.7913 -73.0572 -65.2414 -41.1246 -62.9011  -59.606 -46.2376 -63.9758 -46.4313 -72.8508 -47.9433 -26.1308 -39.7217 -45.4169
-53.9966 -52.4861 -43.1004 -50.3572 -71.7861 -68.4716  -69.321  -152.81 -48.1095 -57.6122 -49.6262  -74.182  -63.906 -57.3038 -77.2182 -68.4325 -67.2574 -74.4522 -39.5953 -81.7119 -74.9501 -50.3601 -75.9369 -65.8855 -58.0627 -68.8019 -67.1024 -54.7979 -54.1943 -67.7018 -65.5048 -71.8334 -76.3098 -90.5129 -52.0978 -76.5316 -60.8178  -59.532 -47.5024 -70.2524 -53.1668 -75.4383 -61.7605 -59.2126 -64.1612 -68.5347 -75.2851  -73.395 -75.9899  -46.608 -77.3062  -103.81 -48.9818 -69.1228 -54.9957 -82.5671 -97.3855 -40.8276 -67.0024 -76.7148
-60.1923 -59.8247 -65.6356 -56.5871 -55.7711 -56.1509 -56.1534 -48.1095 -124.446 -60.4424 -30.8559 -41.4385 -40.0152 -45.2815 -54.0261 -47.3273 -56.0625 -41.8937 -72.9035 -43.4236 -70.9439 -45.2382 -54.9021 -47.0905 -47.5656 -44.9721 -58.1726 -37.0689 -42.0761 -46.1452  -67.055 -56.2155 -38.2194 -71.9707 -38.4587 -53.1099 -41.4751 -31.9637 -32.3258 -70.2975 -50.2635 -44.6194 -45.9809 -58.1132 -62.0439 -45.9777 -58.3983 -46.5477 -43.0862 -48.2377 -61.6115 -50.0257 -45.8993 -48.4329 -63.4273 -74.7154 -52.1155 -31.3828 -41.4604 -45.2382
-67.7093 -47.5575 -69.7576 -57.9548 -70.7709 -51.5681 -58.5648 -57.6122 -60.4424 -131.999 -51.6883 -44.6292 -40.4619  -38.731 -66.6496 -39.1818 -53.5782 -49.8715 -66.2859 -32.1655 -90.0126 -48.9216 -46.2707 -56.0983 -75.4568  -44.607 -64.3309 -49.1061 -42.3838 -58.0317 -60.6918 -50.3931 -51.1395 -59.6101 -61.6582 -38.7245 -25.5818 -52.5827 -21.1973 -55.4876 -42.8843 -46.8138 -54.3735 -53.9122 -54.0885 -71.9115 -68.4437 -49.0707 -56.5363 -53.2249 -69.4062 -65.0208  -45.448 -38.9359 -47.5098 -60.2219 -53.8923 -56.8878 -11.3005  -53.669
-44.0131 -41.6095 -51.9249 -46.5502  -65.051 -39.8826 -39.1517 -49.6262 -30.8559 -51.6883 -108.117 -24.5499 -50.2803 -44.2327 -60.6617 -51.7664 -55.4756 -41.4771 -50.9755 -58.1159 -52.1487 -32.1625 -41.5642    -57.4 -64.6214 -64.9061 -54.5245 -49.6605 -32.1008 -50.4164 -37.2667 -52.0541 -60.3195 -68.6335 -47.0477 -48.4733  -30.591 -44.5945 -58.8637 -52.0338 -32.5801 -52.9581 -50.5475  -36.752 -50.5537 -51.9013 -59.4807 -34.6185 -49.8324 -45.8939 -63.6103 -67.6864 -51.7687 -57.8689 -51.2913 -64.6916 -63.5745 -46.9662 -47.1122 -50.6563
-28.1636 -28.4853 -34.6513 -29.2711 -45.9892 -31.6896  -47.299  -74.182 -41.4385 -44.6292 -24.5499 -113.673  -45.682 -35.9317  -39.482 -33.3197 -53.5576 -23.1662 -45.9233 -45.7453 -56.8156 -37.7141 -39.3895    -46.2 -50.1832 -45.9798 -51.1897 -24.4361 -28.6022 -56.4684 -44.3915  -55.323 -38.0973 -90.7875 -30.5218 -52.2173 -33.9654 -47.7215 -42.5861 -45.6185 -36.5778 -54.8498 -52.4749      -36 -65.4232  -41.802  -73.431  -31.862 -49.3725 -25.9167 -66.5454 -44.9497 -29.5072 -51.9832 -47.3702 -59.3765  -65.986 -38.8694 -39.9683  -66.744
-44.2527 -67.5625 -48.0693 -70.7307 -97.5298 -55.3915 -38.8976  -63.906 -40.0152 -40.4619 -50.2803  -45.682 -149.424 -34.7826 -65.7368 -63.1251 -62.7181 -46.4078 -43.6252 -52.1847 -68.1275 -52.7699  -43.938 -56.5028 -34.3542 -66.5683 -58.0603 -58.3957 -45.4208 -57.8788 -57.0335 -54.7803 -50.9126 -82.5374 -44.3942 -71.4142  -43.181 -56.1306 -32.5924 -65.5548 -62.7153 -66.4488 -31.9388 -70.5439 -71.0518 -65.8194 -90.6795 -55.8503 -38.2768 -53.7226 -38.3209 -68.9873 -76.4888 -70.4567 -48.5228  -83.564  -52.158 -39.8674  -60.597 -61.6348
-61.6697 -33.0685 -62.6597 -51.0504 -64.0684  -53.273 -42.2624 -57.3038 -45.2815  -38.731 -44.2327 -35.9317 -34.7826 -103.768 -46.1783 -73.3242 -57.0255 -31.1433 -41.0451 -54.0637 -44.2699 -37.7406 -43.9253 -46.4571 -47.4817 -45.3301 -29.9837 -48.9781 -16.9814 -45.6516 -27.4475 -42.4152 -50.2662 -58.7084 -41.7379 -54.2995 -34.4618 -36.8215 -43.8319 -41.3449 -41.6351 -57.3001 -57.5873 -33.8348  -44.505 -60.7072 -58.7541 -48.9151 -48.8183 -44.4007 -57.6642 -67.4732 -56.5115 -53.3964 -44.3933 -69.2034 -59.7665 -50.8193 -32.1752  -42.428
-56.5979 -78.4446 -81.0094 -65.0394 -88.4132 -89.5083 -71.0415 -77.2182 -54.0261 -66.6496 -60.6617  -39.482 -65.7368 -46.1783 -138.995  -65.039 -78.5671 -69.3575 -52.1924 -70.8245 -76.6651  -65.057 -59.5051 -50.6225 -81.7044  -73.467 -90.1669 -76.8638 -58.4299 -55.4154 -60.9222 -86.6631 -64.3897 -76.8328 -55.6268 -72.8731  -40.669 -67.4501 -47.4616 -73.1664 -42.6659 -75.8309 -64.3543 -67.9956 -60.5222 -81.9498 -86.1899 -64.0279 -70.4074 -53.5338 -68.2257 -86.4257 -77.5298 -67.8135  -67.557 -88.0118 -81.5212 -52.1318 -42.9914 -81.2288
-67.3904 -60.6938 -58.8128 -71.0175 -102.909 -75.8949 -74.3356 -68.4325 -47.3273 -39.1818 -51.7664 -33.3197 -63.1251 -73.3242  -65.039 -164.997 -80.2124 -43.6582 -43.0739 -60.8027 -51.4979  -73.372 -53.2687 -42.3181 -70.9992 -54.7912 -39.2582 -52.6854 -48.9637 -43.8057 -43.0934 -77.9526 -66.2894 -87.2492 -44.0591 -61.1439 -49.9472 -59.4422 -52.4711 -64.6818 -45.2406  -76.342 -62.5477 -69.0629 -81.7697 -54.1048 -78.6157 -68.4771 -54.8182 -68.8638 -69.1403 -76.7381 -70.3051 -82.9201 -64.6484 -97.6875 -62.2386 -39.2499 -46.3625 -63.8879
-69.7523 -73.3568 -75.1356 -78.5092 -87.6747 -74.1352 -50.7801 -67.2574 -56.0625 -53.5782 -55.4756 -53.5576 -62.7181 -57.0255 -78.5671 -80.2124 -144.997 -47.0998 -70.9346 -59.5776 -80.7714 -64.7494 -62.8965 -58.2312 -61.8197 -61.7085 -69.2557 -61.5768 -56.7702 -82.3439 -64.3257 -80.3563 -61.5543 -101.976 -49.8375 -76.8437 -31.7317 -61.0178 -57.4228 -61.1632 -17.8103 -81.7301 -61.8385 -78.3847 -82.6523 -70.3161 -80.4244 -58.4682 -57.1945 -55.9352 -78.3993 -78.2117 -77.4659 -77.9023 -63.9197 -88.4162  -88.483 -44.1347 -33.2348 -86.7515
-22.9858 -60.0815 -28.4562 -49.8399 -65.4411 -67.1086 -46.0462 -74.4522 -41.8937 -49.8715 -41.4771 -23.1662 -46.4078 -31.1433 -69.3575 -43.6582 -47.0998 -128.948  -48.211 -56.2149  -61.968 -60.8421 -46.4872 -55.5475 -61.5888 -60.9851 -51.2268 -58.1429 -53.1059 -50.2766 -46.5315 -36.7781 -40.4813 -54.5941 -45.9154  -49.285 -31.5347 -46.8876 -30.0401 -59.7165 -58.1444 -51.9589 -44.0531 -55.4953 -44.1697 -48.6322 -62.3307 -50.5146  -54.431 -52.5084 -56.6321 -47.4802 -32.6825 -34.0919  -40.545 -80.4536  -58.517 -27.0174 -32.8177 -51.4664
-68.1234 -57.0585  -64.283 -56.3302 -63.8134 -53.6717 -43.1774 -39.5953 -72.9035 -66.2859 -50.9755 -45.9233 -43.6252 -41.0451 -52.1924 -43.0739 -70.9346  -48.211 -129.877 -43.5538 -76.6079   -36.35 -57.6255 -64.3268 -54.3094 -62.1054  -40.125 -44.9805 -56.6996 -63.0409 -55.6577 -52.5414 -46.8775 -75.5652 -47.6335 -53.5704  -36.018 -36.3756 -44.0008  -56.721 -59.1329 -58.7762 -51.5073 -70.3688 -71.7509  -61.454 -69.4526 -43.3558 -31.9002  -64.752 -79.3035 -68.3314 -60.3291 -49.1917 -54.6921 -76.8563 -85.1742 -59.9194 -40.9942 -55.5088
 -55.386 -59.4549 -49.2288 -39.0152 -79.3707 -70.8854 -65.3477 -81.7119 -43.4236 -32.1655 -58.1159 -45.7453 -52.1847 -54.0637 -70.8245 -60.8027 -59.5776 -56.2149 -43.5538 -152.061 -44.2794 -51.4755 -63.1251 -52.0793  -71.802  -75.196 -66.4441 -72.3136 -46.8759 -64.0765 -45.0635 -57.5485 -56.4867 -66.8855 -44.6077 -66.7127 -50.6554 -57.8882 -55.0017 -74.8511 -64.3699 -84.1138 -44.4848 -62.8355 -73.1274 -60.4835 -71.4124  -67.905 -73.7909 -52.1608 -65.6238  -94.395 -62.8388 -69.1462 -49.9007 -94.4403  -69.757 -47.7084 -45.2809 -78.3771
-60.0212 -73.5249 -80.3589 -50.3941 -91.6629 -57.5137 -37.3624 -74.9501 -70.9439 -90.0126 -52.1487 -56.8156 -68.1275 -44.2699 -76.6651 -51.4979 -80.7714  -61.968 -76.6079 -44.2794 -157.661 -62.3532 -66.7813 -51.0972 -69.2102 -61.4213 -60.2551 -54.5242 -81.3036 -81.1031 -63.1824 -74.8698  -71.746  -84.966 -45.4962 -61.2906 -48.2948 -38.2618 -31.7286 -66.4333 -42.2065 -56.1615 -40.2297 -65.2005 -65.4023 -68.9557 -80.4343 -48.5314 -52.5352 -60.6459 -83.6062 -79.1582 -59.0896 -50.0181 -60.0143 -77.8542 -66.5589 -64.0332 -34.6389 -90.0369
-38.1911 -62.9915 -48.4297 -71.4661 -83.9419 -72.6521 -39.4602 -50.3601 -45.2382 -48.9216 -32.1625 -37.7141 -52.7699 -37.7406  -65.057  -73.372 -64.7494 -60.8421   -36.35 -51.4755 -62.3532 -135.884 -50.7385 -43.8845 -76.9923 -62.0081 -59.9078 -59.5257 -53.3186 -58.0099  -66.263 -71.1831 -48.6866 -81.9937 -61.3741 -46.6559 -16.5975 -51.6025 -35.1799  -64.297 -50.2523 -55.6893 -64.2284 -84.5255 -70.4523 -62.6139 -62.2393 -56.5518 -63.4452 -52.1174 -68.1686  -57.696 -74.4672 -41.3114 -52.5793 -85.9063 -40.4055 -48.3572 -38.7873 -68.1839
-44.5305 -40.4133 -48.7314 -51.4907 -54.5366  -44.885 -60.8932 -75.9369 -54.9021 -46.2707 -41.5642 -39.3895  -43.938 -43.9253 -59.5051 -53.2687 -62.8965 -46.4872 -57.6255 -63.1251 -66.7813 -50.7385 -124.304 -39.4068 -63.7585 -54.1126 -54.6863 -53.2724  -54.858 -44.4243 -43.5004 -62.2847 -58.2495 -57.7025 -42.3622 -67.0494 -31.1891 -30.7753 -53.1411 -59.6614 -52.3484 -73.5276 -47.5001 -66.0401 -77.9286 -37.8935 -56.9639 -63.6216 -45.9045 -40.6516 -70.5384 -86.4071 -72.0449 -51.4932 -39.9228 -68.9007 -70.6748 -59.9892 -55.7664 -56.5372
-55.7388 -41.4849 -54.5426 -54.6552 -77.0282 -70.9168 -24.7246 -65.8855 -47.0905 -56.0983    -57.4    -46.2 -56.5028 -46.4571 -50.6225 -42.3181 -58.2312 -55.5475 -64.3268 -52.0793 -51.0972 -43.8845 -39.4068 -140.712 -42.6392 -40.4676 -51.8997 -44.9575  -21.703 -60.9023 -55.8985 -42.5212 -52.2656 -65.1869 -49.0719  -44.275  -29.974 -63.3117 -53.2952 -47.1191 -60.0207 -42.5847 -58.6142  -59.516 -54.0523 -50.7336 -65.6273 -50.9695 -51.9031 -74.8375 -73.8553 -60.5201 -46.3648 -31.5264 -61.4265 -86.7993 -56.6385  -56.777 -47.2117 -46.2484
-39.4658  -45.225  -60.847 -53.1313 -85.2643 -72.8427 -75.1876 -58.0627 -47.5656 -75.4568 -64.6214 -50.1832 -34.3542 -47.4817 -81.7044 -70.9992 -61.8197 -61.5888 -54.3094  -71.802 -69.2102 -76.9923 -63.7585 -42.6392  -151.72 -71.0752 -65.2058 -90.3183 -64.0024 -61.7931  -55.427 -78.5193 -66.0446 -83.7543 -58.4077 -58.1979 -40.9786 -57.9358 -60.9111 -78.0116 -64.9496 -91.8818  -69.462 -67.7271  -83.991  -59.012 -79.0404 -61.7095 -70.4219 -66.8252 -90.9605 -69.9678 -67.2753 -65.2205 -60.5577 -83.3457  -80.585 -65.9326 -44.0804 -89.8667
-50.5143 -62.7201 -48.9788 -42.4421 -82.4497 -72.1179 -49.0046 -68.8019 -44.9721  -44.607 -64.9061 -45.9798 -66.5683 -45.3301  -73.467 -54.7912 -61.7085 -60.9851 -62.1054  -75.196 -61.4213 -62.0081 -54.1126 -40.4676 -71.0752     -143 -55.0092 -69.6737 -56.5846 -72.5731 -49.2009 -60.8625 -64.1932 -96.1991 -50.2561 -74.9711 -56.8447 -39.4362 -52.8579 -70.2949 -58.5367 -68.8263  -61.148 -71.1991 -82.2357 -73.4471 -69.4746 -52.7098 -59.1374 -47.1956 -66.5693 -81.9326 -73.6099 -74.1276 -57.9514 -85.9426 -86.0125 -62.1891 -51.9914 -94.3759
-52.5987 -66.8779 -63.3927 -49.4641 -72.1564 -58.4413 -68.2155 -67.1024 -58.1726 -64.3309 -54.5245 -51.1897 -58.0603 -29.9837 -90.1669 -39.2582 -69.2557 -51.2268  -40.125 -66.4441 -60.2551 -59.9078 -54.6863 -51.8997 -65.2058 -55.0092 -138.993 -65.4795 -39.6378  -60.116 -66.8777 -82.2516 -58.5285 -67.0442 -54.2696 -57.7326 -38.5425 -50.8001 -41.6989 -56.2707 -38.8019 -59.5568 -65.2699 -50.1055 -69.1279  -57.515 -78.3565 -57.6814 -63.4679 -32.5977 -77.7952 -64.3913 -44.8908 -55.2683 -66.7789  -74.747 -58.6728 -47.0476 -44.7792  -56.312
-36.0348 -49.8259 -55.3243 -64.7554 -83.5364 -88.8633 -57.2536 -54.7979 -37.0689 -49.1061 -49.6605 -24.4361 -58.3957 -48.9781 -76.8638 -52.6854 -61.5768 -58.1429 -44.9805 -72.3136 -54.5242 -59.5257 -53.2724 -44.9575 -90.3183 -69.6737 -65.4795 -138.821 -63.4819 -63.4985 -44.9561 -44.6511  -61.208 -48.5788 -68.3107 -70.6344 -47.9663 -41.6456 -33.7825 -73.2763 -42.9535 -65.6961 -44.0814 -60.1076 -65.2594 -73.8753 -59.7067 -61.2974 -41.8984 -59.7918 -63.1096 -74.9218 -66.0613 -51.3706 -39.2223 -78.1399 -70.7411   -51.81 -48.6548  -84.593
-17.7887 -63.6196  -29.717 -44.8807 -67.3274 -70.5246 -42.2491 -54.1943 -42.0761 -42.3838 -32.1008 -28.6022 -45.4208 -16.9814 -58.4299 -48.9637 -56.7702 -53.1059 -56.6996 -46.8759 -81.3036 -53.3186  -54.858  -21.703 -64.0024 -56.5846 -39.6378 -63.4819 -130.765 -40.8813 -46.6245 -47.5351 -56.5726 -52.8449 -33.6933 -51.1414 -52.2559 -38.4906 -21.0702  -46.639 -41.2014 -61.5138 -7.00694 -59.7719 -74.9403 -38.5527 -32.5385 -53.6209 -26.1735  -48.316 -46.8547 -56.5213 -49.0437   -35.66 -42.7701 -55.6273 -68.7017 -32.3281 -23.5049 -77.7721
-63.4947 -71.5958 -59.8983 -62.9537 -89.7932 -80.4309 -35.2515 -67.7018 -46.1452 -58.0317 -50.4164 -56.4684 -57.8788 -45.6516 -55.4154 -43.8057 -82.3439 -50.2766 -63.0409 -64.0765 -81.1031 -58.0099 -44.4243 -60.9023 -61.7931 -72.5731  -60.116 -63.4985 -40.8813 -136.619 -59.5293  -75.261 -65.8015 -93.0072  -46.918 -60.3427 -42.0017 -49.4805 -47.9406 -61.8236  -49.258 -65.6434 -47.5275 -52.3684 -67.6877  -87.713 -75.3401 -48.5332 -66.0162 -56.8635 -78.7895 -70.5304  -71.842 -47.7905 -64.2733 -83.7174 -87.5725 -68.4066 -47.1962 -97.3308
-68.5422 -70.6477 -60.9289 -58.6469 -73.2219  -79.241 -37.4986 -65.5048  -67.055 -60.6918 -37.2667 -44.3915 -57.0335 -27.4475 -60.9222 -43.0934 -64.3257 -46.5315 -55.6577 -45.0635 -63.1824  -66.263 -43.5004 -55.8985  -55.427 -49.2009 -66.8777 -44.9561 -46.6245 -59.5293 -109.205 -64.8114 -49.7391 -86.2806  -53.427 -58.4395 -33.3695 -51.5951 -42.0358 -59.2124 -53.4815 -46.4275 -33.6349 -68.4612 -58.9813 -64.4836 -60.8383  -53.416  -63.255 -35.6648 -73.4577 -69.3926 -60.5418  -58.323   -49.95 -76.9495 -66.9212 -36.8009 -40.2061 -72.1305
-52.1161 -77.3852 -69.4194 -59.5246 -88.6132  -82.081 -50.7004 -71.8334 -56.2155 -50.3931 -52.0541  -55.323 -54.7803 -42.4152 -86.6631 -77.9526 -80.3563 -36.7781 -52.5414 -57.5485 -74.8698 -71.1831 -62.2847 -42.5212 -78.5193 -60.8625 -82.2516 -44.6511 -47.5351  -75.261 -64.8114 -156.324 -67.3829 -87.7874 -30.5019 -74.0088 -39.4476 -52.4412 -58.1667 -53.5264 -25.3811 -76.8462 -57.4003 -65.2851 -72.8643 -61.2028 -78.1732 -35.7528 -75.3409 -50.4366 -74.3318 -78.4308 -84.9381 -71.1502 -71.4658 -95.1157 -83.7898 -57.6883 -48.7679 -82.5121
-57.1689 -52.6726 -63.9351 -34.9983    -96.6  -64.712 -45.0912 -76.3098 -38.2194 -51.1395 -60.3195 -38.0973 -50.9126 -50.2662 -64.3897 -66.2894 -61.5543 -40.4813 -46.8775 -56.4867  -71.746 -48.6866 -58.2495 -52.2656 -66.0446 -64.1932 -58.5285  -61.208 -56.5726 -65.8015 -49.7391 -67.3829 -130.575 -67.6147 -27.4919 -73.6058 -46.1708 -34.5327 -41.9726 -49.6033 -49.5497 -64.2332 -51.1765 -55.6669 -55.5543 -53.8782 -68.4241 -59.0227 -56.4851 -46.0876 -71.6004 -68.8442  -60.915 -64.2544 -73.2764 -66.5537 -79.9857  -53.014 -46.8981 -74.9068
-62.8583 -67.6063 -64.3743 -75.6795 -103.817  -71.744 -59.5097 -90.5129 -71.9707 -59.6101 -68.6335 -90.7875 -82.5374 -58.7084 -76.8328 -87.2492 -101.976 -54.5941 -75.5652 -66.8855  -84.966 -81.9937 -57.7025 -65.1869 -83.7543 -96.1991 -67.0442 -48.5788 -52.8449 -93.0072 -86.2806 -87.7874 -67.6147 -189.233 -51.0957 -89.3248 -59.6447 -68.1062 -79.2703 -96.3162 -71.4077 -72.1557 -91.5455 -84.1708 -109.794 -80.8453 -107.846 -72.4157 -72.6957 -71.8258 -103.429 -99.7486 -92.5743 -102.548 -86.2686 -115.725 -99.7956 -75.4941 -65.9662 -104.714
-52.0244 -40.2754 -28.4961 -60.8184 -62.2493 -48.3001 -42.3085 -52.0978 -38.4587 -61.6582 -47.0477 -30.5218 -44.3942 -41.7379 -55.6268 -44.0591 -49.8375 -45.9154 -47.6335 -44.6077 -45.4962 -61.3741 -42.3622 -49.0719 -58.4077 -50.2561 -54.2696 -68.3107 -33.6933  -46.918  -53.427 -30.5019 -27.4919 -51.0957 -111.967 -38.4783  -21.766 -46.9502 -24.1156 -59.4178    -34.3 -58.9382 -50.5472 -52.6922 -57.5468 -61.9323 -49.1526 -44.1951 -33.1944 -44.5812 -67.1224 -69.3138  -46.241 -33.9416 -28.1983 -72.0102 -41.3547 -45.8267  -34.278 -47.4879
-66.6642 -72.8585 -56.1535  -56.548  -81.747  -75.659 -69.9746 -76.5316 -53.1099 -38.7245 -48.4733 -52.2173 -71.4142 -54.2995 -72.8731 -61.1439 -76.8437  -49.285 -53.5704 -66.7127 -61.2906 -46.6559 -67.0494  -44.275 -58.1979 -74.9711 -57.7326 -70.6344 -51.1414 -60.3427 -58.4395 -74.0088 -73.6058 -89.3248 -38.4783 -134.284 -49.5762 -51.1739 -52.7465 -59.2588 -49.3373 -83.5788 -71.2179  -59.026 -77.1543 -52.4488 -83.4351 -62.0742 -48.6094  -45.316 -60.3493 -87.4926 -88.9633 -84.8103  -53.715 -97.7154 -88.6289 -56.8198 -59.0229 -73.3557
-31.4515 -53.5482 -30.1592 -23.2884 -69.5188 -54.3217 -40.6682 -60.8178 -41.4751 -25.5818  -30.591 -33.9654  -43.181 -34.4618  -40.669 -49.9472 -31.7317 -31.5347  -36.018 -50.6554 -48.2948 -16.5975 -31.1891  -29.974 -40.9786 -56.8447 -38.5425 -47.9663 -52.2559 -42.0017 -33.3695 -39.4476 -46.1708 -59.6447  -21.766 -49.5762 -124.852 -25.6423 -24.4452 -41.3454 -32.7307 -38.7186 -39.8778 -11.5934 -57.7602 -38.3181 -32.8305 -28.9389   1.5801  -29.013 -38.3037 -56.6842 -30.2921 -35.0688 -37.3953 -57.2547 -73.7995 -27.0131 -32.8206 -49.7781
-42.2746 -56.6029 -47.5715 -57.9798 -64.3279 -60.6427 -39.9026  -59.532 -31.9637 -52.5827 -44.5945 -47.7215 -56.1306 -36.8215 -67.4501 -59.4422 -61.0178 -46.8876 -36.3756 -57.8882 -38.2618 -51.6025 -30.7753 -63.3117 -57.9358 -39.4362 -50.8001 -41.6456 -38.4906 -49.4805 -51.5951 -52.4412 -34.5327 -68.1062 -46.9502 -51.1739 -25.6423 -108.246 -46.1563 -45.3967 -53.3414 -70.0609 -51.5765 -51.5579 -64.5451 -49.6556 -61.3372 -54.8103   -51.54  -59.165 -46.3981 -39.6815 -54.3559 -40.2235 -41.9985 -78.7525 -68.4014 -38.7356 -23.6615   -70.42
 -33.974  -30.048 -43.7107 -36.9962 -46.9554 -49.2177 -42.8453 -47.5024 -32.3258 -21.1973 -58.8637 -42.5861 -32.5924 -43.8319 -47.4616 -52.4711 -57.4228 -30.0401 -44.0008 -55.0017 -31.7286 -35.1799 -53.1411 -53.2952 -60.9111 -52.8579 -41.6989 -33.7825 -21.0702 -47.9406 -42.0358 -58.1667 -41.9726 -79.2703 -24.1156 -52.7465 -24.4452 -46.1563 -106.341 -43.8338 -43.8737 -62.1918 -59.6598 -41.5537 -53.8739 -30.5727 -53.9231 -45.2983 -65.7636  -44.424 -67.3725 -49.1141 -62.9061  -61.705 -41.7777 -68.3718 -51.9365 -46.9696 -51.1038 -64.2093
-46.0596 -51.9453  -47.574 -60.9844 -76.0481  -72.902 -67.0507 -70.2524 -70.2975 -55.4876 -52.0338 -45.6185 -65.5548 -41.3449 -73.1664 -64.6818 -61.1632 -59.7165  -56.721 -74.8511 -66.4333  -64.297 -59.6614 -47.1191 -78.0116 -70.2949 -56.2707 -73.2763  -46.639 -61.8236 -59.2124 -53.5264 -49.6033 -96.3162 -59.4178 -59.2588 -41.3454 -45.3967 -43.8338 -137.166 -57.2477 -64.2952 -51.3449 -77.1765 -75.9354 -69.3382  -85.635 -70.5032 -57.0024 -62.1879 -60.8678 -74.8503 -51.9518 -70.8573 -56.0987 -98.8781 -67.7648 -41.0806 -49.8683 -87.6588
-44.1841 -47.8941 -41.0565 -31.0277 -62.4589 -46.9719 -49.8073 -53.1668 -50.2635 -42.8843 -32.5801 -36.5778 -62.7153 -41.6351 -42.6659 -45.2406 -17.8103 -58.1444 -59.1329 -64.3699 -42.2065 -50.2523 -52.3484 -60.0207 -64.9496 -58.5367 -38.8019 -42.9535 -41.2014  -49.258 -53.4815 -25.3811 -49.5497 -71.4077    -34.3 -49.3373 -32.7307 -53.3414 -43.8737 -57.2477 -135.029 -62.0209 -50.9839 -61.9282 -70.1981 -42.3619 -63.6596 -72.4573 -46.7754 -56.2686 -69.8236 -54.9995 -58.1654 -42.6983 -41.4677 -72.4246 -53.0887 -49.6548 -48.6167 -48.0174
 -50.054 -61.5672 -49.5335 -61.0632 -91.0664 -56.4629 -67.7318 -75.4383 -44.6194 -46.8138 -52.9581 -54.8498 -66.4488 -57.3001 -75.8309  -76.342 -81.7301 -51.9589 -58.7762 -84.1138 -56.1615 -55.6893 -73.5276 -42.5847 -91.8818 -68.8263 -59.5568 -65.6961 -61.5138 -65.6434 -46.4275 -76.8462 -64.2332 -72.1557 -58.9382 -83.5788 -38.7186 -70.0609 -62.1918 -64.2952 -62.0209 -148.078 -52.7874 -66.2649 -84.3355 -49.6313 -77.1083 -62.7988 -56.9672 -46.0203 -71.2301  -82.351 -78.6016  -74.955 -53.1904 -94.1203 -101.592 -55.2191 -45.2766 -66.0128
-63.6962  -34.059 -54.9105 -45.5186 -65.1982 -43.9011 -62.9763 -61.7605 -45.9809 -54.3735 -50.5475 -52.4749 -31.9388 -57.5873 -64.3543 -62.5477 -61.8385 -44.0531 -51.5073 -44.4848 -40.2297 -64.2284 -47.5001 -58.6142  -69.462  -61.148 -65.2699 -44.0814 -7.00694 -47.5275 -33.6349 -57.4003 -51.1765 -91.5455 -50.5472 -71.2179 -39.8778 -51.5765 -59.6598 -51.3449 -50.9839 -52.7874 -152.913 -39.9256  -62.683 -52.8579 -77.3432 -50.0018 -48.5018 -59.2172 -74.8791  -73.868 -63.1652 -66.7547 -52.0207  -76.513 -49.5491 -52.5564 -52.1399 -37.2786
-51.9216 -56.6706  -59.227 -58.9411 -86.1709 -78.0704 -37.9441 -59.2126 -58.1132 -53.9122  -36.752      -36 -70.5439 -33.8348 -67.9956 -69.0629 -78.3847 -55.4953 -70.3688 -62.8355 -65.2005 -84.5255 -66.0401  -59.516 -67.7271 -71.1991 -50.1055 -60.1076 -59.7719 -52.3684 -68.4612 -65.2851 -55.6669 -84.1708 -52.6922  -59.026 -11.5934 -51.5579 -41.5537 -77.1765 -61.9282 -66.2649 -39.9256 -132.363 -79.9044 -62.4015 -80.7993 -68.9605 -53.1146 -68.7652 -76.1884 -63.2314 -81.0491 -71.4297  -54.773 -85.8575 -60.2451 -58.9926 -50.8691 -72.9015
 -44.146 -78.3507 -44.0991 -61.2129 -92.8135 -66.5806 -65.9224 -64.1612 -62.0439 -54.0885 -50.5537 -65.4232 -71.0518  -44.505 -60.5222 -81.7697 -82.6523 -44.1697 -71.7509 -73.1274 -65.4023 -70.4523 -77.9286 -54.0523  -83.991 -82.2357 -69.1279 -65.2594 -74.9403 -67.6877 -58.9813 -72.8643 -55.5543 -109.794 -57.5468 -77.1543 -57.7602 -64.5451 -53.8739 -75.9354 -70.1981 -84.3355  -62.683 -79.9044 -155.565 -49.1493 -73.5343 -62.8212 -42.5818   -85.74 -71.6454 -80.6251 -73.4964 -74.2455 -82.1976 -102.029 -84.3307 -82.1594 -43.5819  -89.423
-60.4005  -59.666 -73.1355 -70.5174 -92.5612 -82.6971 -49.8873 -68.5347 -45.9777 -71.9115 -51.9013  -41.802 -65.8194 -60.7072 -81.9498 -54.1048 -70.3161 -48.6322  -61.454 -60.4835 -68.9557 -62.6139 -37.8935 -50.7336  -59.012 -73.4471  -57.515 -73.8753 -38.5527  -87.713 -64.4836 -61.2028 -53.8782 -80.8453 -61.9323 -52.4488 -38.3181 -49.6556 -30.5727 -69.3382 -42.3619 -49.6313 -52.8579 -62.4015 -49.1493  -151.16  -82.434 -58.6652 -56.0889 -54.2458 -66.2406 -88.5459  -88.999 -49.5523 -56.7421 -57.6708 -81.9806  -64.088  -43.327 -81.8508
-67.7186 -67.9739 -72.6871 -75.3495 -103.508 -55.4828 -62.7913 -75.2851 -58.3983 -68.4437 -59.4807  -73.431 -90.6795 -58.7541 -86.1899 -78.6157 -80.4244 -62.3307 -69.4526 -71.4124 -80.4343 -62.2393 -56.9639 -65.6273 -79.0404 -69.4746 -78.3565 -59.7067 -32.5385 -75.3401 -60.8383 -78.1732 -68.4241 -107.846 -49.1526 -83.4351 -32.8305 -61.3372 -53.9231  -85.635 -63.6596 -77.1083 -77.3432 -80.7993 -73.5343  -82.434 -172.257 -66.4743 -60.1532  -65.824 -85.2019 -72.0844 -92.8932 -79.9933 -73.8972 -96.8766 -69.7165 -60.3307 -69.6753 -86.4256
-57.9851 -48.9814 -46.1736 -53.6789 -71.4099 -61.6432 -73.0572  -73.395 -46.5477 -49.0707 -34.6185  -31.862 -55.8503 -48.9151 -64.0279 -68.4771 -58.4682 -50.5146 -43.3558  -67.905 -48.5314 -56.5518 -63.6216 -50.9695 -61.7095 -52.7098 -57.6814 -61.2974 -53.6209 -48.5332  -53.416 -35.7528 -59.0227 -72.4157 -44.1951 -62.0742 -28.9389 -54.8103 -45.2983 -70.5032 -72.4573 -62.7988 -50.0018 -68.9605 -62.8212 -58.6652 -66.4743  -119.93 -59.2732 -46.9827 -63.9133 -72.8208 -63.0419 -58.7618 -46.7958 -67.4513 -70.6734 -45.6472 -53.7759 -65.5987
-52.9573 -47.8457   -57.88 -48.9613 -62.6735  -71.954 -65.2414 -75.9899 -43.0862 -56.5363 -49.8324 -49.3725 -38.2768 -48.8183 -70.4074 -54.8182 -57.1945  -54.431 -31.9002 -73.7909 -52.5352 -63.4452 -45.9045 -51.9031 -70.4219 -59.1374 -63.4679 -41.8984 -26.1735 -66.0162  -63.255 -75.3409 -56.4851 -72.6957 -33.1944 -48.6094   1.5801   -51.54 -65.7636 -57.0024 -46.7754 -56.9672 -48.5018 -53.1146 -42.5818 -56.0889 -60.1532 -59.2732 -138.213 -45.3049 -70.7164 -67.4394 -59.5687  -53.958 -61.7241 -80.7295 -43.8117 -39.6102  -38.156 -77.5055
-40.8482 -60.0772 -59.6104 -61.0728 -81.0832 -63.4455 -41.1246  -46.608 -48.2377 -53.2249 -45.8939 -25.9167 -53.7226 -44.4007 -53.5338 -68.8638 -55.9352 -52.5084  -64.752 -52.1608 -60.6459 -52.1174 -40.6516 -74.8375 -66.8252 -47.1956 -32.5977 -59.7918  -48.316 -56.8635 -35.6648 -50.4366 -46.0876 -71.8258 -44.5812  -45.316  -29.013  -59.165  -44.424 -62.1879 -56.2686 -46.0203 -59.2172 -68.7652   -85.74 -54.2458  -65.824 -46.9827 -45.3049 -145.996 -47.0602 -58.7918 -55.2733 -47.4746 -62.9317 -81.6073 -41.5674 -60.7649 -34.6608 -66.6182
-70.8282 -47.3124 -67.3088 -49.0004 -91.8548 -69.6334 -62.9011 -77.3062 -61.6115 -69.4062 -63.6103 -66.5454 -38.3209 -57.6642 -68.2257 -69.1403 -78.3993 -56.6321 -79.3035 -65.6238 -83.6062 -68.1686 -70.5384 -73.8553 -90.9605 -66.5693 -77.7952 -63.1096 -46.8547 -78.7895 -73.4577 -74.3318 -71.6004 -103.429 -67.1224 -60.3493 -38.3037 -46.3981 -67.3725 -60.8678 -69.8236 -71.2301 -74.8791 -76.1884 -71.6454 -66.2406 -85.2019 -63.9133 -70.7164 -47.0602 -138.801 -78.0272 -65.9019 -64.8223  -69.304 -86.7231 -74.8326 -68.2039 -63.9278 -71.3053
-89.3284  -71.168 -68.9393 -68.3541 -88.3021 -72.4914  -59.606  -103.81 -50.0257 -65.0208 -67.6864 -44.9497 -68.9873 -67.4732 -86.4257 -76.7381 -78.2117 -47.4802 -68.3314  -94.395 -79.1582  -57.696 -86.4071 -60.5201 -69.9678 -81.9326 -64.3913 -74.9218 -56.5213 -70.5304 -69.3926 -78.4308 -68.8442 -99.7486 -69.3138 -87.4926 -56.6842 -39.6815 -49.1141 -74.8503 -54.9995  -82.351  -73.868 -63.2314 -80.6251 -88.5459 -72.0844 -72.8208 -67.4394 -58.7918 -78.0272 -169.913 -88.9775 -83.3099 -56.6908 -92.3759 -100.162 -78.2001 -52.6507 -65.0951
-60.9456 -63.5939 -69.1054 -81.6584 -92.5833 -76.5144 -46.2376 -48.9818 -45.8993  -45.448 -51.7687 -29.5072 -76.4888 -56.5115 -77.5298 -70.3051 -77.4659 -32.6825 -60.3291 -62.8388 -59.0896 -74.4672 -72.0449 -46.3648 -67.2753 -73.6099 -44.8908 -66.0613 -49.0437  -71.842 -60.5418 -84.9381  -60.915 -92.5743  -46.241 -88.9633 -30.2921 -54.3559 -62.9061 -51.9518 -58.1654 -78.6016 -63.1652 -81.0491 -73.4964  -88.999 -92.8932 -63.0419 -59.5687 -55.2733 -65.9019 -88.9775  -150.75 -72.3557 -45.7051  -79.644 -75.7988 -77.9443 -63.5588  -80.117
-70.2977 -45.4005 -64.5822  -45.026 -78.5327 -64.0677 -63.9758 -69.1228 -48.4329 -38.9359 -57.8689 -51.9832 -70.4567 -53.3964 -67.8135 -82.9201 -77.9023 -34.0919 -49.1917 -69.1462 -50.0181 -41.3114 -51.4932 -31.5264 -65.2205 -74.1276 -55.2683 -51.3706   -35.66 -47.7905  -58.323 -71.1502 -64.2544 -102.548 -33.9416 -84.8103 -35.0688 -40.2235  -61.705 -70.8573 -42.6983  -74.955 -66.7547 -71.4297 -74.2455 -49.5523 -79.9933 -58.7618  -53.958 -47.4746 -64.8223 -83.3099 -72.3557 -142.138 -42.1025 -81.0085 -76.8812 -52.9494 -65.5279 -62.3858
-39.4016 -69.6078 -53.4991  -44.372 -98.3377  -69.725 -46.4313 -54.9957 -63.4273 -47.5098 -51.2913 -47.3702 -48.5228 -44.3933  -67.557 -64.6484 -63.9197  -40.545 -54.6921 -49.9007 -60.0143 -52.5793 -39.9228 -61.4265 -60.5577 -57.9514 -66.7789 -39.2223 -42.7701 -64.2733   -49.95 -71.4658 -73.2764 -86.2686 -28.1983  -53.715 -37.3953 -41.9985 -41.7777 -56.0987 -41.4677 -53.1904 -52.0207  -54.773 -82.1976 -56.7421 -73.8972 -46.7958 -61.7241 -62.9317  -69.304 -56.6908 -45.7051 -42.1025 -123.395 -81.4128 -61.8997 -59.1735 -34.7209 -61.5364
-75.7578 -81.9658  -75.518 -83.4286 -119.796 -109.108 -72.8508 -82.5671 -74.7154 -60.2219 -64.6916 -59.3765  -83.564 -69.2034 -88.0118 -97.6875 -88.4162 -80.4536 -76.8563 -94.4403 -77.8542 -85.9063 -68.9007 -86.7993 -83.3457 -85.9426  -74.747 -78.1399 -55.6273 -83.7174 -76.9495 -95.1157 -66.5537 -115.725 -72.0102 -97.7154 -57.2547 -78.7525 -68.3718 -98.8781 -72.4246 -94.1203  -76.513 -85.8575 -102.029 -57.6708 -96.8766 -67.4513 -80.7295 -81.6073 -86.7231 -92.3759  -79.644 -81.0085 -81.4128 -175.701 -84.5122 -64.7139 -55.1351 -91.1891
-66.7666 -76.0907  -71.915 -68.9164 -86.5319 -79.2861 -47.9433 -97.3855 -52.1155 -53.8923 -63.5745  -65.986  -52.158 -59.7665 -81.5212 -62.2386  -88.483  -58.517 -85.1742  -69.757 -66.5589 -40.4055 -70.6748 -56.6385  -80.585 -86.0125 -58.6728 -70.7411 -68.7017 -87.5725 -66.9212 -83.7898 -79.9857 -99.7956 -41.3547 -88.6289 -73.7995 -68.4014 -51.9365 -67.7648 -53.0887 -101.592 -49.5491 -60.2451 -84.3307 -81.9806 -69.7165 -70.6734 -43.8117 -41.5674 -74.8326 -100.162 -75.7988 -76.8812 -61.8997 -84.5122 -179.113 -74.4459  -50.166 -85.9994
-43.7818 -44.6817 -51.2407 -44.2958  -74.567 -47.4202 -26.1308 -40.8276 -31.3828 -56.8878 -46.9662 -38.8694 -39.8674 -50.8193 -52.1318 -39.2499 -44.1347 -27.0174 -59.9194 -47.7084 -64.0332 -48.3572 -59.9892  -56.777 -65.9326 -62.1891 -47.0476   -51.81 -32.3281 -68.4066 -36.8009 -57.6883  -53.014 -75.4941 -45.8267 -56.8198 -27.0131 -38.7356 -46.9696 -41.0806 -49.6548 -55.2191 -52.5564 -58.9926 -82.1594  -64.088 -60.3307 -45.6472 -39.6102 -60.7649 -68.2039 -78.2001 -77.9443 -52.9494 -59.1735 -64.7139 -74.4459 -128.028 -38.1054 -59.1871
-36.8141 -17.5733 -30.1852 -39.5048 -53.1858 -33.6689 -39.7217 -67.0024 -41.4604 -11.3005 -47.1122 -39.9683  -60.597 -32.1752 -42.9914 -46.3625 -33.2348 -32.8177 -40.9942 -45.2809 -34.6389 -38.7873 -55.7664 -47.2117 -44.0804 -51.9914 -44.7792 -48.6548 -23.5049 -47.1962 -40.2061 -48.7679 -46.8981 -65.9662  -34.278 -59.0229 -32.8206 -23.6615 -51.1038 -49.8683 -48.6167 -45.2766 -52.1399 -50.8691 -43.5819  -43.327 -69.6753 -53.7759  -38.156 -34.6608 -63.9278 -52.6507 -63.5588 -65.5279 -34.7209 -55.1351  -50.166 -38.1054 -115.545 -43.4571
-42.5047 -71.4022 -57.5651 -58.2309 -91.4547 -93.8507 -45.4169 -76.7148 -45.2382  -53.669 -50.6563  -66.744 -61.6348  -42.428 -81.2288 -63.8879 -86.7515 -51.4664 -55.5088 -78.3771 -90.0369 -68.1839 -56.5372 -46.2484 -89.8667 -94.3759  -56.312  -84.593 -77.7721 -97.3308 -72.1305 -82.5121 -74.9068 -104.714 -47.4879 -73.3557 -49.7781   -70.42 -64.2093 -87.6588 -48.0174 -66.0128 -37.2786 -72.9015  -89.423 -81.8508 -86.4256 -65.5987 -77.5055 -66.6182 -71.3053 -65.0951  -80.117 -62.3858 -61.5364 -91.1891 -85.9994 -59.1871 -43.4571 -161.206
 -0.489283    2.04368   0.436442    1.33262   0.376705    1.24539    2.87652  -0.722613    2.90653    1.50311    2.05713  -0.706297    1.53438    2.95089    2.57685   0.614648    1.46769   0.410209    1.01988 -0.0553896   -0.81837    0.90536    1.85501 -0.0297415    1.07411  -0.791971    1.58642  0.0597485    2.79189    -0.8806         -0         -0         -0         -0         -0         -0         -0         -0         -0         -0         -0         -0         -0         -0         -0         -0         -0         -0         -0         -0         -0         -0         -0         -0         -0         -0         -0         -0         -0         -0
   2.04368   0.626037   0.914047   0.531541    1.38297    1.67591   -0.87675    1.88554    1.31366    1.48963   0.487618  -0.231653   0.478698   0.136889 -0.0306919   0.468392    2.00227    2.08129  -0.720118  -0.813944     1.5856    1.32405     2.7544   0.985658   0.974802    1.89621  -0.199586   0.904132    2.43653    2.97311         -0         -0         -0         -0         -0         -0         -0         -0         -0         -0         -0         -0         -0         -0         -0         -0         -0         -0         -0         -0         -0         -0         -0         -0         -0         -0         -0         -0         -0         -0
  0.436442   0.914047  -0.192306   0.533904   0.446754    2.96672    1.49004   0.301688  0.0736166  -0.953098    1.67441   0.681163   0.115031  -0.543027   -0.65519  -0.971808    1.24584    2.91801    1.57515   0.581622    1.72349  -0.166675   -0.58969   -0.89429    1.16263 -0.0454838    1.00685    1.14118    1.77838    2.25374         -0         -0         -0         -0         -0         -0         -0         -0         -0         -0         -0         -0         -0         -0         -0         -0         -0         -0         -0         -0         -0         -0         -0         -0         -0         -0         -0         -0         -0         -0
  1.33262  0.531541  0.533904   2.14031   1.91061   2.69215   2.84324   1.76743  0.208219   2.57672   2.10404   1.96811 -0.784453 0.0659191 -0.966173  0.959458   1.49588   2.65605  0.937883   2.51976  0.763252 -0.371147   2.68833  0.380569   1.17982   1.37066   2.54094    2.0666  0.933068   1.89778        -0        -0        -0        -0        -0        -0        -0        -0        -0        -0        -0        -0        -0        -0        -0        -0        -0        -0        -0        -0        -0        -0        -0        -0        -0        -0        -0        -0        -0        -0
  0.376705    1.38297   0.446754    1.91061   0.523277   0.586524     2.8154    1.72878  0.0810862    2.69785  0.0643433    2.87238  -0.553187   0.352436    1.03523   0.502219 -0.0382697   0.577175    2.93594    1.12394    1.10535  -0.912699  -0.616744   0.673988    2.35537  0.0760317    2.17107   0.445073    1.50313   0.906175         -0         -0         -0         -0         -0         -0         -0         -0         -0         -0         -0         -0         -0         -0         -0         -0         -0         -0         -0         -0         -0         -0         -0         -0         -0         -0         -0         -0         -0         -0
   1.24539    1.67591    2.96672    2.69215   0.586524   0.489996  -0.923434   0.117086     2.8024   0.127988    1.37226    1.74551  -0.012586 -0.0962141   0.697246    1.06342    2.74806  -0.120264   -0.84768   0.517557  -0.152568    1.93868  -0.502388  -0.511033    2.83662  -0.690112    2.08288   0.312248  -0.776545   0.756867         -0         -0         -0         -0         -0         -0         -0         -0         -0         -0         -0         -0         -0         -0         -0         -0         -0         -0         -0         -0         -0         -0         -0         -0         -0         -0         -0         -0         -0         -0
   2.87652   -0.87675    1.49004    2.84324     2.8154  -0.923434   0.333239    1.84399    1.32531    2.37913  -0.767975   0.340374    1.96105    1.05333 -0.0623871     2.6567  -0.440699    2.40412    1.81762    2.67208    2.28081   0.476285    1.62701   0.878181    1.66879    1.20728    2.85083    1.14949    2.24532    2.12124         -0         -0         -0         -0         -0         -0         -0         -0         -0         -0         -0         -0         -0         -0         -0         -0         -0         -0         -0         -0         -0         -0         -0         -0         -0         -0         -0         -0         -0         -0
 -0.722613    1.88554   0.301688    1.76743    1.72878   0.117086    1.84399  -0.937977    2.92508    1.02315  -0.556531  -0.895592   0.787187  -0.686511   -0.91144    1.43983  -0.381566    1.13648    2.34005 -0.0584417    0.77743    2.36811   0.859541  -0.699002   0.233552    2.74482   0.378347   0.295901  -0.347386    0.15149         -0         -0         -0         -0         -0         -0         -0         -0         -0         -0         -0         -0         -0         -0         -0         -0         -0         -0         -0         -0         -0         -0         -0         -0         -0         -0         -0         -0         -0         -0
  2.90653   1.31366 0.0736166  0.208219 0.0810862    2.8024   1.32531   2.92508   2.86442 0.0530689 -0.604586   2.18897 0.0918217   1.69097   1.01073   1.15198    1.1879   0.49817    1.2888 -0.142389   0.78899 -0.283891   2.86572   1.34851 -0.862385   0.54344   1.82771   1.69059  0.519355   1.40948        -0        -0        -0        -0        -0        -0        -0        -0        -0        -0        -0        -0        -0        -0        -0        -0        -0        -0        -0        -0        -0        -0        -0        -0        -0        -0        -0        -0        -0        -0
   1.50311    1.48963  -0.953098    2.57672    2.69785   0.127988    2.37913    1.02315  0.0530689    2.24355   0.285094   0.735788    1.15003    2.14515    2.62859   0.667437    1.71128   0.592013  -0.684211   0.960871   -0.86158    2.26528    2.34312   0.743902  0.0172962    1.34489   0.394268 -0.0228085    0.93591  -0.359408         -0         -0         -0         -0         -0         -0         -0         -0         -0         -0         -0         -0         -0         -0         -0         -0         -0         -0         -0         -0         -0         -0         -0         -0         -0         -0         -0         -0         -0         -0
