60
1
60
 -0.0519491   -0.034878   0.0119473   0.0764538    0.202518    0.128936  -0.0772817    0.155511  -0.0770177   0.0263859  -0.0819447    0.175381    0.201371 -0.00255202  0.00102746   -0.222099  -0.0722895   -0.338948    0.148299  -0.0904066  -0.0564489   -0.158525    0.021362   -0.080916   -0.247437  -0.0269346   0.0165357   -0.103624  -0.0808693  -0.0232086   -0.246494   -0.122712    0.035462  -0.0542183   0.0205953    0.154957  -0.0643851 -0.00496057    0.176688    -0.15714  0.00570737    0.119176  -0.0962954   0.0431416   0.0706535   -0.228653    -0.15472   -0.159101   0.0804243    0.135862  -0.0680321  0.00519082    0.284746   0.0228605    -0.19466   0.0904741   -0.186302  -0.0642773    0.100445  0.00757523
-125.174  -43.021 -50.1969 -51.2481 -47.1391 -78.6589 -41.6594  -60.444 -63.3105 -51.0067 -64.3723 -69.5277 -48.9543 -77.5179 -40.9491 -44.1308 -58.8721 -80.2497 -56.9051 -59.1152 -54.3218 -39.5636 -68.8334 -49.9801 -50.5055 -52.0318 -71.2247 -51.2212 -52.2903 -35.4109 -66.7063 -40.7129 -59.7982 -41.1357 -59.3496 -48.6182 -40.3449 -44.9556  -69.289 -68.9604 -74.4617 -50.4844 -71.4796 -70.2863 -59.1859 -53.4848  -56.896 -47.3641 -56.7246 -74.2064 -64.9477 -55.0849 -62.9685  -74.138 -62.4968 -51.7679 -57.9302 -55.3277  -56.924 -72.2888
 -43.021 -147.505 -59.5177 -43.1887 -36.8304 -65.0385 -38.5217 -47.0596 -61.4019  -50.861 -74.2748 -58.5568 -62.1016 -57.6047 -44.0217  -46.524 -47.9425 -62.9784 -38.2673 -63.7643 -39.0401 -42.2052 -55.4533 -72.2071 -86.2318 -46.2413 -65.8806 -52.5521 -49.2054 -50.2795 -47.4282 -55.7707  -83.873 -45.8532 -55.6552 -38.2875 -46.4909 -41.2786 -37.8098 -57.5949 -74.3721 -38.8076   -87.25 -60.4523 -57.2902 -50.1238 -28.6178 -56.1171 -60.4387 -66.3316 -49.4745 -29.4668  -58.196 -63.1046 -74.8913 -59.9601 -44.5093 -38.6997 -54.7417 -44.1695
-50.1969 -59.5177  -155.53 -57.2159 -65.9579 -77.1126 -48.7521 -72.2686 -58.6695 -56.4239  -70.733 -74.9253 -76.0725 -74.3897 -57.5898 -67.5765 -80.2831  -81.874 -60.9881 -84.5901 -68.2497 -70.1521 -68.3008 -80.7827  -69.462 -61.5052 -75.5359 -53.7571 -57.9636 -36.1141 -80.1139 -72.6816 -60.6958  -65.201  -82.815 -46.2352 -42.0318 -39.5943 -66.3995 -61.2434 -75.7337 -65.2105 -68.2279 -73.1306 -73.0621 -51.8343 -51.2214 -53.5308 -53.2474 -51.9518 -46.7898 -62.4152 -47.0782 -45.3022 -74.1842 -54.5033 -46.6653 -41.0962 -62.9156 -53.6571
-51.2481 -43.1887 -57.2159 -140.507 -45.9928 -53.1559 -66.8355 -24.7549 -62.8428  -83.173  -36.971 -50.9944 -57.5815 -61.8644 -47.0321 -56.7276 -40.8793 -76.0423 -38.0016 -70.6456 -41.4221 -88.0479 -68.9848 -67.0609 -59.6529 -56.8178 -61.4308  -47.143 -40.7334 -49.0127   -65.87 -40.9577 -72.8062 -57.0352 -47.8008 -35.3979 -23.9283 -33.9836 -61.1204 -64.2599 -60.9368 -56.2703 -81.2452  -81.715 -52.5631 -41.0391 -55.1132 -50.9851 -56.8629  -57.858 -56.2005 -56.2325  -47.229 -53.3647 -57.9991 -60.1318 -40.3426 -40.8576  -42.045 -41.7047
-47.1391 -36.8304 -65.9579 -45.9928 -127.797 -62.1579 -41.3243 -61.3291 -51.3465 -47.6796  -77.232 -71.6159 -55.8546 -69.5494 -33.5997 -39.6815  -45.773  -78.399 -47.5291 -48.8663 -49.5885 -70.7356 -49.2303 -60.2476 -28.9906 -37.9274 -52.5396 -48.5424 -35.9202 -35.2037 -49.8078 -51.6874 -52.3617 -61.5977 -43.3681 -40.5857 -44.3365 -41.9323 -70.0429 -46.1465 -59.7598 -36.0951 -53.0246 -64.9154 -55.8881 -33.1042 -44.4144 -42.7972 -41.5159 -59.3438 -47.4424 -55.1188 -49.4458 -62.9437 -41.1467 -68.2399 -23.9932 -32.4739 -61.8431 -47.1661
-78.6589 -65.0385 -77.1126 -53.1559 -62.1579 -143.993 -34.4192 -77.8417 -68.7686 -70.1758 -70.9869 -69.1189  -64.677  -85.365 -67.3947 -73.5162 -64.3878 -74.3233 -70.7045 -74.0935  -44.698  -58.675 -93.6769  -68.865 -55.7455 -63.3761 -82.1411  -57.629 -40.4141  -35.053 -59.9715 -64.5737 -71.0136 -74.8627 -70.2177 -51.3126 -61.0623 -55.2106 -69.6781 -63.3161 -93.7686 -57.0678 -72.9451 -84.6304 -80.9502 -42.6442 -57.4539 -69.8373 -49.9484 -87.3766 -70.3142 -81.3653 -74.0342 -71.9459  -78.264 -68.0548 -50.1653  -55.281 -75.9584 -52.9483
-41.6594 -38.5217 -48.7521 -66.8355 -41.3243 -34.4192 -117.142 -46.8753 -46.9955 -56.6041 -56.7339 -70.4172 -50.3803 -69.8627 -36.8445 -50.3899 -44.4324  -66.133 -57.7741 -55.8404 -41.7846 -48.5121 -57.2588 -76.5069 -45.3163 -32.1809 -42.1357 -44.8543 -59.0538 -53.3723 -54.8405 -54.5071 -70.3219 -43.0067 -62.2873 -47.2668 -27.7402 -55.1556 -65.9691 -51.9097 -76.0026 -61.0421 -72.5232 -68.7241 -63.1745 -48.7834 -62.8065 -43.4122 -59.4532 -48.9285 -42.2901 -33.4788 -44.0966 -52.5753 -58.0178 -63.9615 -58.3423 -60.5329 -58.3687 -38.5705
 -60.444 -47.0596 -72.2686 -24.7549 -61.3291 -77.8417 -46.8753  -164.04 -65.5214  -66.714 -78.9418 -77.3697 -71.9306 -105.019 -38.3019 -65.4945 -52.4625 -73.3018 -56.8137 -75.5885 -74.0957 -55.0077 -84.3931 -98.8485 -51.1489 -68.5395 -88.2962 -60.5182 -40.3899  -33.398 -73.9796 -72.8916 -60.7372 -64.3604 -79.7611 -54.9117 -57.1584 -51.4798 -79.5791 -49.6966  -85.969 -45.0338 -63.0292 -76.1053 -52.1071 -53.9973 -59.2346  -60.117 -45.2741 -81.4128 -40.0737 -57.1917 -70.0031 -64.3875 -78.5462 -102.599 -58.3371 -67.3387 -69.9762 -69.3092
-63.3105 -61.4019 -58.6695 -62.8428 -51.3465 -68.7686 -46.9955 -65.5214 -130.279 -61.9678 -60.5338 -77.8396 -63.9436 -71.1548 -54.0261 -52.7778 -49.7493 -81.1371 -36.0223 -55.8713 -44.2973 -66.0821 -85.8491 -90.8081 -64.8273  -58.491 -67.2632 -48.1603 -49.3085 -37.7499 -75.8424 -66.2679 -79.6999 -54.1396 -69.9547 -44.0922 -38.7789 -38.5349 -67.6433 -58.2202  -87.823 -57.9213 -72.1355 -71.7718 -67.6924 -71.1464 -50.0419 -55.9015 -47.5072 -76.3898 -51.7067   -60.93  -82.088 -71.7955 -71.5496 -75.9155 -42.5025 -46.9051 -67.6557 -82.0829
-51.0067  -50.861 -56.4239  -83.173 -47.6796 -70.1758 -56.6041  -66.714 -61.9678 -146.867 -62.6338 -78.8994 -54.7573 -60.3106 -64.7231 -61.2508  -52.457 -77.8722 -53.1891 -69.3781 -46.3321 -63.2266 -68.8813 -67.5245 -56.2472 -59.3711 -73.2726 -46.8761 -34.6504 -39.7949 -88.0009  -57.192 -67.0559 -59.4733 -68.5057 -62.2747 -37.4068 -40.3013  -76.715 -62.7125 -74.3946 -44.2941 -69.4564 -73.9474 -54.3497 -70.3523 -68.9186 -48.3398 -65.7569 -80.1047 -57.5633 -66.9363 -63.6005 -71.9613  -83.386  -88.268 -35.2841  -46.742 -55.1467 -61.6679
-64.3723 -74.2748  -70.733  -36.971  -77.232 -70.9869 -56.7339 -78.9418 -60.5338 -62.6338 -145.617 -80.1875 -77.1163 -80.7792 -55.1646 -66.7863 -68.4117 -79.9766 -58.8193 -71.9887 -45.6045 -67.7107 -53.3987 -76.3018 -75.2985 -59.1025 -62.7716 -58.2197 -56.4934  -54.147 -69.3417 -84.2702 -64.3135 -54.0223 -58.9196  -54.403 -57.1719 -56.9417 -79.1192 -71.0728 -86.4373 -47.9681 -68.0182 -72.7111 -66.4359 -63.0667 -47.1453 -45.2552 -68.4546 -82.5798 -49.2155 -52.9826 -66.0554 -73.2085 -90.9272 -84.9154 -55.9647 -63.0354 -79.8269 -77.2724
-69.5277 -58.5568 -74.9253 -50.9944 -71.6159 -69.1189 -70.4172 -77.3697 -77.8396 -78.8994 -80.1875 -134.302 -66.3715 -72.3894 -50.5113 -58.8607 -63.5372 -89.1426 -66.1418 -70.6092 -60.1922 -63.9911 -79.7187 -89.1151 -45.7454 -57.0864 -76.9568 -51.4751 -55.4978 -60.6568 -76.6969 -76.7316 -88.9904 -63.4406 -84.5462 -40.2111  -39.966 -56.8584 -74.1561 -52.0271  -78.168 -56.4874  -62.299 -73.8575 -76.8981 -67.0781 -61.8147 -60.6369 -65.7731 -65.6687 -39.8721  -61.512  -75.792 -68.6543 -70.9833 -76.3008 -42.9737 -65.8494 -66.0315 -69.6054
-48.9543 -62.1016 -76.0725 -57.5815 -55.8546  -64.677 -50.3803 -71.9306 -63.9436 -54.7573 -77.1163 -66.3715 -124.522 -65.6075 -58.3249 -72.4465  -69.307 -77.4322 -39.0834  -68.944   -49.58  -73.103 -66.1048 -75.3259 -74.8455 -60.6468 -66.1115 -67.1903 -55.4862 -30.6824 -61.7561 -71.7133 -62.8267 -59.2527 -55.9275 -50.8161 -37.7336 -46.3314 -72.5445 -64.3066 -77.7733 -74.5141 -79.2802 -75.3484 -66.5815 -45.1907 -39.3424   -69.03 -49.3446 -68.4235 -38.8432 -46.9174 -63.1792 -62.3778 -66.8712 -85.9965 -53.5297 -68.4221 -56.8148 -60.4212
-77.5179 -57.6047 -74.3897 -61.8644 -69.5494  -85.365 -69.8627 -105.019 -71.1548 -60.3106 -80.7792 -72.3894 -65.6075 -159.694  -56.717 -60.9011 -66.9493 -73.3161 -66.1604 -69.6346 -63.0937 -75.3787 -96.9546 -100.814 -81.1733 -66.2125  -94.908 -69.5904 -50.9805 -54.2843 -79.8677 -84.6931 -85.7551 -66.1554 -65.9198  -53.641 -40.9867 -72.6899 -95.0016 -79.3094 -86.3599 -62.7048 -72.1059 -102.467 -67.6869 -60.5292 -78.1615 -68.2186 -70.2122 -91.3646 -68.9611 -77.3952 -65.3081 -65.5872 -75.7504 -98.2772 -62.0832 -74.7446   -93.56  -69.227
-40.9491 -44.0217 -57.5898 -47.0321 -33.5997 -67.3947 -36.8445 -38.3019 -54.0261 -64.7231 -55.1646 -50.5113 -58.3249  -56.717 -115.062 -47.4012 -39.2219 -58.7425 -39.7794 -54.7961 -25.9026 -41.5562 -59.6912 -54.9957 -49.3495 -52.9051 -71.8158  -35.683 -29.6275 -21.4992 -59.7243 -45.6691 -53.5135 -41.3667 -48.8618 -37.4301 -33.5093 -44.1688 -59.1378 -55.3883 -86.1854 -51.4874 -55.4537 -69.8748 -57.5712 -50.0445 -42.9038 -59.4326 -48.2549 -66.7133 -49.1097  -59.389 -29.6127 -58.2582 -67.9978 -62.1254 -52.4183 -47.8316  -46.795 -58.4448
-44.1308  -46.524 -67.5765 -56.7276 -39.6815 -73.5162 -50.3899 -65.4945 -52.7778 -61.2508 -66.7863 -58.8607 -72.4465 -60.9011 -47.4012 -142.705 -62.4546 -82.9412 -45.8919 -52.0154 -41.3615 -58.9793 -81.1666 -72.1253 -59.5761 -83.0365 -88.2267 -32.9581 -49.5747 -39.7482 -63.8076 -69.1497   -49.73 -68.7589 -77.8039 -65.5035 -61.8857 -39.3718 -48.7881 -60.3688 -76.1348 -49.9944 -67.6819 -50.4489 -65.4187 -58.6103  -51.467 -32.4958 -60.9602 -47.9571 -50.4974 -52.7639  -54.971 -49.1236  -64.735 -73.7473 -48.1691 -52.4715 -57.0741 -77.3943
-58.8721 -47.9425 -80.2831 -40.8793  -45.773 -64.3878 -44.4324 -52.4625 -49.7493  -52.457 -68.4117 -63.5372  -69.307 -66.9493 -39.2219 -62.4546 -143.896 -79.5033 -60.8765 -47.1184 -38.9946 -43.7624 -63.1794 -55.9809 -59.4147 -48.9872 -61.6799 -61.4782 -66.0302  -27.237 -78.4064  -65.189 -66.6402 -47.0581 -65.7273 -50.6235 -22.5982 -42.3127 -56.7105 -77.7709  -65.816 -60.4372   -46.33 -55.2464 -47.6577 -42.7754 -46.2276 -43.3252 -49.1464 -66.3258 -35.9369 -43.4365 -63.6281 -34.2366 -64.9369 -49.3668 -38.3149 -51.8105 -56.0741 -54.2253
-80.2497 -62.9784  -81.874 -76.0423  -78.399 -74.3233  -66.133 -73.3018 -81.1371 -77.8722 -79.9766 -89.1426 -77.4322 -73.3161 -58.7425 -82.9412 -79.5033 -169.896 -67.2996  -76.714 -58.2187 -63.3077  -85.477 -93.6107 -66.8526 -65.4547 -84.6933 -62.6999 -60.2437 -49.9117 -83.6769 -76.1198 -78.8069   -77.58 -73.5387 -65.7043 -48.7573 -42.5599 -83.5395 -75.0696 -85.8887 -79.8288 -100.737 -90.5594 -73.7832   -59.41 -53.5622 -54.0157 -56.6414 -72.0543 -63.5879 -63.9408 -67.1729 -75.5877 -83.9978 -92.8647 -50.7187 -50.3935 -68.2911 -90.9432
-56.9051 -38.2673 -60.9881 -38.0016 -47.5291 -70.7045 -57.7741 -56.8137 -36.0223 -53.1891 -58.8193 -66.1418 -39.0834 -66.1604 -39.7794 -45.8919 -60.8765 -67.2996  -131.39 -72.9515 -40.3487 -45.1092 -52.7716 -71.0592 -38.2873 -31.3876  -45.419 -46.2609 -46.4501 -28.9451 -72.9962 -40.2964 -48.3495  -56.291  -57.202 -61.5739  -29.706  -43.702 -53.5416 -45.4509 -77.2873  -63.824  -55.915 -69.1089 -55.7138 -40.1502 -49.9666 -55.2582  -61.806 -60.7575  -65.616 -49.3289 -44.0481  -48.035 -69.3526 -48.5749 -52.1623 -48.0738  -65.068 -53.4028
-59.1152 -63.7643 -84.5901 -70.6456 -48.8663 -74.0935 -55.8404 -75.5885 -55.8713 -69.3781 -71.9887 -70.6092  -68.944 -69.6346 -54.7961 -52.0154 -47.1184  -76.714 -72.9515 -136.109   -51.46 -66.8088  -59.379 -92.3047 -74.2243 -56.6154 -66.0276 -68.1757 -46.8229  -44.801 -75.5522 -69.1089 -71.6624   -78.36 -67.0893 -45.9521 -55.5735 -41.2447  -66.652 -69.2712 -75.3092 -67.7369 -78.2051 -75.8912 -80.9262  -47.488 -68.9685  -63.882 -62.6147 -84.3914 -64.5452 -51.5869 -62.4715 -69.2195  -75.635  -68.145 -67.6769 -55.3131 -62.1036  -65.476
-54.3218 -39.0401 -68.2497 -41.4221 -49.5885  -44.698 -41.7846 -74.0957 -44.2973 -46.3321 -45.6045 -60.1922   -49.58 -63.0937 -25.9026 -41.3615 -38.9946 -58.2187 -40.3487   -51.46 -103.364 -62.2462  -62.415  -51.643  -34.819 -34.2107 -60.1728 -30.4699 -33.9073 -31.6663 -63.5968 -52.6726 -34.6435 -39.6204 -65.1452 -36.3574   -42.23 -31.3849 -51.1812 -56.9089 -59.7587 -35.6888 -55.3074 -47.0704  -40.991 -35.7987 -41.8249 -45.3209 -47.4641 -45.0747  -31.668 -35.8223 -41.7371 -37.4431 -54.5853 -41.1895 -31.3432 -28.5617 -29.5131 -42.5664
-39.5636 -42.2052 -70.1521 -88.0479 -70.7356  -58.675 -48.5121 -55.0077 -66.0821 -63.2266 -67.7107 -63.9911  -73.103 -75.3787 -41.5562 -58.9793 -43.7624 -63.3077 -45.1092 -66.8088 -62.2462 -135.334 -63.0165 -72.3205 -49.9784 -48.5991 -56.1757 -44.5085 -28.4961 -37.6863 -66.8075 -55.4768 -55.1965 -59.5124 -52.2046  -34.466 -31.8427 -48.3609 -64.1738 -55.1903 -66.5678 -50.6866 -78.3594 -81.4197 -58.3447 -38.9713 -34.1817 -47.0743 -56.1718  -64.619 -34.8485 -60.7626 -48.2918 -42.7527 -48.4162 -55.4357 -34.0797   -49.04 -42.4722  -56.568
-68.8334 -55.4533 -68.3008 -68.9848 -49.2303 -93.6769 -57.2588 -84.3931 -85.8491 -68.8813 -53.3987 -79.7187 -66.1048 -96.9546 -59.6912 -81.1666 -63.1794  -85.477 -52.7716  -59.379  -62.415 -63.0165 -152.519  -80.577 -68.6749 -57.8827 -91.8525 -52.8283 -40.0532 -58.5849 -71.9946 -78.7837 -80.4994 -53.3553 -67.9971 -41.5719 -41.5136 -55.0495 -64.2902 -82.4301 -92.6932  -58.714 -70.1864 -86.2995 -57.5747 -61.5942 -56.4822 -61.3154 -51.7371 -82.1333 -59.8894  -67.394 -80.3802 -54.6541 -76.9694 -77.7763 -55.1096 -73.3588  -63.892 -71.7378
-49.9801 -72.2071 -80.7827 -67.0609 -60.2476  -68.865 -76.5069 -98.8485 -90.8081 -67.5245 -76.3018 -89.1151 -75.3259 -100.814 -54.9957 -72.1253 -55.9809 -93.6107 -71.0592 -92.3047  -51.643 -72.3205  -80.577 -186.742 -87.3883 -72.4052  -77.656 -47.7214 -52.1342 -52.3792 -92.3771 -78.9374 -89.5334 -84.6587 -71.7724 -68.0166 -30.8956 -57.2417 -65.8193 -53.9303 -77.1124 -56.4599 -76.5273 -88.7984 -84.3628 -49.4351 -52.8437  -54.477 -79.7448 -57.8448 -47.8287 -67.3085 -78.0843 -74.6146 -82.2735 -93.6931 -66.9199 -64.7837 -74.0118 -81.4344
-50.5055 -86.2318  -69.462 -59.6529 -28.9906 -55.7455 -45.3163 -51.1489 -64.8273 -56.2472 -75.2985 -45.7454 -74.8455 -81.1733 -49.3495 -59.5761 -59.4147 -66.8526 -38.2873 -74.2243  -34.819 -49.9784 -68.6749 -87.3883 -148.307 -71.5567 -84.9607 -59.6947 -57.1358 -37.9184 -69.2649 -72.1937 -89.6181 -46.6629  -49.895 -62.0809 -30.0595 -59.7499 -57.7068 -85.8931  -71.455 -48.8105 -71.6807 -71.1004 -61.4953 -65.7568 -52.5084 -73.2191 -62.9746 -77.3916 -57.0752 -41.7217 -57.8506 -49.4138 -78.2336 -77.9585 -58.8155 -35.6295 -59.1104 -60.8044
-52.0318 -46.2413 -61.5052 -56.8178 -37.9274 -63.3761 -32.1809 -68.5395  -58.491 -59.3711 -59.1025 -57.0864 -60.6468 -66.2125 -52.9051 -83.0365 -48.9872 -65.4547 -31.3876 -56.6154 -34.2107 -48.5991 -57.8827 -72.4052 -71.5567 -144.628 -87.3683 -37.8195 -37.3247 -19.9611 -61.3007 -46.3155 -59.1363 -59.1971 -49.1284 -51.0133 -38.4871 -40.2351  -60.958  -56.268 -57.6717 -55.5706 -49.9869 -60.8703 -72.9553 -63.1524 -46.8761 -56.3243  -66.344 -76.5673 -59.6622 -32.6517 -41.7286 -50.4998 -78.0473 -67.5636 -52.1424 -34.4001 -55.5773 -63.7303
-71.2247 -65.8806 -75.5359 -61.4308 -52.5396 -82.1411 -42.1357 -88.2962 -67.2632 -73.2726 -62.7716 -76.9568 -66.1115  -94.908 -71.8158 -88.2267 -61.6799 -84.6933  -45.419 -66.0276 -60.1728 -56.1757 -91.8525  -77.656 -84.9607 -87.3683  -161.03 -57.7332 -64.7756   -51.57 -82.2579 -71.9823 -87.9677 -39.8183 -89.7981 -58.3121 -60.6534 -66.8694  -60.463  -77.595 -115.896 -53.2491 -78.7804 -78.0421 -72.7481 -72.6497 -68.6432 -67.7571 -64.3077 -88.3392 -66.7456 -64.2923 -72.1112 -79.8358 -70.3058 -89.8478 -49.0902 -54.5766 -58.5508  -80.331
-51.2212 -52.5521 -53.7571  -47.143 -48.5424  -57.629 -44.8543 -60.5182 -48.1603 -46.8761 -58.2197 -51.4751 -67.1903 -69.5904  -35.683 -32.9581 -61.4782 -62.6999 -46.2609 -68.1757 -30.4699 -44.5085 -52.8283 -47.7214 -59.6947 -37.8195 -57.7332 -132.284 -49.4357 -33.3997 -53.6583 -64.8911 -63.7208 -54.4899 -50.0684 -44.6774 -36.7218  -61.045 -47.9388 -63.2931 -73.6809 -60.1501 -67.1119 -68.5948 -47.0667 -26.4857 -63.3861 -49.1004 -35.1084 -81.2724 -50.3634 -31.4219 -66.3825 -70.0928 -54.3255 -89.5811  -63.244 -50.5891 -68.4585 -45.0213
-52.2903 -49.2054 -57.9636 -40.7334 -35.9202 -40.4141 -59.0538 -40.3899 -49.3085 -34.6504 -56.4934 -55.4978 -55.4862 -50.9805 -29.6275 -49.5747 -66.0302 -60.2437 -46.4501 -46.8229 -33.9073 -28.4961 -40.0532 -52.1342 -57.1358 -37.3247 -64.7756 -49.4357 -111.225 -37.6212 -62.1134 -60.4234 -70.1576 -34.9816 -61.3215 -50.1311 -37.8869 -60.6724 -50.7419 -42.2661 -55.1921 -55.7855 -69.2347 -49.2861 -52.5729 -34.0566 -56.5216 -49.0364 -43.5934 -42.1037 -36.7231 -29.7326 -49.3794 -63.3422 -54.2987 -67.2465 -44.6408 -44.6521 -48.3798 -49.7959
-35.4109 -50.2795 -36.1141 -49.0127 -35.2037  -35.053 -53.3723  -33.398 -37.7499 -39.7949  -54.147 -60.6568 -30.6824 -54.2843 -21.4992 -39.7482  -27.237 -49.9117 -28.9451  -44.801 -31.6663 -37.6863 -58.5849 -52.3792 -37.9184 -19.9611   -51.57 -33.3997 -37.6212 -121.622 -38.4131 -71.7969 -54.1621 -31.2402 -30.7841 -10.2735 -16.7549 -27.4254 -29.1341 -46.1588 -54.3866 -24.2038 -50.8337 -36.5229 -21.2344 -32.8417 -36.8972 -28.3164  -33.329 -28.9585 -29.6927 -45.3289 -62.9299 -41.0605 -45.7592 -43.0372 -34.1047 -33.0021 -37.8467 -28.9134
-66.7063 -47.4282 -80.1139   -65.87 -49.8078 -59.9715 -54.8405 -73.9796 -75.8424 -88.0009 -69.3417 -76.6969 -61.7561 -79.8677 -59.7243 -63.8076 -78.4064 -83.6769 -72.9962 -75.5522 -63.5968 -66.8075 -71.9946 -92.3771 -69.2649 -61.3007 -82.2579 -53.6583 -62.1134 -38.4131 -135.112 -74.9362 -63.5057 -54.4629 -83.3625 -73.7062 -41.0222 -49.3221 -70.0758 -71.3055 -90.7267 -63.0136 -66.4956 -73.3973 -60.6844 -69.0845 -48.1537 -53.0437 -77.2065  -83.616 -48.5244 -58.9967 -74.6889 -64.7239 -80.7686 -80.2319 -55.1084 -52.0227 -53.8451 -72.0574
-40.7129 -55.7707 -72.6816 -40.9577 -51.6874 -64.5737 -54.5071 -72.8916 -66.2679  -57.192 -84.2702 -76.7316 -71.7133 -84.6931 -45.6691 -69.1497  -65.189 -76.1198 -40.2964 -69.1089 -52.6726 -55.4768 -78.7837 -78.9374 -72.1937 -46.3155 -71.9823 -64.8911 -60.4234 -71.7969 -74.9362 -141.884  -61.034 -67.3435 -69.5409 -47.6855 -49.2862 -50.6558 -63.2037 -70.8186 -66.2785 -42.7941 -56.2075  -65.145 -62.2426 -62.5469 -53.4363 -36.9209 -39.6084 -58.7705 -45.0084 -53.1593 -71.6058 -57.2289 -66.9441 -83.7774 -41.0894 -53.2475 -75.2687 -53.7169
-59.7982  -83.873 -60.6958 -72.8062 -52.3617 -71.0136 -70.3219 -60.7372 -79.6999 -67.0559 -64.3135 -88.9904 -62.8267 -85.7551 -53.5135   -49.73 -66.6402 -78.8069 -48.3495 -71.6624 -34.6435 -55.1965 -80.4994 -89.5334 -89.6181 -59.1363 -87.9677 -63.7208 -70.1576 -54.1621 -63.5057  -61.034 -147.337 -59.5444   -78.35 -54.5733 -37.8188 -68.0523 -73.8409 -66.1465 -69.4408 -60.2823 -91.9082 -97.1939 -68.0457 -56.2218 -64.9945 -81.3109  -62.697 -84.3292 -53.1633 -51.4779 -68.5408 -68.6463 -70.2248 -80.8827 -51.8113  -46.774 -65.3915 -49.6245
-41.1357 -45.8532  -65.201 -57.0352 -61.5977 -74.8627 -43.0067 -64.3604 -54.1396 -59.4733 -54.0223 -63.4406 -59.2527 -66.1554 -41.3667 -68.7589 -47.0581   -77.58  -56.291   -78.36 -39.6204 -59.5124 -53.3553 -84.6587 -46.6629 -59.1971 -39.8183 -54.4899 -34.9816 -31.2402 -54.4629 -67.3435 -59.5444 -126.734 -56.1483 -43.5823 -39.4573 -34.4664 -73.5874 -47.9527 -34.4067 -45.4335 -57.5568 -68.0454 -66.0701 -23.4175 -68.1211 -39.1102 -44.3607 -48.2886 -48.9565 -60.3987 -44.3249 -56.4571 -58.1852 -74.6628 -60.4029 -37.5494 -77.4653 -45.4093
-59.3496 -55.6552  -82.815 -47.8008 -43.3681 -70.2177 -62.2873 -79.7611 -69.9547 -68.5057 -58.9196 -84.5462 -55.9275 -65.9198 -48.8618 -77.8039 -65.7273 -73.5387  -57.202 -67.0893 -65.1452 -52.2046 -67.9971 -71.7724  -49.895 -49.1284 -89.7981 -50.0684 -61.3215 -30.7841 -83.3625 -69.5409   -78.35 -56.1483 -160.296 -64.3547  -78.773 -48.0043 -58.3145 -57.2434  -97.588 -38.5934  -57.807 -73.1361 -88.7582 -76.2028 -50.8005 -55.5772 -56.8343 -68.3041 -48.7599 -37.9696 -56.9727 -50.7656 -58.5823 -67.0589 -49.6991 -28.7693  -61.134 -62.3511
-48.6182 -38.2875 -46.2352 -35.3979 -40.5857 -51.3126 -47.2668 -54.9117 -44.0922 -62.2747  -54.403 -40.2111 -50.8161  -53.641 -37.4301 -65.5035 -50.6235 -65.7043 -61.5739 -45.9521 -36.3574  -34.466 -41.5719 -68.0166 -62.0809 -51.0133 -58.3121 -44.6774 -50.1311 -10.2735 -73.7062 -47.6855 -54.5733 -43.5823 -64.3547 -123.955 -35.7969  -40.175 -45.8957 -51.2746 -55.9289 -46.0228 -57.7622 -57.5557 -53.8905 -66.7658 -37.1662 -34.0953 -60.9607 -65.0283 -55.9089 -36.8025 -36.8992 -46.1213 -80.7839 -65.7731 -62.1985 -24.7428 -59.7933 -51.2439
-40.3449 -46.4909 -42.0318 -23.9283 -44.3365 -61.0623 -27.7402 -57.1584 -38.7789 -37.4068 -57.1719  -39.966 -37.7336 -40.9867 -33.5093 -61.8857 -22.5982 -48.7573  -29.706 -55.5735   -42.23 -31.8427 -41.5136 -30.8956 -30.0595 -38.4871 -60.6534 -36.7218 -37.8869 -16.7549 -41.0222 -49.2862 -37.8188 -39.4573  -78.773 -35.7969  -111.59 -33.3896 -41.1324  -38.362 -69.2432 -27.3179 -53.1024 -50.4792 -57.9698 -32.5274  -40.539 -30.4398 -25.2337 -53.6091 -40.2756 -33.6766 -45.9829 -56.9005 -43.0169 -43.2534 -35.0712 -23.1624 -39.0373 -48.7421
-44.9556 -41.2786 -39.5943 -33.9836 -41.9323 -55.2106 -55.1556 -51.4798 -38.5349 -40.3013 -56.9417 -56.8584 -46.3314 -72.6899 -44.1688 -39.3718 -42.3127 -42.5599  -43.702 -41.2447 -31.3849 -48.3609 -55.0495 -57.2417 -59.7499 -40.2351 -66.8694  -61.045 -60.6724 -27.4254 -49.3221 -50.6558 -68.0523 -34.4664 -48.0043  -40.175 -33.3896 -120.762 -51.6893 -46.5719   -74.12 -37.7495 -75.9885 -73.3619 -59.9382  -27.959  -60.045 -60.0231 -49.5256 -63.7901 -33.0496 -33.5223 -44.3011 -65.5609 -51.6733 -67.7534 -59.8974 -46.4648  -59.382 -34.6906
 -69.289 -37.8098 -66.3995 -61.1204 -70.0429 -69.6781 -65.9691 -79.5791 -67.6433  -76.715 -79.1192 -74.1561 -72.5445 -95.0016 -59.1378 -48.7881 -56.7105 -83.5395 -53.5416  -66.652 -51.1812 -64.1738 -64.2902 -65.8193 -57.7068  -60.958  -60.463 -47.9388 -50.7419 -29.1341 -70.0758 -63.2037 -73.8409 -73.5874 -58.3145 -45.8957 -41.1324 -51.6893 -137.932 -68.5456 -79.9675 -68.8178 -68.4244 -101.075 -67.2176  -47.807 -68.1253 -64.0536 -45.0804 -78.8948 -59.7374 -66.5974 -43.9146 -65.2752 -75.2229 -86.6977 -52.1086 -61.3162 -73.3097 -67.6684
-68.9604 -57.5949 -61.2434 -64.2599 -46.1465 -63.3161 -51.9097 -49.6966 -58.2202 -62.7125 -71.0728 -52.0271 -64.3066 -79.3094 -55.3883 -60.3688 -77.7709 -75.0696 -45.4509 -69.2712 -56.9089 -55.1903 -82.4301 -53.9303 -85.8931  -56.268  -77.595 -63.2931 -42.2661 -46.1588 -71.3055 -70.8186 -66.1465 -47.9527 -57.2434 -51.2746  -38.362 -46.5719 -68.5456 -137.355  -85.096 -67.8043 -56.8014 -61.7909 -56.3961 -62.8254  -56.122 -56.2835 -53.5953 -81.2577 -64.4667 -47.9776 -67.4585 -50.1849 -73.6518 -62.0091 -51.8482 -51.8167 -57.1297 -61.3342
-74.4617 -74.3721 -75.7337 -60.9368 -59.7598 -93.7686 -76.0026  -85.969  -87.823 -74.3946 -86.4373  -78.168 -77.7733 -86.3599 -86.1854 -76.1348  -65.816 -85.8887 -77.2873 -75.3092 -59.7587 -66.5678 -92.6932 -77.1124  -71.455 -57.6717 -115.896 -73.6809 -55.1921 -54.3866 -90.7267 -66.2785 -69.4408 -34.4067  -97.588 -55.9289 -69.2432   -74.12 -79.9675  -85.096 -205.889 -59.0215 -91.5088 -81.1575 -95.9087 -63.2489 -58.1491 -84.0095 -66.9165 -93.9888 -61.3158 -61.0279 -80.9352  -87.077 -91.1101 -91.6979 -63.9919 -70.4787 -79.3007 -77.6148
-50.4844 -38.8076 -65.2105 -56.2703 -36.0951 -57.0678 -61.0421 -45.0338 -57.9213 -44.2941 -47.9681 -56.4874 -74.5141 -62.7048 -51.4874 -49.9944 -60.4372 -79.8288  -63.824 -67.7369 -35.6888 -50.6866  -58.714 -56.4599 -48.8105 -55.5706 -53.2491 -60.1501 -55.7855 -24.2038 -63.0136 -42.7941 -60.2823 -45.4335 -38.5934 -46.0228 -27.3179 -37.7495 -68.8178 -67.8043 -59.0215 -125.226 -67.9699 -76.5623 -56.2003 -46.6993 -49.0855 -60.5803 -54.2602 -78.0088 -47.3473 -50.4982 -51.0337 -55.0202 -63.3331 -58.0101 -48.8991 -65.8928 -48.4357 -62.6841
-71.4796   -87.25 -68.2279 -81.2452 -53.0246 -72.9451 -72.5232 -63.0292 -72.1355 -69.4564 -68.0182  -62.299 -79.2802 -72.1059 -55.4537 -67.6819   -46.33 -100.737  -55.915 -78.2051 -55.3074 -78.3594 -70.1864 -76.5273 -71.6807 -49.9869 -78.7804 -67.1119 -69.2347 -50.8337 -66.4956 -56.2075 -91.9082 -57.5568  -57.807 -57.7622 -53.1024 -75.9885 -68.4244 -56.8014 -91.5088 -67.9699 -157.713 -97.6036 -58.0437 -47.2355 -64.6805 -62.0976 -64.9495 -74.7299 -64.8022 -49.2204 -60.6707 -92.2986 -73.3246 -85.8188 -64.5278 -54.5815 -55.1144  -58.584
-70.2863 -60.4523 -73.1306  -81.715 -64.9154 -84.6304 -68.7241 -76.1053 -71.7718 -73.9474 -72.7111 -73.8575 -75.3484 -102.467 -69.8748 -50.4489 -55.2464 -90.5594 -69.1089 -75.8912 -47.0704 -81.4197 -86.2995 -88.7984 -71.1004 -60.8703 -78.0421 -68.5948 -49.2861 -36.5229 -73.3973  -65.145 -97.1939 -68.0454 -73.1361 -57.5557 -50.4792 -73.3619 -101.075 -61.7909 -81.1575 -76.5623 -97.6036  -152.91 -71.8325 -55.8372 -46.6937 -67.3653 -66.4686 -92.4898 -72.9193 -71.5721 -46.9844 -77.6431 -71.0276 -88.7562 -71.0864 -68.0352 -71.7353 -67.0803
-59.1859 -57.2902 -73.0621 -52.5631 -55.8881 -80.9502 -63.1745 -52.1071 -67.6924 -54.3497 -66.4359 -76.8981 -66.5815 -67.6869 -57.5712 -65.4187 -47.6577 -73.7832 -55.7138 -80.9262  -40.991 -58.3447 -57.5747 -84.3628 -61.4953 -72.9553 -72.7481 -47.0667 -52.5729 -21.2344 -60.6844 -62.2426 -68.0457 -66.0701 -88.7582 -53.8905 -57.9698 -59.9382 -67.2176 -56.3961 -95.9087 -56.2003 -58.0437 -71.8325 -148.473 -55.3567 -60.3112 -63.5494 -79.3004 -74.8104 -66.1774 -38.4301 -58.1511 -68.5034 -72.7144 -64.3102 -63.8243 -47.4849 -74.5655 -53.5309
-53.4848 -50.1238 -51.8343 -41.0391 -33.1042 -42.6442 -48.7834 -53.9973 -71.1464 -70.3523 -63.0667 -67.0781 -45.1907 -60.5292 -50.0445 -58.6103 -42.7754   -59.41 -40.1502  -47.488 -35.7987 -38.9713 -61.5942 -49.4351 -65.7568 -63.1524 -72.6497 -26.4857 -34.0566 -32.8417 -69.0845 -62.5469 -56.2218 -23.4175 -76.2028 -66.7658 -32.5274  -27.959  -47.807 -62.8254 -63.2489 -46.6993 -47.2355 -55.8372 -55.3567 -128.567 -41.4326 -41.1196   -62.69 -76.3059 -62.0992 -38.5678 -42.5212 -41.7738 -69.0122 -64.1686 -36.9596 -40.3064 -53.6077 -71.9691
 -56.896 -28.6178 -51.2214 -55.1132 -44.4144 -57.4539 -62.8065 -59.2346 -50.0419 -68.9186 -47.1453 -61.8147 -39.3424 -78.1615 -42.9038  -51.467 -46.2276 -53.5622 -49.9666 -68.9685 -41.8249 -34.1817 -56.4822 -52.8437 -52.5084 -46.8761 -68.6432 -63.3861 -56.5216 -36.8972 -48.1537 -53.4363 -64.9945 -68.1211 -50.8005 -37.1662  -40.539  -60.045 -68.1253  -56.122 -58.1491 -49.0855 -64.6805 -46.6937 -60.3112 -41.4326 -140.841 -46.8838  -45.847 -70.6374 -58.3557 -60.4754 -47.4776 -60.5805 -65.4633  -68.965 -61.9019 -47.2753 -73.0535 -59.1749
-47.3641 -56.1171 -53.5308 -50.9851 -42.7972 -69.8373 -43.4122  -60.117 -55.9015 -48.3398 -45.2552 -60.6369   -69.03 -68.2186 -59.4326 -32.4958 -43.3252 -54.0157 -55.2582  -63.882 -45.3209 -47.0743 -61.3154  -54.477 -73.2191 -56.3243 -67.7571 -49.1004 -49.0364 -28.3164 -53.0437 -36.9209 -81.3109 -39.1102 -55.5772 -34.0953 -30.4398 -60.0231 -64.0536 -56.2835 -84.0095 -60.5803 -62.0976 -67.3653 -63.5494 -41.1196 -46.8838 -132.158 -43.9046 -67.1583 -37.1509 -42.5949 -49.0634 -46.5176 -65.1216  -67.407 -34.2631 -26.4162 -50.1463 -38.3451
-56.7246 -60.4387 -53.2474 -56.8629 -41.5159 -49.9484 -59.4532 -45.2741 -47.5072 -65.7569 -68.4546 -65.7731 -49.3446 -70.2122 -48.2549 -60.9602 -49.1464 -56.6414  -61.806 -62.6147 -47.4641 -56.1718 -51.7371 -79.7448 -62.9746  -66.344 -64.3077 -35.1084 -43.5934  -33.329 -77.2065 -39.6084  -62.697 -44.3607 -56.8343 -60.9607 -25.2337 -49.5256 -45.0804 -53.5953 -66.9165 -54.2602 -64.9495 -66.4686 -79.3004   -62.69  -45.847 -43.9046 -136.444 -62.6685 -64.7754 -37.2103 -49.1565 -69.8062 -72.1082 -66.9972  -51.614 -47.6586 -42.8694 -53.6556
-74.2064 -66.3316 -51.9518  -57.858 -59.3438 -87.3766 -48.9285 -81.4128 -76.3898 -80.1047 -82.5798 -65.6687 -68.4235 -91.3646 -66.7133 -47.9571 -66.3258 -72.0543 -60.7575 -84.3914 -45.0747  -64.619 -82.1333 -57.8448 -77.3916 -76.5673 -88.3392 -81.2724 -42.1037 -28.9585  -83.616 -58.7705 -84.3292 -48.2886 -68.3041 -65.0283 -53.6091 -63.7901 -78.8948 -81.2577 -93.9888 -78.0088 -74.7299 -92.4898 -74.8104 -76.3059 -70.6374 -67.1583 -62.6685 -156.122 -77.2534 -50.7581 -71.1395  -71.329   -86.81 -80.4348 -75.3127 -59.6419 -74.9096 -77.1341
-64.9477 -49.4745 -46.7898 -56.2005 -47.4424 -70.3142 -42.2901 -40.0737 -51.7067 -57.5633 -49.2155 -39.8721 -38.8432 -68.9611 -49.1097 -50.4974 -35.9369 -63.5879  -65.616 -64.5452  -31.668 -34.8485 -59.8894 -47.8287 -57.0752 -59.6622 -66.7456 -50.3634 -36.7231 -29.6927 -48.5244 -45.0084 -53.1633 -48.9565 -48.7599 -55.9089 -40.2756 -33.0496 -59.7374 -64.4667 -61.3158 -47.3473 -64.8022 -72.9193 -66.1774 -62.0992 -58.3557 -37.1509 -64.7754 -77.2534  -124.86 -35.5325 -45.9883 -69.0941 -60.7588 -66.1201 -59.1232 -41.8619 -58.0552 -54.9989
-55.0849 -29.4668 -62.4152 -56.2325 -55.1188 -81.3653 -33.4788 -57.1917   -60.93 -66.9363 -52.9826  -61.512 -46.9174 -77.3952  -59.389 -52.7639 -43.4365 -63.9408 -49.3289 -51.5869 -35.8223 -60.7626  -67.394 -67.3085 -41.7217 -32.6517 -64.2923 -31.4219 -29.7326 -45.3289 -58.9967 -53.1593 -51.4779 -60.3987 -37.9696 -36.8025 -33.6766 -33.5223 -66.5974 -47.9776 -61.0279 -50.4982 -49.2204 -71.5721 -38.4301 -38.5678 -60.4754 -42.5949 -37.2103 -50.7581 -35.5325 -108.689 -52.6362 -52.7652 -58.0254  -60.849 -33.6298 -49.9193 -52.5288 -65.8917
-62.9685  -58.196 -47.0782  -47.229 -49.4458 -74.0342 -44.0966 -70.0031  -82.088 -63.6005 -66.0554  -75.792 -63.1792 -65.3081 -29.6127  -54.971 -63.6281 -67.1729 -44.0481 -62.4715 -41.7371 -48.2918 -80.3802 -78.0843 -57.8506 -41.7286 -72.1112 -66.3825 -49.3794 -62.9299 -74.6889 -71.6058 -68.5408 -44.3249 -56.9727 -36.8992 -45.9829 -44.3011 -43.9146 -67.4585 -80.9352 -51.0337 -60.6707 -46.9844 -58.1511 -42.5212 -47.4776 -49.0634 -49.1565 -71.1395 -45.9883 -52.6362 -126.452 -77.3764 -58.4501 -63.1137  -42.537 -53.7962 -51.4331 -56.6904
 -74.138 -63.1046 -45.3022 -53.3647 -62.9437 -71.9459 -52.5753 -64.3875 -71.7955 -71.9613 -73.2085 -68.6543 -62.3778 -65.5872 -58.2582 -49.1236 -34.2366 -75.5877  -48.035 -69.2195 -37.4431 -42.7527 -54.6541 -74.6146 -49.4138 -50.4998 -79.8358 -70.0928 -63.3422 -41.0605 -64.7239 -57.2289 -68.6463 -56.4571 -50.7656 -46.1213 -56.9005 -65.5609 -65.2752 -50.1849  -87.077 -55.0202 -92.2986 -77.6431 -68.5034 -41.7738 -60.5805 -46.5176 -69.8062  -71.329 -69.0941 -52.7652 -77.3764 -147.461  -60.697   -94.38 -54.4094 -62.2657 -69.9166 -70.9458
-62.4968 -74.8913 -74.1842 -57.9991 -41.1467  -78.264 -58.0178 -78.5462 -71.5496  -83.386 -90.9272 -70.9833 -66.8712 -75.7504 -67.9978  -64.735 -64.9369 -83.9978 -69.3526  -75.635 -54.5853 -48.4162 -76.9694 -82.2735 -78.2336 -78.0473 -70.3058 -54.3255 -54.2987 -45.7592 -80.7686 -66.9441 -70.2248 -58.1852 -58.5823 -80.7839 -43.0169 -51.6733 -75.2229 -73.6518 -91.1101 -63.3331 -73.3246 -71.0276 -72.7144 -69.0122 -65.4633 -65.1216 -72.1082   -86.81 -60.7588 -58.0254 -58.4501  -60.697 -139.121    -79.4 -78.6846 -47.8067 -79.7134 -67.5491
-51.7679 -59.9601 -54.5033 -60.1318 -68.2399 -68.0548 -63.9615 -102.599 -75.9155  -88.268 -84.9154 -76.3008 -85.9965 -98.2772 -62.1254 -73.7473 -49.3668 -92.8647 -48.5749  -68.145 -41.1895 -55.4357 -77.7763 -93.6931 -77.9585 -67.5636 -89.8478 -89.5811 -67.2465 -43.0372 -80.2319 -83.7774 -80.8827 -74.6628 -67.0589 -65.7731 -43.2534 -67.7534 -86.6977 -62.0091 -91.6979 -58.0101 -85.8188 -88.7562 -64.3102 -64.1686  -68.965  -67.407 -66.9972 -80.4348 -66.1201  -60.849 -63.1137   -94.38    -79.4 -176.387 -61.9019 -72.0648 -84.0641 -76.4155
-57.9302 -44.5093 -46.6653 -40.3426 -23.9932 -50.1653 -58.3423 -58.3371 -42.5025 -35.2841 -55.9647 -42.9737 -53.5297 -62.0832 -52.4183 -48.1691 -38.3149 -50.7187 -52.1623 -67.6769 -31.3432 -34.0797 -55.1096 -66.9199 -58.8155 -52.1424 -49.0902  -63.244 -44.6408 -34.1047 -55.1084 -41.0894 -51.8113 -60.4029 -49.6991 -62.1985 -35.0712 -59.8974 -52.1086 -51.8482 -63.9919 -48.8991 -64.5278 -71.0864 -63.8243 -36.9596 -61.9019 -34.2631  -51.614 -75.3127 -59.1232 -33.6298  -42.537 -54.4094 -78.6846 -61.9019 -132.622 -57.0431 -66.0631 -51.1719
-55.3277 -38.6997 -41.0962 -40.8576 -32.4739  -55.281 -60.5329 -67.3387 -46.9051  -46.742 -63.0354 -65.8494 -68.4221 -74.7446 -47.8316 -52.4715 -51.8105 -50.3935 -48.0738 -55.3131 -28.5617   -49.04 -73.3588 -64.7837 -35.6295 -34.4001 -54.5766 -50.5891 -44.6521 -33.0021 -52.0227 -53.2475  -46.774 -37.5494 -28.7693 -24.7428 -23.1624 -46.4648 -61.3162 -51.8167 -70.4787 -65.8928 -54.5815 -68.0352 -47.4849 -40.3064 -47.2753 -26.4162 -47.6586 -59.6419 -41.8619 -49.9193 -53.7962 -62.2657 -47.8067 -72.0648 -57.0431 -123.927 -55.6298 -54.5859
 -56.924 -54.7417 -62.9156  -42.045 -61.8431 -75.9584 -58.3687 -69.9762 -67.6557 -55.1467 -79.8269 -66.0315 -56.8148   -93.56  -46.795 -57.0741 -56.0741 -68.2911  -65.068 -62.1036 -29.5131 -42.4722  -63.892 -74.0118 -59.1104 -55.5773 -58.5508 -68.4585 -48.3798 -37.8467 -53.8451 -75.2687 -65.3915 -77.4653  -61.134 -59.7933 -39.0373  -59.382 -73.3097 -57.1297 -79.3007 -48.4357 -55.1144 -71.7353 -74.5655 -53.6077 -73.0535 -50.1463 -42.8694 -74.9096 -58.0552 -52.5288 -51.4331 -69.9166 -79.7134 -84.0641 -66.0631 -55.6298 -127.747 -53.6131
-72.2888 -44.1695 -53.6571 -41.7047 -47.1661 -52.9483 -38.5705 -69.3092 -82.0829 -61.6679 -77.2724 -69.6054 -60.4212  -69.227 -58.4448 -77.3943 -54.2253 -90.9432 -53.4028  -65.476 -42.5664  -56.568 -71.7378 -81.4344 -60.8044 -63.7303  -80.331 -45.0213 -49.7959 -28.9134 -72.0574 -53.7169 -49.6245 -45.4093 -62.3511 -51.2439 -48.7421 -34.6906 -67.6684 -61.3342 -77.6148 -62.6841  -58.584 -67.0803 -53.5309 -71.9691 -59.1749 -38.3451 -53.6556 -77.1341 -54.9989 -65.8917 -56.6904 -70.9458 -67.5491 -76.4155 -51.1719 -54.5859 -53.6131 -143.604
 0.879116  0.446118   2.42823  0.759236  0.561206   2.76187   1.12129  -0.69854   2.41908   1.33112 -0.386943 0.0235485 -0.884876   2.49633 -0.691496   0.10996    1.2953   1.61131   1.47255   2.32337  -0.75887   0.57695  0.591635  0.119877  0.881225   2.86289  0.405268  0.348496  0.681909     2.922        -0        -0        -0        -0        -0        -0        -0        -0        -0        -0        -0        -0        -0        -0        -0        -0        -0        -0        -0        -0        -0        -0        -0        -0        -0        -0        -0        -0        -0        -0
 0.446118 -0.201069   1.79569   2.46686   2.21547   1.32076  0.336914   1.87789   1.03962 -0.302131   2.61335  0.918611  0.644318   1.67402    2.0311  0.352026   1.53569   1.60057  -0.98808   1.88422  0.818315   2.41983   2.92267   2.06546   2.56834   1.99866   1.26198   2.90555   2.19479   2.38304        -0        -0        -0        -0        -0        -0        -0        -0        -0        -0        -0        -0        -0        -0        -0        -0        -0        -0        -0        -0        -0        -0        -0        -0        -0        -0        -0        -0        -0        -0
  2.42823   1.79569   2.63275   2.60892  0.862177 -0.922621  0.892391   2.08993  0.995302  0.453422   0.75707   1.38124   1.28411    2.2771   2.27394 -0.747406   2.65105   1.03591  0.183181 -0.659163   2.03911 -0.896621 -0.812127    2.6935  0.275684   2.35301   1.32593   1.43445  0.205292   2.41725        -0        -0        -0        -0        -0        -0        -0        -0        -0        -0        -0        -0        -0        -0        -0        -0        -0        -0        -0        -0        -0        -0        -0        -0        -0        -0        -0        -0        -0        -0
 0.759236   2.46686   2.60892   0.39199  0.170126  0.624049   1.19867   1.19385   1.50901 -0.673583   1.06648   1.78062   1.49636  0.780443    2.5856 -0.616105   1.54789   1.26236 -0.491541 -0.493453 -0.418033 -0.383937  0.695015   0.30775  0.574727   0.13857 -0.241724   2.67443 -0.883641  0.127296        -0        -0        -0        -0        -0        -0        -0        -0        -0        -0        -0        -0        -0        -0        -0        -0        -0        -0        -0        -0        -0        -0        -0        -0        -0        -0        -0        -0        -0        -0
  0.561206    2.21547   0.862177   0.170126  -0.392539    2.49088    1.96096  0.0765631  -0.766527    2.20688    2.93977    2.98509  -0.575064   0.170381  -0.188455 -0.0623689    1.91959   0.148467    1.27428    2.39268    1.32486  -0.998207  -0.461267  -0.239526  -0.123913  -0.426616    2.40055   -0.33617    1.86922     2.4994         -0         -0         -0         -0         -0         -0         -0         -0         -0         -0         -0         -0         -0         -0         -0         -0         -0         -0         -0         -0         -0         -0         -0         -0         -0         -0         -0         -0         -0         -0
   2.76187    1.32076  -0.922621   0.624049    2.49088   -0.31516   0.383275     1.0509    2.07187   0.686894 -0.0360468    1.32101     1.2692    2.70204  -0.555683  0.0641399  -0.411322 -0.0445057    1.33165    1.61511     1.4318    1.42824  -0.810334  -0.767765    1.03616  -0.770905    1.89932   0.834999   0.869122    1.28647         -0         -0         -0         -0         -0         -0         -0         -0         -0         -0         -0         -0         -0         -0         -0         -0         -0         -0         -0         -0         -0         -0         -0         -0         -0         -0         -0         -0         -0         -0
   1.12129   0.336914   0.892391    1.19867    1.96096   0.383275    1.88351    2.57713  -0.440091    2.39828    2.75337    2.74457  -0.182626  -0.950353    2.28764  -0.171788    2.61203    1.85103   0.463953    1.83819    2.19708    2.04786  -0.876745   0.497416   0.806961    2.17473 -0.0126289    1.57375   0.951357    1.99642         -0         -0         -0         -0         -0         -0         -0         -0         -0         -0         -0         -0         -0         -0         -0         -0         -0         -0         -0         -0         -0         -0         -0         -0         -0         -0         -0         -0         -0         -0
 -0.69854   1.87789   2.08993   1.19385 0.0765631    1.0509   2.57713   2.96008    2.8106   2.76679   2.33805   2.73846 -0.830492  0.987756 -0.138807 -0.774727    2.7478   -0.2395  0.125312 -0.143364  0.163055   2.19887   2.58659 -0.116271    1.3735   1.38035   1.57528  0.651201  0.442964  0.450757        -0        -0        -0        -0        -0        -0        -0        -0        -0        -0        -0        -0        -0        -0        -0        -0        -0        -0        -0        -0        -0        -0        -0        -0        -0        -0        -0        -0        -0        -0
  2.41908   1.03962  0.995302   1.50901 -0.766527   2.07187 -0.440091    2.8106   2.03194  0.497493 -0.269254  0.659063   1.00767   2.87155   1.43207  0.925333 -0.186049 -0.296707   2.09215   2.74043   2.28843    2.5913   2.38854   2.81883   1.91989    1.6026  0.279662 -0.589726   2.52032   2.72944        -0        -0        -0        -0        -0        -0        -0        -0        -0        -0        -0        -0        -0        -0        -0        -0        -0        -0        -0        -0        -0        -0        -0        -0        -0        -0        -0        -0        -0        -0
  1.33112 -0.302131  0.453422 -0.673583   2.20688  0.686894   2.39828   2.76679  0.497493   1.43022  0.250866 -0.524683   1.47644   1.05732   2.15919   2.26029  0.537366   2.66499   1.16725  0.930342   1.93751   1.33629   2.71455 -0.114045  0.625786   1.09461   2.58997   2.85341   1.36163   1.51674        -0        -0        -0        -0        -0        -0        -0        -0        -0        -0        -0        -0        -0        -0        -0        -0        -0        -0        -0        -0        -0        -0        -0        -0        -0        -0        -0        -0        -0        -0
 -0.386943    2.61335    0.75707    1.06648    2.93977 -0.0360468    2.75337    2.33805  -0.269254   0.250866   0.768276 -0.0106705  -0.355175  -0.535806    1.91851    2.38446    2.00808    1.29787  -0.209702    2.02388     2.0934    1.13638    0.92288   -0.40172    2.25946  -0.993868  -0.330112   0.241169   0.296372    2.81239         -0         -0         -0         -0         -0         -0         -0         -0         -0         -0         -0         -0         -0         -0         -0         -0         -0         -0         -0         -0         -0         -0         -0         -0         -0         -0         -0         -0         -0         -0
