60
1
60
-0.00285153   0.0351841  -0.0355985    0.196229  -0.0339916  -0.0940798   -0.162412   0.0860019     0.14806   -0.179767   0.0587487  0.00142985   0.0307247  -0.0103909  -0.0154373  -0.0641272    0.234332    0.150498    0.207657   -0.134003    0.212301  -0.0308323   -0.178212   0.0475031    -0.19372  -0.0377623   0.0858766   0.0118644   0.0563419  -0.0786206   -0.156559   0.0407898   -0.134047    0.131118  -0.0683793  -0.0964896   0.0663165  -0.0223721   -0.251589    0.266903    0.440214   -0.109721  0.00590772   0.0788477   0.0785023   0.0191718   -0.106185    -0.12145   0.0587052   -0.152511   -0.123645  -0.0431443    0.110726  -0.0927943    0.120532   0.0503819   0.0726481   -0.111183   0.0488633   -0.128051
    -155 -49.7696 -78.4795 -51.0305 -64.6413 -67.3767 -59.3255 -56.4314 -28.6919 -62.2468 -63.4215 -48.0802 -76.5794  -65.557 -80.6687 -89.1833 -87.8333 -73.8425 -66.3544 -81.3227 -73.4309 -87.0131 -45.6556 -32.9337 -76.4593 -71.4297 -69.6688 -63.0091 -103.528 -71.6252 -64.8509  -71.547 -53.7044 -81.6301 -70.6955 -64.9141 -69.3679 -43.4081 -68.6552 -61.8977 -77.5918 -74.6438 -66.7554 -76.3602  -53.427 -56.1483 -60.5377 -110.748 -74.7434 -84.4712 -60.7333 -49.9553 -61.0261 -66.7718 -94.8587 -78.9467 -76.9608  -46.605 -82.6786 -50.6377
-49.7696 -96.9752 -46.7939 -37.9335 -19.1404 -20.3085 -21.2702  -39.821 -17.1256 -38.4522 -4.89109 -28.0036 -49.7229 -25.2377 -44.6346 -41.4068 -37.8778 -37.7357  -18.921 -44.6044 -42.6224 -51.4393 -43.4464 -22.3056 -25.9569 -42.1075 -42.9684 -41.7011 -56.1881 -59.2669 -32.9528 -21.7153 -40.5475 -35.2457 -46.3099 -38.1426 -53.7079 -38.7099 -32.2284 -11.5377 -56.3937 -49.4706 -36.0172   -41.45 -36.5842 -39.8026 -37.9533 -45.7521 -30.4222 -29.7549 -31.0031 -23.1257 -38.5578 -59.3919 -37.3835 -49.6501 -55.1072 -21.7713 -48.0651 -44.7043
-78.4795 -46.7939 -155.384 -51.0651 -57.3881 -62.0823 -43.3381 -69.2434 -52.9027  -68.587 -46.3069  -61.756 -69.9281 -93.6685  -81.458 -82.9687 -71.7125 -73.2705 -52.1979 -69.6714 -69.2064 -83.9667 -69.1661 -41.8469 -66.8353 -90.0105 -80.2812 -67.9586 -73.1627 -69.3994  -71.752 -65.7829 -35.0445 -64.9554 -80.2568 -62.0966 -81.2974 -67.3497 -66.2299 -47.7199 -64.6157 -98.0631 -83.9359 -72.3146 -69.1515 -62.9274 -72.1761 -90.4104 -75.1987 -69.0251 -43.7633 -58.3689 -61.7924 -68.9695 -55.2261 -75.9157  -73.224 -53.4068 -75.4174 -51.2354
-51.0305 -37.9335 -51.0651 -122.405 -38.4009 -63.7025 -61.5598  -70.509 -55.8886 -70.9669 -30.1295 -31.5051 -49.2434 -57.7773 -58.7905 -62.1168 -66.6159 -36.0597 -50.5699 -42.8823  -47.963 -47.1789 -53.6881 -52.5421 -43.0253 -82.7005 -57.5927 -60.8876 -58.0983 -75.9176  -41.734 -37.9795 -40.3459 -50.4153 -54.6747 -47.3063 -73.5015 -54.6321 -51.5552 -20.5023 -39.8014 -60.3753   -71.13  -64.903 -72.3044 -54.9066 -53.3669 -61.0333  -68.532 -53.2772 -53.3646 -47.7229 -48.5329 -61.1919 -60.7073 -83.7817 -72.9234 -69.8448  -39.395 -46.5715
-64.6413 -19.1404 -57.3881 -38.4009  -113.83 -65.3642 -48.4015 -48.4316 -37.0789 -47.0267 -54.9659  -38.859 -55.3707 -65.0518 -51.3322 -81.9519  -71.475  -42.186 -47.8232 -56.0394  -47.074 -59.5162 -37.9829 -27.9246 -69.0161 -71.9084 -47.3077 -57.2634 -59.2883 -48.5009 -65.6842 -48.8502 -44.6217  -45.951 -53.9188 -49.8183  -49.935  -63.028 -53.4572 -47.6688 -52.0555 -77.0969 -60.1617 -53.9909 -34.0033 -53.0395 -53.5624 -66.9637 -55.5207 -46.5861 -27.5089 -29.2429  -59.384 -54.1539 -46.9384 -49.7324 -64.2178 -31.4046 -48.6409  -47.942
-67.3767 -20.3085 -62.0823 -63.7025 -65.3642 -122.925 -75.9915 -53.1021 -50.1007 -69.1443 -55.6342 -59.4692  -67.796  -66.334 -77.5485 -66.2942 -67.5679  -61.051 -51.0028 -70.6142 -57.5013 -64.8271 -40.6027 -40.9437 -72.0968 -78.8101 -54.8537 -63.9607 -56.8819 -76.2244 -70.2289 -56.5626 -53.2305 -63.9518 -79.1912 -38.0251 -55.4527 -53.3952 -67.0743 -48.0569 -49.4788 -75.9177 -65.4689 -53.2405 -54.0497 -74.5503 -55.9592 -91.4599  -69.843 -78.0721 -57.6171 -58.7559 -59.8637 -57.5189 -67.8226 -60.7063 -74.1344 -65.9455 -60.5942 -54.6265
-59.3255 -21.2702 -43.3381 -61.5598 -48.4015 -75.9915 -124.534 -42.5861 -51.0335 -61.9292 -41.0154 -40.7798 -45.9094 -49.7365 -71.7814 -62.5704 -53.6258 -47.3127 -42.9413 -62.1994 -44.8277 -54.9383 -42.2178 -30.1285 -48.2955  -70.071  -54.786 -59.1146 -53.2133 -77.4875 -62.2648 -39.5532 -28.9946 -62.9385 -38.3625 -48.0053 -66.5425 -41.2922 -57.1691 -44.7152 -51.7977 -57.4083 -48.6731 -55.8173 -55.2548 -65.0451 -36.6016 -80.1787 -62.3294 -52.9415 -60.3422 -48.5955 -48.7779  -51.954 -39.8813 -73.1549 -63.0126 -72.1587 -38.1698 -49.3145
-56.4314  -39.821 -69.2434  -70.509 -48.4316 -53.1021 -42.5861 -139.815 -44.8382 -47.3186 -34.7905 -41.7839 -48.2602 -52.7357 -75.2087 -81.2448 -51.2347 -47.7209 -59.3315 -77.1763  -50.691 -56.0358 -66.1526 -48.9177 -60.0785 -54.7297 -49.1414 -70.6635 -56.8993 -60.8522   -55.89 -31.9069  -41.768 -59.8721   -73.97 -80.6505 -88.9619 -50.4455 -74.6107 -51.7666 -32.5689 -57.1299 -67.4308 -77.4262  -56.255 -64.3295 -52.9075 -50.5084 -63.7987  -71.466  -42.372 -33.0078 -76.8403  -57.946 -54.7491 -73.1755 -82.2472 -70.0268  -60.036 -57.3809
-28.6919 -17.1256 -52.9027 -55.8886 -37.0789 -50.1007 -51.0335 -44.8382 -105.038 -53.5004 -32.8073 -33.8676 -40.4637 -57.5521 -41.4857 -36.8023  -56.653  -37.485 -31.8719 -47.8846 -37.8503 -50.9249 -26.7968  -25.966 -40.2513 -61.8138 -39.8357  -54.876 -35.5874 -47.7908 -41.2473 -46.1572 -33.6356 -62.0152 -46.5127  -43.995 -36.2772 -33.4463  -55.162 -29.2584 -37.3937 -44.0853 -51.2923 -64.7387 -29.3084 -52.0163 -31.5188 -64.4371 -61.9401 -42.3063 -29.9039 -35.6728  -51.934 -46.6058 -19.8208 -47.6629 -39.7002 -51.2164 -31.0359 -36.9578
-62.2468 -38.4522  -68.587 -70.9669 -47.0267 -69.1443 -61.9292 -47.3186 -53.5004 -158.186  -44.063 -48.5729 -52.0104 -87.9986 -62.8726 -62.7959 -58.7865  -44.534   -42.81 -47.7004 -63.4137 -61.2978 -71.5527 -45.4462 -71.5095 -57.3016 -58.9399 -64.0536 -52.6265 -85.9825 -67.2643 -43.9143 -53.5044 -68.1012 -47.8004 -43.8236 -57.0695 -52.1247 -52.8534 -56.6493 -65.0936 -73.6672 -45.5638  -79.935 -47.7218 -69.5135 -65.1609 -73.5254 -70.1036 -76.6188   -73.98 -54.1247 -58.7549 -63.7947 -40.4292 -81.0775 -74.3904 -56.7315 -57.5221  -52.522
-63.4215 -4.89109 -46.3069 -30.1295 -54.9659 -55.6342 -41.0154 -34.7905 -32.8073  -44.063 -123.695 -44.0894 -24.6413 -59.5848 -45.6138 -50.1761  -68.249 -45.2218 -46.7056 -58.3077 -37.1356 -44.7833 -31.1372 -30.0743 -70.5139 -48.9953 -38.5241 -34.9795 -37.7434 -41.7376 -41.7955 -64.8848 -41.0935 -45.6614 -43.0892 -45.1239  -24.323  -47.119 -37.1176 -25.9357 -50.0015 -43.9993 -57.6189 -43.3554 -49.7532 -49.1356 -49.7259 -59.6457 -47.4554 -67.4947 -33.8595 -37.1677 -36.6947 -26.8385 -44.6876  -45.266  -59.104 -53.8828 -60.8197 -16.0948
-48.0802 -28.0036  -61.756 -31.5051  -38.859 -59.4692 -40.7798 -41.7839 -33.8676 -48.5729 -44.0894 -113.807 -22.4197 -51.0791 -56.8159 -56.5447 -53.1208 -40.4826 -59.7848 -41.7321 -43.4985 -54.0591 -45.5565 -39.4075 -51.0611 -56.7213 -43.6082 -61.6512 -38.7584 -47.7231  -50.305 -36.8168 -35.3179 -59.0686 -47.6303 -55.2778 -44.7403 -39.0752 -51.5693 -46.2553 -53.3543 -47.8849 -47.3195 -43.8205 -33.2617 -50.6066 -42.2802 -64.0536 -38.3742 -50.3874 -41.5011 -42.8552 -47.0031 -41.4085 -40.7678 -47.3227 -64.8715 -46.8901 -53.5121 -44.7013
-76.5794 -49.7229 -69.9281 -49.2434 -55.3707  -67.796 -45.9094 -48.2602 -40.4637 -52.0104 -24.6413 -22.4197 -144.229  -61.515 -76.3064 -70.0312  -49.842 -53.0376 -61.5246 -61.6269 -49.9778 -66.1451 -48.7478 -15.1458 -60.2462 -62.2733 -45.6758 -61.8007 -60.4644 -77.1166 -54.8278 -32.4976 -52.6338 -62.3712 -67.7107 -41.9357 -49.4188 -56.7981 -66.4874 -34.9441 -53.8561 -72.3277  -57.082 -53.9545 -67.5057 -35.5335 -53.2119 -85.5545 -52.9271  -70.031 -50.7852  -43.349 -49.2158 -54.7273 -60.7158 -54.3112 -56.5885 -46.4465 -49.1319 -38.9296
 -65.557 -25.2377 -93.6685 -57.7773 -65.0518  -66.334 -49.7365 -52.7357 -57.5521 -87.9986 -59.5848 -51.0791  -61.515 -145.512 -58.2405 -72.5065 -64.2746 -70.5983 -59.5432 -69.8952 -67.6387 -62.8884 -62.8714 -52.6584 -88.9742 -79.9226 -50.2257 -50.7347   -45.39 -83.3802  -60.791 -59.1624 -41.2761 -69.0325 -66.6755  -47.575  -47.928 -49.6322 -64.8259   -48.59 -74.5396 -77.3283  -67.565 -70.1995 -52.8107 -76.3165 -63.8623 -75.9181  -66.178 -69.7307 -63.8733 -54.0469 -57.2512 -65.5939 -41.4126 -70.1309 -77.4666 -49.5547 -68.7889 -56.3779
-80.6687 -44.6346  -81.458 -58.7905 -51.3322 -77.5485 -71.7814 -75.2087 -41.4857 -62.8726 -45.6138 -56.8159 -76.3064 -58.2405 -145.221 -78.7623 -61.1758 -70.8961 -64.3473 -84.6503 -54.9473 -90.5529 -68.1057 -43.9859  -71.066 -79.5106 -58.8325 -74.0056 -75.8792 -79.2274 -72.1668 -45.8431 -53.7915 -68.8267 -69.0294 -87.7104   -83.27 -54.2101 -84.1704 -56.1926  -47.269 -79.1098 -64.3223 -75.9727 -69.5466 -53.5672 -53.1528  -71.347 -74.3865 -78.0854 -67.9597 -51.0713 -64.4521 -48.1268 -67.7784  -73.209 -71.3826 -72.9003 -76.2067  -50.716
-89.1833 -41.4068 -82.9687 -62.1168 -81.9519 -66.2942 -62.5704 -81.2448 -36.8023 -62.7959 -50.1761 -56.5447 -70.0312 -72.5065 -78.7623 -176.924 -85.5996 -61.3809 -77.9506 -71.6917 -70.4437 -89.0529 -66.9743  -40.826 -68.3971 -87.5244 -94.5078 -74.6024 -67.2916 -68.8039 -97.5814  -50.756 -50.9245 -87.2781 -73.9412 -71.4779 -77.7532 -88.9448 -65.0084 -78.5389 -76.3651 -90.3428 -71.3196 -84.2853 -69.6217 -67.3865 -85.6203  -98.662 -80.8268 -70.8275 -77.2483 -49.6101 -56.4095 -67.5989 -69.2823 -83.1982  -81.314 -73.1109 -61.0111 -57.2742
-87.8333 -37.8778 -71.7125 -66.6159  -71.475 -67.5679 -53.6258 -51.2347  -56.653 -58.7865  -68.249 -53.1208  -49.842 -64.2746 -61.1758 -85.5996 -141.812 -59.3455 -61.2367 -54.4613 -52.8121 -88.5751 -41.0853 -45.2694 -74.9774  -88.074 -64.4956 -59.1912 -81.0784 -46.6595 -58.1982 -69.7747  -55.179 -63.6989 -81.4488 -72.4275 -64.3654 -63.3461 -37.2664 -40.4776 -72.6237 -69.1677 -67.6071 -74.6963 -55.7022 -73.2213 -43.2272 -99.1439 -72.2262 -62.2898 -50.2697 -55.0811 -54.0717 -75.3978 -69.6013 -83.2367 -58.3748 -51.6664 -66.3535  -49.974
-73.8425 -37.7357 -73.2705 -36.0597  -42.186  -61.051 -47.3127 -47.7209  -37.485  -44.534 -45.2218 -40.4826 -53.0376 -70.5983 -70.8961 -61.3809 -59.3455 -122.724   -42.14 -56.5205 -43.9337 -84.1538 -48.8753 -32.1596 -67.6687 -63.0557 -58.8818 -36.8867 -56.8494 -65.9412  -63.367 -37.0458 -48.6252  -53.479 -65.2271 -54.6232 -44.2995 -42.7922  -54.558 -45.9534  -61.683 -71.8172 -42.3775 -63.7739 -35.3981 -65.6453 -46.2053 -87.4051 -68.2573 -66.5103 -44.1804 -25.1582 -42.8229 -52.5002 -45.6826 -51.9752 -55.5992 -47.7299 -86.1511 -54.7368
-66.3544  -18.921 -52.1979 -50.5699 -47.8232 -51.0028 -42.9413 -59.3315 -31.8719   -42.81 -46.7056 -59.7848 -61.5246 -59.5432 -64.3473 -77.9506 -61.2367   -42.14 -145.078 -47.3387   -31.21 -68.7797 -53.8186 -24.1479 -73.9753 -59.5268 -53.9701 -63.5713 -35.0418 -77.1035 -67.8991  -42.931 -46.7331 -47.7268 -77.8397 -55.1396 -53.0704  -39.401 -55.9996 -59.6939 -67.8041 -48.8781 -68.1531 -73.8954 -54.5029 -43.7011 -54.4154 -75.3751 -81.4958 -67.2076 -53.5464 -33.1166 -37.2342 -62.7116 -65.3097 -54.7141 -56.1699 -56.0236  -42.177 -27.7878
-81.3227 -44.6044 -69.6714 -42.8823 -56.0394 -70.6142 -62.1994 -77.1763 -47.8846 -47.7004 -58.3077 -41.7321 -61.6269 -69.8952 -84.6503 -71.6917 -54.4613 -56.5205 -47.3387 -141.093 -53.0346 -69.2627 -41.1236 -28.9642 -60.0262 -58.7212 -51.9897 -61.9285 -61.3954 -74.7819  -70.627 -62.9128 -52.5738 -69.0596 -72.0135 -50.9699 -66.8676 -49.2757 -79.1579 -50.7119 -52.9678 -56.7229 -64.5585 -73.3767 -56.8974 -60.9388 -67.4048 -71.2635 -69.2343 -70.0378 -53.7072 -49.9933 -69.8428  -62.641 -58.8951 -69.3317 -71.9607 -50.4221  -69.361 -57.4119
-73.4309 -42.6224 -69.2064  -47.963  -47.074 -57.5013 -44.8277  -50.691 -37.8503 -63.4137 -37.1356 -43.4985 -49.9778 -67.6387 -54.9473 -70.4437 -52.8121 -43.9337   -31.21 -53.0346 -133.141 -67.7048 -53.5609 -43.9162 -58.5908 -78.7532 -39.9903 -60.7085 -67.5829 -69.8776  -65.435 -48.6056 -61.9155 -55.7168 -39.2759 -45.3941 -57.4908 -37.7775 -68.5614 -56.5309  -39.833  -73.563 -57.4924 -46.2545 -41.5159 -43.7647 -66.0167 -72.5559 -72.1045 -48.6822 -51.8156 -68.0563  -49.944 -60.9048 -48.7526 -69.4816 -48.9511 -33.6847 -48.6288 -43.5348
-87.0131 -51.4393 -83.9667 -47.1789 -59.5162 -64.8271 -54.9383 -56.0358 -50.9249 -61.2978 -44.7833 -54.0591 -66.1451 -62.8884 -90.5529 -89.0529 -88.5751 -84.1538 -68.7797 -69.2627 -67.7048 -159.857 -47.1697 -26.2755 -80.2834 -88.5391 -82.6904 -59.9597 -79.8842  -85.454 -80.1134 -46.5903 -61.0176 -60.6271 -75.7219  -78.893 -63.0855 -59.1989 -65.8422 -63.2712 -68.6245 -81.4502 -52.6406 -66.9192 -52.1946 -55.7806 -58.1438 -93.5226 -88.5761 -65.4884 -50.2141 -53.2841 -57.9636 -82.5644 -59.0462 -89.9733 -63.9574  -56.518 -73.5144 -37.0268
-45.6556 -43.4464 -69.1661 -53.6881 -37.9829 -40.6027 -42.2178 -66.1526 -26.7968 -71.5527 -31.1372 -45.5565 -48.7478 -62.8714 -68.1057 -66.9743 -41.0853 -48.8753 -53.8186 -41.1236 -53.5609 -47.1697  -120.73 -35.7059 -43.0462 -43.9738 -44.3898   -66.56 -47.4085 -72.8542 -48.2219 -28.7424 -57.9395 -59.4909 -50.1287 -49.4615 -81.3308 -34.2523  -48.115  -42.196 -58.8126 -74.5624 -44.7396  -60.409 -71.8064 -57.2672 -59.8482 -48.6654  -57.018 -50.5318 -55.0511 -34.4282 -40.3404 -58.9878 -41.1691 -55.7884 -59.7054   -64.93 -58.4909 -35.7458
-32.9337 -22.3056 -41.8469 -52.5421 -27.9246 -40.9437 -30.1285 -48.9177  -25.966 -45.4462 -30.0743 -39.4075 -15.1458 -52.6584 -43.9859  -40.826 -45.2694 -32.1596 -24.1479 -28.9642 -43.9162 -26.2755 -35.7059 -110.207 -32.0394 -46.7798 -29.5345  -61.229 -25.6476 -42.8586 -32.7253 -29.4198 -27.5463 -39.9269 -29.2667   -50.03 -45.3207 -36.5604 -36.9304 -29.3783 -33.9879 -56.9378  -48.208 -58.9076 -48.8034 -52.1458 -30.0046 -26.1068 -44.6633 -38.7019 -40.6281 -37.9198 -36.1669 -31.0164  -39.643 -55.9726  -55.733 -46.8659 -39.1797 -51.7344
-76.4593 -25.9569 -66.8353 -43.0253 -69.0161 -72.0968 -48.2955 -60.0785 -40.2513 -71.5095 -70.5139 -51.0611 -60.2462 -88.9742  -71.066 -68.3971 -74.9774 -67.6687 -73.9753 -60.0262 -58.5908 -80.2834 -43.0462 -32.0394 -163.458 -82.9662 -51.1218 -62.9571  -56.296 -75.2037 -65.5363 -53.3127 -74.6722 -49.1614 -86.5904 -58.5933  -56.755 -53.9772 -72.0837  -73.902 -67.6077 -77.0378 -54.5784 -75.4493 -36.8311 -71.5229 -56.8014 -76.0394 -82.7738  -92.674  -43.398 -49.3836 -77.3801 -45.5927 -43.6498 -77.6132 -70.0668 -48.8027 -62.6276 -38.3769
-71.4297 -42.1075 -90.0105 -82.7005 -71.9084 -78.8101  -70.071 -54.7297 -61.8138 -57.3016 -48.9953 -56.7213 -62.2733 -79.9226 -79.5106 -87.5244  -88.074 -63.0557 -59.5268 -58.7212 -78.7532 -88.5391 -43.9738 -46.7798 -82.9662 -173.769  -78.346 -63.4713 -63.2062 -77.8253  -82.261  -51.712 -58.8425 -54.8215 -83.2867 -74.8553 -84.5949 -73.6146  -58.673 -46.2758 -67.8226 -96.2052 -93.1332  -80.439 -68.8026 -59.9467 -68.2118 -110.724  -87.932 -64.4445 -54.1056 -71.9704 -65.2855 -74.7667 -57.6324 -77.0935 -90.2422 -59.2192 -72.7136 -64.3021
-69.6688 -42.9684 -80.2812 -57.5927 -47.3077 -54.8537  -54.786 -49.1414 -39.8357 -58.9399 -38.5241 -43.6082 -45.6758 -50.2257 -58.8325 -94.5078 -64.4956 -58.8818 -53.9701 -51.9897 -39.9903 -82.6904 -44.3898 -29.5345 -51.1218  -78.346 -137.875 -58.5411 -70.1154 -78.2434 -65.0832 -64.5782  -36.544 -61.7775 -57.0504 -56.3122 -63.1886 -71.9421 -33.9094 -42.1559 -70.7411 -76.9995 -47.7309 -62.1254 -56.5091 -66.5747  -65.261  -76.349 -65.9961 -66.5639 -39.4027  -37.048 -42.6504 -58.8204 -61.2654 -75.7851 -51.0934 -59.0894 -61.9356 -44.5324
-63.0091 -41.7011 -67.9586 -60.8876 -57.2634 -63.9607 -59.1146 -70.6635  -54.876 -64.0536 -34.9795 -61.6512 -61.8007 -50.7347 -74.0056 -74.6024 -59.1912 -36.8867 -63.5713 -61.9285 -60.7085 -59.9597   -66.56  -61.229 -62.9571 -63.4713 -58.5411 -140.032 -51.3682 -68.3739 -76.9153 -41.7585 -61.9468 -53.8087 -69.6733 -68.5734 -81.0236 -54.3237 -69.6601 -54.1174 -54.0074 -70.9769 -66.2559 -61.5748 -72.0997 -65.6507 -46.0898 -74.2197 -71.0828 -58.6575 -43.4307 -64.7701 -64.6443 -58.2825 -50.9288 -60.6533 -69.6759 -50.8583  -48.957 -56.3314
-103.528 -56.1881 -73.1627 -58.0983 -59.2883 -56.8819 -53.2133 -56.8993 -35.5874 -52.6265 -37.7434 -38.7584 -60.4644   -45.39 -75.8792 -67.2916 -81.0784 -56.8494 -35.0418 -61.3954 -67.5829 -79.8842 -47.4085 -25.6476  -56.296 -63.2062 -70.1154 -51.3682 -150.567 -50.4818 -39.9282  -67.546  -57.101 -67.8213 -45.4354 -58.1043 -58.6452 -30.6527 -68.0506 -27.1866 -50.9776 -61.4351 -50.6328 -53.6434 -49.0391  -56.364 -55.3484 -83.3498 -57.2883 -52.1141   -33.34  -41.275 -66.9971 -76.7085 -72.1102 -85.5838  -52.864 -39.5634 -58.6023 -32.2608
-71.6252 -59.2669 -69.3994 -75.9176 -48.5009 -76.2244 -77.4875 -60.8522 -47.7908 -85.9825 -41.7376 -47.7231 -77.1166 -83.3802 -79.2274 -68.8039 -46.6595 -65.9412 -77.1035 -74.7819 -69.8776  -85.454 -72.8542 -42.8586 -75.2037 -77.8253 -78.2434 -68.3739 -50.4818  -165.18 -82.2388 -49.3707 -52.2543 -76.8975 -84.2532 -44.7843 -80.8046 -49.8565 -63.8316  -54.348 -81.8395 -87.5529  -59.445 -91.8651 -71.5638 -74.2201 -75.8227 -79.8606 -96.7556 -88.5654 -79.8467 -54.1267 -58.2255 -85.8474 -62.6908 -84.9052 -91.1665 -74.3881 -65.6767 -58.4906
-64.8509 -32.9528  -71.752  -41.734 -65.6842 -70.2289 -62.2648   -55.89 -41.2473 -67.2643 -41.7955  -50.305 -54.8278  -60.791 -72.1668 -97.5814 -58.1982  -63.367 -67.8991  -70.627  -65.435 -80.1134 -48.2219 -32.7253 -65.5363  -82.261 -65.0832 -76.9153 -39.9282 -82.2388 -146.211 -42.5718 -49.9609 -59.1797 -87.5307  -56.307 -66.1698   -64.43 -52.4333 -63.3635 -75.9323 -78.3688 -51.5161  -86.081 -66.3531 -53.7439 -66.4145 -85.7818  -81.941  -75.229 -69.0781 -56.5142 -66.4362 -62.0826   -54.47 -73.7016 -68.2699 -43.4727 -57.8104 -55.7572
 -71.547 -21.7153 -65.7829 -37.9795 -48.8502 -56.5626 -39.5532 -31.9069 -46.1572 -43.9143 -64.8848 -36.8168 -32.4976 -59.1624 -45.8431  -50.756 -69.7747 -37.0458  -42.931 -62.9128 -48.6056 -46.5903 -28.7424 -29.4198 -53.3127  -51.712 -64.5782 -41.7585  -67.546 -49.3707 -42.5718 -103.997 -35.7159 -53.5926  -46.823 -31.5932 -38.9618 -45.5809 -46.9884 -29.7284 -50.5451 -66.8353 -54.4738 -57.6576 -42.8671 -44.0953 -50.7386 -63.8677 -59.2769  -57.507  -38.042 -37.7078 -38.0645 -49.3863 -49.8832 -53.0914 -31.1262 -37.8122 -53.9645 -38.4747
-53.7044 -40.5475 -35.0445 -40.3459 -44.6217 -53.2305 -28.9946  -41.768 -33.6356 -53.5044 -41.0935 -35.3179 -52.6338 -41.2761 -53.7915 -50.9245  -55.179 -48.6252 -46.7331 -52.5738 -61.9155 -61.0176 -57.9395 -27.5463 -74.6722 -58.8425  -36.544 -61.9468  -57.101 -52.2543 -49.9609 -35.7159 -109.698 -45.8017 -58.2435  -41.397 -51.9937 -31.9607 -47.6952 -34.8592 -57.0484 -58.4793 -41.4441 -58.7863 -44.4987 -45.1666 -61.0915 -62.7221 -60.8393 -56.6123 -37.3519 -43.5819 -54.5261 -55.7173 -55.4046 -51.7797 -39.2226 -32.7105 -49.0879 -25.9739
-81.6301 -35.2457 -64.9554 -50.4153  -45.951 -63.9518 -62.9385 -59.8721 -62.0152 -68.1012 -45.6614 -59.0686 -62.3712 -69.0325 -68.8267 -87.2781 -63.6989  -53.479 -47.7268 -69.0596 -55.7168 -60.6271 -59.4909 -39.9269 -49.1614 -54.8215 -61.7775 -53.8087 -67.8213 -76.8975 -59.1797 -53.5926 -45.8017 -133.495 -62.4047 -51.8976 -52.2172 -39.9443 -70.9081 -52.8562 -65.1864 -69.1978 -45.6847  -73.227 -57.4399 -58.1425 -74.0578 -79.9382 -50.8325 -64.5731 -72.5508 -45.7422 -59.8672 -62.6817 -67.5357 -70.0665 -67.4567 -68.1222 -49.9378 -40.9012
-70.6955 -46.3099 -80.2568 -54.6747 -53.9188 -79.1912 -38.3625   -73.97 -46.5127 -47.8004 -43.0892 -47.6303 -67.7107 -66.6755 -69.0294 -73.9412 -81.4488 -65.2271 -77.8397 -72.0135 -39.2759 -75.7219 -50.1287 -29.2667 -86.5904 -83.2867 -57.0504 -69.6733 -45.4354 -84.2532 -87.5307  -46.823 -58.2435 -62.4047  -153.62 -49.5808 -77.2839 -40.4874 -51.6015 -46.2251 -79.3276 -74.7674  -65.853 -89.3679 -63.8677 -79.6157 -58.2694 -89.7945 -67.5592 -97.2083 -39.8254 -59.2545 -59.2147 -78.0706 -77.3503 -62.0351 -72.7098 -52.7654  -62.978 -54.5457
-64.9141 -38.1426 -62.0966 -47.3063 -49.8183 -38.0251 -48.0053 -80.6505  -43.995 -43.8236 -45.1239 -55.2778 -41.9357  -47.575 -87.7104 -71.4779 -72.4275 -54.6232 -55.1396 -50.9699 -45.3941  -78.893 -49.4615   -50.03 -58.5933 -74.8553 -56.3122 -68.5734 -58.1043 -44.7843  -56.307 -31.5932  -41.397 -51.8976 -49.5808 -142.533 -71.5302 -55.3698 -60.5136 -41.0279 -49.2553 -55.5879 -57.8741 -79.4836 -44.0756 -57.0614 -19.7695 -70.8908 -48.3317 -55.9131 -37.5465 -39.2047 -52.3215 -43.1915  -40.445 -75.7023 -75.0849  -53.259 -70.6803  -28.928
-69.3679 -53.7079 -81.2974 -73.5015  -49.935 -55.4527 -66.5425 -88.9619 -36.2772 -57.0695  -24.323 -44.7403 -49.4188  -47.928   -83.27 -77.7532 -64.3654 -44.2995 -53.0704 -66.8676 -57.4908 -63.0855 -81.3308 -45.3207  -56.755 -84.5949 -63.1886 -81.0236 -58.6452 -80.8046 -66.1698 -38.9618 -51.9937 -52.2172 -77.2839 -71.5302 -141.759 -54.5521 -46.1585 -39.3096 -69.2887 -76.0675  -69.035 -75.7028 -60.2518 -63.9349 -49.0156 -78.3573 -60.9046 -69.8803 -50.1283 -51.6845 -54.9906 -72.7631 -51.5599  -83.291 -88.3112 -60.5669 -69.8148 -63.9072
-43.4081 -38.7099 -67.3497 -54.6321  -63.028 -53.3952 -41.2922 -50.4455 -33.4463 -52.1247  -47.119 -39.0752 -56.7981 -49.6322 -54.2101 -88.9448 -63.3461 -42.7922  -39.401 -49.2757 -37.7775 -59.1989 -34.2523 -36.5604 -53.9772 -73.6146 -71.9421 -54.3237 -30.6527 -49.8565   -64.43 -45.5809 -31.9607 -39.9443 -40.4874 -55.3698 -54.5521 -130.141  -36.537 -43.6866 -49.6593 -76.5362 -57.1194 -55.7645  -49.493 -43.4386 -48.4194  -63.134  -42.783 -54.8348 -36.5942 -29.3865 -26.6004 -42.9683 -33.9659 -67.7276 -55.3382  -42.575 -64.4911 -42.4196
-68.6552 -32.2284 -66.2299 -51.5552 -53.4572 -67.0743 -57.1691 -74.6107  -55.162 -52.8534 -37.1176 -51.5693 -66.4874 -64.8259 -84.1704 -65.0084 -37.2664  -54.558 -55.9996 -79.1579 -68.5614 -65.8422  -48.115 -36.9304 -72.0837  -58.673 -33.9094 -69.6601 -68.0506 -63.8316 -52.4333 -46.9884 -47.6952 -70.9081 -51.6015 -60.5136 -46.1585  -36.537 -123.743 -64.0589 -29.2634 -69.6437 -70.2365 -63.7954 -55.6955 -44.7428 -58.7874 -71.5889 -67.3702 -50.7857  -41.968 -51.8174 -64.5789 -43.3987 -42.3367 -60.2741 -61.1495 -67.4954 -43.9634 -40.4009
-61.8977 -11.5377 -47.7199 -20.5023 -47.6688 -48.0569 -44.7152 -51.7666 -29.2584 -56.6493 -25.9357 -46.2553 -34.9441   -48.59 -56.1926 -78.5389 -40.4776 -45.9534 -59.6939 -50.7119 -56.5309 -63.2712  -42.196 -29.3783  -73.902 -46.2758 -42.1559 -54.1174 -27.1866  -54.348 -63.3635 -29.7284 -34.8592 -52.8562 -46.2251 -41.0279 -39.3096 -43.6866 -64.0589 -110.899 -33.5667 -64.0545 -38.5869 -71.9515 -24.0344 -37.3026 -49.2578 -46.0124 -72.8324 -51.2865 -42.4545 -37.7221 -43.1747 -33.1258 -38.2984 -49.8424 -39.2159  -38.891 -40.3795 -40.5272
-77.5918 -56.3937 -64.6157 -39.8014 -52.0555 -49.4788 -51.7977 -32.5689 -37.3937 -65.0936 -50.0015 -53.3543 -53.8561 -74.5396  -47.269 -76.3651 -72.6237  -61.683 -67.8041 -52.9678  -39.833 -68.6245 -58.8126 -33.9879 -67.6077 -67.8226 -70.7411 -54.0074 -50.9776 -81.8395 -75.9323 -50.5451 -57.0484 -65.1864 -79.3276 -49.2553 -69.2887 -49.6593 -29.2634 -33.5667 -132.623 -73.1509 -51.6484 -85.0236 -54.4331 -67.6277 -56.7135 -90.0103 -51.8835 -73.5981 -49.4262 -35.2841 -39.0989 -75.8695 -53.7741 -69.9972 -68.5136  -40.916  -65.615 -50.5906
-74.6438 -49.4706 -98.0631 -60.3753 -77.0969 -75.9177 -57.4083 -57.1299 -44.0853 -73.6672 -43.9993 -47.8849 -72.3277 -77.3283 -79.1098 -90.3428 -69.1677 -71.8172 -48.8781 -56.7229  -73.563 -81.4502 -74.5624 -56.9378 -77.0378 -96.2052 -76.9995 -70.9769 -61.4351 -87.5529 -78.3688 -66.8353 -58.4793 -69.1978 -74.7674 -55.5879 -76.0675 -76.5362 -69.6437 -64.0545 -73.1509 -154.076 -65.7246 -92.3527 -77.0086  -61.275 -80.3369 -77.0336 -91.8495 -61.1485 -41.9993 -47.6381 -54.2639   -66.24 -57.5333 -75.8769 -66.1868 -60.7034 -66.7558 -64.2279
-66.7554 -36.0172 -83.9359   -71.13 -60.1617 -65.4689 -48.6731 -67.4308 -51.2923 -45.5638 -57.6189 -47.3195  -57.082  -67.565 -64.3223 -71.3196 -67.6071 -42.3775 -68.1531 -64.5585 -57.4924 -52.6406 -44.7396  -48.208 -54.5784 -93.1332 -47.7309 -66.2559 -50.6328  -59.445 -51.5161 -54.4738 -41.4441 -45.6847  -65.853 -57.8741  -69.035 -57.1194 -70.2365 -38.5869 -51.6484 -65.7246 -120.109 -69.7856 -63.5481 -49.4677 -49.1599 -77.5575 -69.2586  -53.641 -34.8669 -49.1947  -44.353  -59.936 -61.5259 -53.1991 -79.2999 -53.4386 -54.9918 -43.3702
-76.3602   -41.45 -72.3146  -64.903 -53.9909 -53.2405 -55.8173 -77.4262 -64.7387  -79.935 -43.3554 -43.8205 -53.9545 -70.1995 -75.9727 -84.2853 -74.6963 -63.7739 -73.8954 -73.3767 -46.2545 -66.9192  -60.409 -58.9076 -75.4493  -80.439 -62.1254 -61.5748 -53.6434 -91.8651  -86.081 -57.6576 -58.7863  -73.227 -89.3679 -79.4836 -75.7028 -55.7645 -63.7954 -71.9515 -85.0236 -92.3527 -69.7856 -164.469 -66.2716 -70.5241 -57.8483 -70.9181 -94.7088 -81.1679 -57.7593 -40.5098 -65.6839 -69.0009  -64.484 -87.0778 -75.9101 -63.2806 -70.3693 -57.6694
 -53.427 -36.5842 -69.1515 -72.3044 -34.0033 -54.0497 -55.2548  -56.255 -29.3084 -47.7218 -49.7532 -33.2617 -67.5057 -52.8107 -69.5466 -69.6217 -55.7022 -35.3981 -54.5029 -56.8974 -41.5159 -52.1946 -71.8064 -48.8034 -36.8311 -68.8026 -56.5091 -72.0997 -49.0391 -71.5638 -66.3531 -42.8671 -44.4987 -57.4399 -63.8677 -44.0756 -60.2518  -49.493 -55.6955 -24.0344 -54.4331 -77.0086 -63.5481 -66.2716 -142.023 -38.6613 -65.1521 -51.2463 -54.1816 -54.8538 -54.9937 -58.4686 -54.0917 -41.4663 -67.6674 -75.3556  -69.469 -75.9817  -49.317 -31.1735
-56.1483 -39.8026 -62.9274 -54.9066 -53.0395 -74.5503 -65.0451 -64.3295 -52.0163 -69.5135 -49.1356 -50.6066 -35.5335 -76.3165 -53.5672 -67.3865 -73.2213 -65.6453 -43.7011 -60.9388 -43.7647 -55.7806 -57.2672 -52.1458 -71.5229 -59.9467 -66.5747 -65.6507  -56.364 -74.2201 -53.7439 -44.0953 -45.1666 -58.1425 -79.6157 -57.0614 -63.9349 -43.4386 -44.7428 -37.3026 -67.6277  -61.275 -49.4677 -70.5241 -38.6613 -129.354 -52.4616 -82.7132 -63.0785 -69.9427 -46.7578 -36.3384 -65.5917 -61.1654 -44.0453 -73.1908 -72.6677   -71.91 -60.2486 -50.2515
-60.5377 -37.9533 -72.1761 -53.3669 -53.5624 -55.9592 -36.6016 -52.9075 -31.5188 -65.1609 -49.7259 -42.2802 -53.2119 -63.8623 -53.1528 -85.6203 -43.2272 -46.2053 -54.4154 -67.4048 -66.0167 -58.1438 -59.8482 -30.0046 -56.8014 -68.2118  -65.261 -46.0898 -55.3484 -75.8227 -66.4145 -50.7386 -61.0915 -74.0578 -58.2694 -19.7695 -49.0156 -48.4194 -58.7874 -49.2578 -56.7135 -80.3369 -49.1599 -57.8483 -65.1521 -52.4616  -139.07 -59.9847 -72.1131  -59.771 -61.4005 -34.1981 -63.9898 -37.5604 -54.6644  -65.756 -59.2389 -52.4766 -37.9348 -32.1381
-110.748 -45.7521 -90.4104 -61.0333 -66.9637 -91.4599 -80.1787 -50.5084 -64.4371 -73.5254 -59.6457 -64.0536 -85.5545 -75.9181  -71.347  -98.662 -99.1439 -87.4051 -75.3751 -71.2635 -72.5559 -93.5226 -48.6654 -26.1068 -76.0394 -110.724  -76.349 -74.2197 -83.3498 -79.8606 -85.7818 -63.8677 -62.7221 -79.9382 -89.7945 -70.8908 -78.3573  -63.134 -71.5889 -46.0124 -90.0103 -77.0336 -77.5575 -70.9181 -51.2463 -82.7132 -59.9847 -178.238 -84.3379  -84.635 -69.4042 -67.9478 -57.5452  -90.075 -62.5812 -75.7206  -84.134 -72.8458 -90.7517 -67.4382
-74.7434 -30.4222 -75.1987  -68.532 -55.5207  -69.843 -62.3294 -63.7987 -61.9401 -70.1036 -47.4554 -38.3742 -52.9271  -66.178 -74.3865 -80.8268 -72.2262 -68.2573 -81.4958 -69.2343 -72.1045 -88.5761  -57.018 -44.6633 -82.7738  -87.932 -65.9961 -71.0828 -57.2883 -96.7556  -81.941 -59.2769 -60.8393 -50.8325 -67.5592 -48.3317 -60.9046  -42.783 -67.3702 -72.8324 -51.8835 -91.8495 -69.2586 -94.7088 -54.1816 -63.0785 -72.1131 -84.3379 -157.571 -62.7656 -72.6899 -38.1631 -70.3906 -68.5337 -62.0066 -64.2634 -59.7648 -78.5861 -64.6995 -52.2867
-84.4712 -29.7549 -69.0251 -53.2772 -46.5861 -78.0721 -52.9415  -71.466 -42.3063 -76.6188 -67.4947 -50.3874  -70.031 -69.7307 -78.0854 -70.8275 -62.2898 -66.5103 -67.2076 -70.0378 -48.6822 -65.4884 -50.5318 -38.7019  -92.674 -64.4445 -66.5639 -58.6575 -52.1141 -88.5654  -75.229  -57.507 -56.6123 -64.5731 -97.2083 -55.9131 -69.8803 -54.8348 -50.7857 -51.2865 -73.5981 -61.1485  -53.641 -81.1679 -54.8538 -69.9427  -59.771  -84.635 -62.7656 -141.107 -54.1835 -39.9808 -59.5666 -46.6356 -65.4839 -73.4834 -70.1065 -61.6159 -74.0528 -52.0582
-60.7333 -31.0031 -43.7633 -53.3646 -27.5089 -57.6171 -60.3422  -42.372 -29.9039   -73.98 -33.8595 -41.5011 -50.7852 -63.8733 -67.9597 -77.2483 -50.2697 -44.1804 -53.5464 -53.7072 -51.8156 -50.2141 -55.0511 -40.6281  -43.398 -54.1056 -39.4027 -43.4307   -33.34 -79.8467 -69.0781  -38.042 -37.3519 -72.5508 -39.8254 -37.5465 -50.1283 -36.5942  -41.968 -42.4545 -49.4262 -41.9993 -34.8669 -57.7593 -54.9937 -46.7578 -61.4005 -69.4042 -72.6899 -54.1835 -126.483 -42.9738  -51.088 -47.6036 -52.2228 -56.3568  -72.019 -71.6548 -53.7587 -49.1676
-49.9553 -23.1257 -58.3689 -47.7229 -29.2429 -58.7559 -48.5955 -33.0078 -35.6728 -54.1247 -37.1677 -42.8552  -43.349 -54.0469 -51.0713 -49.6101 -55.0811 -25.1582 -33.1166 -49.9933 -68.0563 -53.2841 -34.4282 -37.9198 -49.3836 -71.9704  -37.048 -64.7701  -41.275 -54.1267 -56.5142 -37.7078 -43.5819 -45.7422 -59.2545 -39.2047 -51.6845 -29.3865 -51.8174 -37.7221 -35.2841 -47.6381 -49.1947 -40.5098 -58.4686 -36.3384 -34.1981 -67.9478 -38.1631 -39.9808 -42.9738 -103.336 -29.1789  -50.974 -40.6447 -55.4768 -48.2918 -38.9302 -21.4977 -33.3761
-61.0261 -38.5578 -61.7924 -48.5329  -59.384 -59.8637 -48.7779 -76.8403  -51.934 -58.7549 -36.6947 -47.0031 -49.2158 -57.2512 -64.4521 -56.4095 -54.0717 -42.8229 -37.2342 -69.8428  -49.944 -57.9636 -40.3404 -36.1669 -77.3801 -65.2855 -42.6504 -64.6443 -66.9971 -58.2255 -66.4362 -38.0645 -54.5261 -59.8672 -59.2147 -52.3215 -54.9906 -26.6004 -64.5789 -43.1747 -39.0989 -54.2639  -44.353 -65.6839 -54.0917 -65.5917 -63.9898 -57.5452 -70.3906 -59.5666  -51.088 -29.1789 -141.437 -41.2668  -55.825 -79.1756 -69.7159 -55.5581 -59.2998 -52.3663
-66.7718 -59.3919 -68.9695 -61.1919 -54.1539 -57.5189  -51.954  -57.946 -46.6058 -63.7947 -26.8385 -41.4085 -54.7273 -65.5939 -48.1268 -67.5989 -75.3978 -52.5002 -62.7116  -62.641 -60.9048 -82.5644 -58.9878 -31.0164 -45.5927 -74.7667 -58.8204 -58.2825 -76.7085 -85.8474 -62.0826 -49.3863 -55.7173 -62.6817 -78.0706 -43.1915 -72.7631 -42.9683 -43.3987 -33.1258 -75.8695   -66.24  -59.936 -69.0009 -41.4663 -61.1654 -37.5604  -90.075 -68.5337 -46.6356 -47.6036  -50.974 -41.2668 -134.569 -58.0904 -70.9519 -65.9041 -40.6475 -60.4921 -54.2069
-94.8587 -37.3835 -55.2261 -60.7073 -46.9384 -67.8226 -39.8813 -54.7491 -19.8208 -40.4292 -44.6876 -40.7678 -60.7158 -41.4126 -67.7784 -69.2823 -69.6013 -45.6826 -65.3097 -58.8951 -48.7526 -59.0462 -41.1691  -39.643 -43.6498 -57.6324 -61.2654 -50.9288 -72.1102 -62.6908   -54.47 -49.8832 -55.4046 -67.5357 -77.3503  -40.445 -51.5599 -33.9659 -42.3367 -38.2984 -53.7741 -57.5333 -61.5259  -64.484 -67.6674 -44.0453 -54.6644 -62.5812 -62.0066 -65.4839 -52.2228 -40.6447  -55.825 -58.0904 -117.581 -62.8641 -58.0469 -49.2613 -60.7942 -37.3646
-78.9467 -49.6501 -75.9157 -83.7817 -49.7324 -60.7063 -73.1549 -73.1755 -47.6629 -81.0775  -45.266 -47.3227 -54.3112 -70.1309  -73.209 -83.1982 -83.2367 -51.9752 -54.7141 -69.3317 -69.4816 -89.9733 -55.7884 -55.9726 -77.6132 -77.0935 -75.7851 -60.6533 -85.5838 -84.9052 -73.7016 -53.0914 -51.7797 -70.0665 -62.0351 -75.7023  -83.291 -67.7276 -60.2741 -49.8424 -69.9972 -75.8769 -53.1991 -87.0778 -75.3556 -73.1908  -65.756 -75.7206 -64.2634 -73.4834 -56.3568 -55.4768 -79.1756 -70.9519 -62.8641 -141.981 -73.2364 -61.5051 -63.0553 -40.1527
-76.9608 -55.1072  -73.224 -72.9234 -64.2178 -74.1344 -63.0126 -82.2472 -39.7002 -74.3904  -59.104 -64.8715 -56.5885 -77.4666 -71.3826  -81.314 -58.3748 -55.5992 -56.1699 -71.9607 -48.9511 -63.9574 -59.7054  -55.733 -70.0668 -90.2422 -51.0934 -69.6759  -52.864 -91.1665 -68.2699 -31.1262 -39.2226 -67.4567 -72.7098 -75.0849 -88.3112 -55.3382 -61.1495 -39.2159 -68.5136 -66.1868 -79.2999 -75.9101  -69.469 -72.6677 -59.2389  -84.134 -59.7648 -70.1065  -72.019 -48.2918 -69.7159 -65.9041 -58.0469 -73.2364 -153.926 -68.1565   -87.18 -62.2032
 -46.605 -21.7713 -53.4068 -69.8448 -31.4046 -65.9455 -72.1587 -70.0268 -51.2164 -56.7315 -53.8828 -46.8901 -46.4465 -49.5547 -72.9003 -73.1109 -51.6664 -47.7299 -56.0236 -50.4221 -33.6847  -56.518   -64.93 -46.8659 -48.8027 -59.2192 -59.0894 -50.8583 -39.5634 -74.3881 -43.4727 -37.8122 -32.7105 -68.1222 -52.7654  -53.259 -60.5669  -42.575 -67.4954  -38.891  -40.916 -60.7034 -53.4386 -63.2806 -75.9817   -71.91 -52.4766 -72.8458 -78.5861 -61.6159 -71.6548 -38.9302 -55.5581 -40.6475 -49.2613 -61.5051 -68.1565 -136.998 -54.1101 -35.1395
-82.6786 -48.0651 -75.4174  -39.395 -48.6409 -60.5942 -38.1698  -60.036 -31.0359 -57.5221 -60.8197 -53.5121 -49.1319 -68.7889 -76.2067 -61.0111 -66.3535 -86.1511  -42.177  -69.361 -48.6288 -73.5144 -58.4909 -39.1797 -62.6276 -72.7136 -61.9356  -48.957 -58.6023 -65.6767 -57.8104 -53.9645 -49.0879 -49.9378  -62.978 -70.6803 -69.8148 -64.4911 -43.9634 -40.3795  -65.615 -66.7558 -54.9918 -70.3693  -49.317 -60.2486 -37.9348 -90.7517 -64.6995 -74.0528 -53.7587 -21.4977 -59.2998 -60.4921 -60.7942 -63.0553   -87.18 -54.1101 -150.292  -62.036
-50.6377 -44.7043 -51.2354 -46.5715  -47.942 -54.6265 -49.3145 -57.3809 -36.9578  -52.522 -16.0948 -44.7013 -38.9296 -56.3779  -50.716 -57.2742  -49.974 -54.7368 -27.7878 -57.4119 -43.5348 -37.0268 -35.7458 -51.7344 -38.3769 -64.3021 -44.5324 -56.3314 -32.2608 -58.4906 -55.7572 -38.4747 -25.9739 -40.9012 -54.5457  -28.928 -63.9072 -42.4196 -40.4009 -40.5272 -50.5906 -64.2279 -43.3702 -57.6694 -31.1735 -50.2515 -32.1381 -67.4382 -52.2867 -52.0582 -49.1676 -33.3761 -52.3663 -54.2069 -37.3646 -40.1527 -62.2032 -35.1395  -62.036 -111.639
  2.02141   2.57073   1.85501   1.62098     2.921   2.85949 -0.123334   1.95178   2.66684   1.54741   2.25485 -0.551373  0.899468  -0.48937   1.76942 -0.305116   1.30861 -0.354271    0.0953   1.60031   1.46541   2.08253   1.67828  0.465225  0.572327 -0.795263   0.28781 -0.832811   2.72034 -0.227207        -0        -0        -0        -0        -0        -0        -0        -0        -0        -0        -0        -0        -0        -0        -0        -0        -0        -0        -0        -0        -0        -0        -0        -0        -0        -0        -0        -0        -0        -0
   2.57073    2.97655   0.439185   -0.68171  -0.968052 -0.0348341  -0.111632    1.27599    2.84397  -0.339022    0.44001    2.39015    2.14316  -0.424397    1.39868    2.89829    1.87687    2.76449   0.354983    0.33512    1.69037    2.20368   0.728515    0.98345    2.85074    2.32777  -0.819196    1.50758    2.78908  -0.171738         -0         -0         -0         -0         -0         -0         -0         -0         -0         -0         -0         -0         -0         -0         -0         -0         -0         -0         -0         -0         -0         -0         -0         -0         -0         -0         -0         -0         -0         -0
  1.85501  0.439185  0.122439   2.65422 -0.850957    2.3789   2.17077   2.56567   0.70054   1.30624   2.42895   1.58427 -0.528068  0.806665  0.601485   1.48109   1.97609     2.312  0.576091   1.43696   2.63906 -0.315402  0.545674   1.49015  0.754452  0.160897   2.61179   2.89202    2.4412 -0.134416        -0        -0        -0        -0        -0        -0        -0        -0        -0        -0        -0        -0        -0        -0        -0        -0        -0        -0        -0        -0        -0        -0        -0        -0        -0        -0        -0        -0        -0        -0
   1.62098   -0.68171    2.65422    2.74342    2.57521  -0.991467  -0.744429    1.12254    2.23251   -0.75205   0.561091    2.87757  -0.516263 -0.0174377  -0.423911    1.29637    -0.2103    2.62182  -0.592697    -0.8236 -0.0976384    1.72159    2.36288     2.0109  -0.937526   0.959189    1.44871    2.77898    2.61236  -0.786004         -0         -0         -0         -0         -0         -0         -0         -0         -0         -0         -0         -0         -0         -0         -0         -0         -0         -0         -0         -0         -0         -0         -0         -0         -0         -0         -0         -0         -0         -0
     2.921  -0.968052  -0.850957    2.57521    2.77537  -0.459621  -0.103099    1.53156   0.966513    2.89349    0.68796 -0.0487543    2.02073  0.0593398    2.38124  -0.525625   0.173237  -0.445807 -0.0231987   0.742423    1.86677  -0.893955  -0.549898   0.346331    1.86164    2.39025    1.13999 -0.0437169    2.56806  -0.559374         -0         -0         -0         -0         -0         -0         -0         -0         -0         -0         -0         -0         -0         -0         -0         -0         -0         -0         -0         -0         -0         -0         -0         -0         -0         -0         -0         -0         -0         -0
   2.85949 -0.0348341     2.3789  -0.991467  -0.459621    2.15427    2.71114  -0.537429  -0.767899  -0.727243    2.32244  -0.727771   0.423178  -0.172601    1.66082   0.862333    2.45046   -0.51476    1.13028    2.41376   0.381484    2.55137   0.651719    1.94025    2.10078  -0.977459    2.00204    1.03202  -0.602514  -0.566354         -0         -0         -0         -0         -0         -0         -0         -0         -0         -0         -0         -0         -0         -0         -0         -0         -0         -0         -0         -0         -0         -0         -0         -0         -0         -0         -0         -0         -0         -0
 -0.123334  -0.111632    2.17077  -0.744429  -0.103099    2.71114    2.40985   0.833688    2.69508  -0.519949   0.833848    2.20001  -0.244034    1.40574   0.403488 -0.0428065    1.65203    2.07228  -0.107457    1.30668  -0.683881  -0.896928    1.91425  -0.337382    2.00272  0.0599723    1.47125    1.78101   0.644379  -0.388518         -0         -0         -0         -0         -0         -0         -0         -0         -0         -0         -0         -0         -0         -0         -0         -0         -0         -0         -0         -0         -0         -0         -0         -0         -0         -0         -0         -0         -0         -0
  1.95178   1.27599   2.56567   1.12254   1.53156 -0.537429  0.833688  0.941406    2.8002   2.58857   1.16801   1.78509   1.22074  0.815306  0.786982  0.877863   1.13043   2.20623 -0.950917   1.63497  0.173458 -0.577837 -0.446826 -0.739417   2.52426   1.39297   2.19997   2.42753   1.34908   1.08501        -0        -0        -0        -0        -0        -0        -0        -0        -0        -0        -0        -0        -0        -0        -0        -0        -0        -0        -0        -0        -0        -0        -0        -0        -0        -0        -0        -0        -0        -0
  2.66684   2.84397   0.70054   2.23251  0.966513 -0.767899   2.69508    2.8002   1.17351 -0.927042   1.91101   1.44024 -0.791729   2.04814  -0.52387   2.64931  0.328327   1.61567   0.33651   2.46284  -0.98355  -0.27517   1.07388   2.49342   2.36137    2.5468  0.395007  0.231982   2.82502   1.78272        -0        -0        -0        -0        -0        -0        -0        -0        -0        -0        -0        -0        -0        -0        -0        -0        -0        -0        -0        -0        -0        -0        -0        -0        -0        -0        -0        -0        -0        -0
  1.54741 -0.339022   1.30624  -0.75205   2.89349 -0.727243 -0.519949   2.58857 -0.927042   1.65356  0.906806   1.11102   2.19621   1.61401 -0.548371  0.433324   1.30135 -0.599391   2.50821   2.64319   2.77896 -0.880478   2.63908    1.7365   1.49615 -0.578661   1.01805 -0.823979   1.87636   -0.5635        -0        -0        -0        -0        -0        -0        -0        -0        -0        -0        -0        -0        -0        -0        -0        -0        -0        -0        -0        -0        -0        -0        -0        -0        -0        -0        -0        -0        -0        -0
