50
1
50
   0.0438989    -0.146302    0.0292165    0.0700879   -0.0582056    0.0388362   -0.0933764   -0.0175276    -0.154845   0.00950613   -0.0325644     0.113316     0.194862     0.183489    -0.158773    0.0242165    -0.209947      -0.0335    0.0204696   -0.0947924    0.0389091 -0.000583352    0.0823956     0.160574   -0.0193935    -0.276135    -0.131452    0.0969271     0.224783   -0.0800533    -0.266151   -0.0305375   0.00882494  -0.00827106     0.428063    0.0514838     0.121351    0.0764233    -0.233649   -0.0796025    -0.158398     0.224326    -0.177164     0.189974   -0.0532533    -0.159028     0.217092   -0.0570365   -0.0282622     0.105611
-128.627 -50.3024 -46.6836 -31.5184 -78.2244  -48.088 -51.1429 -50.1838 -29.2174 -43.8415 -56.5407 -59.8998 -37.2468 -25.6206    -62.4 -45.6708 -42.9563 -49.9447 -32.3995   -63.54 -59.0453 -44.3941 -35.4298 -41.0079 -43.9617 -70.1679 -50.0701 -22.2408 -44.4574 -52.6419 -21.6825 -60.2249 -17.5753 -33.8494 -37.5693 -64.9997 -33.5043  -39.065 -48.9565 -40.0646  -61.411 -35.4022 -44.2691 -50.6636  -59.566 -44.4218 -37.8061 -37.9932 -48.4921 -36.6278
-50.3024 -109.259 -61.1873 -51.5963 -58.4086 -48.8594 -72.5783 -42.0584 -26.8293 -44.0286 -35.3464 -50.9769 -46.4289 -51.0057 -43.9797  -34.826 -58.9777 -52.4377 -45.9185 -45.2097  -44.255 -56.9081 -32.8905 -27.9378 -45.1095 -49.7645 -51.1714 -38.2382 -38.7121 -56.4272 -40.1793 -53.1265 -43.7603 -37.4743 -39.5012  -70.398 -66.4985 -51.3991 -46.5402 -48.8095 -40.7714 -62.3685 -53.1984 -63.3624 -57.2465 -39.3027 -36.5123 -35.6637 -57.5894 -34.7635
-46.6836 -61.1873 -139.104 -70.3333 -76.8522 -66.1752 -83.7683 -68.5335 -36.9329 -82.6366 -49.1736 -62.5621 -39.5608 -50.8974 -48.8434 -47.6119 -52.9165 -70.6322 -60.1555 -62.0639  -45.668 -57.0796  -61.344 -36.6827  -41.846 -52.5452 -70.6901   -74.59 -45.0309 -57.4699 -51.1949 -64.9492 -54.7387 -42.8191 -42.4192 -62.2922 -54.5368 -54.4415 -71.3527 -57.6097 -55.3087 -57.5221 -69.4641 -48.7167  -72.184 -72.0048 -40.7552 -43.1547   -60.64 -39.4778
-31.5184 -51.5963 -70.3333 -120.762 -79.8032  -29.264  -54.973 -26.8198 -32.9651 -69.4009 -38.7438 -46.7071 -34.9683 -60.8737 -38.7186  -37.253 -55.1164 -40.1167 -46.5741 -40.1768 -46.6248  -62.965 -53.4017 -48.8639 -62.9388  -46.219    -49.7 -45.7711 -41.0874 -68.1849 -42.2556 -53.7795 -39.3054 -42.9049 -34.8001   -51.95 -46.6769 -34.2518 -46.3364 -63.6235 -48.5104 -68.4224 -74.4522 -42.0888 -61.0364 -37.8782 -41.6504 -28.1833 -49.3682 -27.8249
-78.2244 -58.4086 -76.8522 -79.8032 -167.941 -59.5463 -77.0484 -70.6952   -44.39 -78.3049 -63.8891 -75.8755 -53.2268 -82.9886 -62.7958 -64.6871 -71.5111 -51.6352 -71.6248 -46.7151 -62.2699  -73.017 -62.4951 -74.3255 -80.5993  -78.762 -83.2618 -43.7374 -58.6013 -87.1081   -40.23 -92.3232 -46.7362 -59.0636 -61.3437 -75.8811 -31.5104 -38.7209 -62.9933 -61.5813 -74.1147 -80.0789 -70.8566 -88.9332 -93.1919 -77.1715 -59.5719 -52.7116 -64.9737 -52.8227
 -48.088 -48.8594 -66.1752  -29.264 -59.5463  -120.73 -40.1329 -60.4381 -41.6082 -46.5338 -51.7953 -41.8648 -52.2671 -41.6396 -40.3299 -47.3539 -42.8494 -40.8642 -63.2924 -49.3263 -52.5307 -43.6526 -33.6991 -25.1248 -45.4705 -65.4157  -47.492 -72.1082 -49.0929 -50.2902 -38.0355 -48.6969 -33.7196 -36.4128 -30.3573 -64.4432 -48.2086 -47.6632 -20.7528 -34.6887 -39.1794 -43.1327 -34.9377 -56.4171 -75.3938 -26.0789  -56.565 -39.9604 -57.2246  -61.151
-51.1429 -72.5783 -83.7683  -54.973 -77.0484 -40.1329 -133.862 -60.8371  -33.662  -62.386 -56.3176 -68.6421 -57.5174 -37.9858 -58.0846 -30.5571 -64.9162 -55.1154 -35.1875 -43.3385 -26.8039 -61.1294 -40.2294 -36.1461 -52.1477 -39.8048 -58.1083 -60.0742 -40.6021 -45.5913 -45.9651 -54.4342  -45.051 -45.3641 -55.4614 -72.3989 -48.0828 -69.9725 -50.2935 -48.5856  -48.934 -45.5014 -71.6335 -52.0751 -63.4391 -58.5238  -26.255 -23.3136 -33.0044 -27.1826
-50.1838 -42.0584 -68.5335 -26.8198 -70.6952 -60.4381 -60.8371 -113.024 -22.9117 -54.9838 -44.2006 -48.4103 -38.2044 -48.2372 -50.5465 -42.1161 -53.2791 -53.6239 -41.2078 -48.1159 -31.1534 -42.9587 -24.8191 -25.9102  -26.162 -56.1553  -52.709 -54.0602  -42.201 -38.6582 -36.6865 -40.2313 -32.4443 -19.1859 -22.1699 -58.9515 -41.3207 -45.7058 -42.6636 -45.0602   -37.63 -35.6658  -53.365 -55.3042  -55.754 -49.3713 -32.3717 -37.9365 -22.5592 -28.3594
-29.2174 -26.8293 -36.9329 -32.9651   -44.39 -41.6082  -33.662 -22.9117 -85.4188 -35.8967 -24.1584 -24.0468 -29.8107 -16.1058 -38.4332 -27.8058 -33.9531 -26.3613 -22.7102 -25.9447 -30.2325  -26.935 -20.3807 -27.0423  -30.308  -37.607 -32.1783 -31.2704 -26.8407 -28.6685 -25.2183 -29.4554 -23.6211 -22.4638 -29.5585 -53.7693 -34.3801 -32.9735 -24.4411 -22.1711 -24.1587 -23.8394 -39.4873 -54.1752 -41.2542  -37.221 -38.1472 -22.6461 -38.5254 -37.7976
-43.8415 -44.0286 -82.6366 -69.4009 -78.3049 -46.5338  -62.386 -54.9838 -35.8967 -125.483 -62.6277 -45.0939  -40.431 -64.0615 -52.8772 -52.9504 -68.3667 -54.0522  -66.977 -54.4383 -53.0248 -69.9703 -50.1801 -40.3645 -44.6313 -78.0581 -74.9015 -57.0599 -57.0523 -44.0292 -50.4147 -71.4418 -54.0849 -47.2128 -55.9139 -71.5842 -46.4019 -50.4003 -69.1796 -51.1022 -56.8828 -54.6254 -59.9913 -81.0785  -86.266 -65.9166 -65.1556 -56.9911  -57.051 -39.9143
-56.5407 -35.3464 -49.1736 -38.7438 -63.8891 -51.7953 -56.3176 -44.2006 -24.1584 -62.6277 -120.699  -51.773 -51.3294 -34.3558 -52.3824 -37.9685 -67.0758 -22.5094 -33.2352 -46.5576 -62.9798 -40.6569 -16.5376 -19.9982 -31.7843 -62.8617 -43.2773 -37.1351 -25.3443 -35.1139 -43.9321 -46.4683 -27.0653 -51.8535 -35.3741 -63.5804 -20.7665  -59.067 -42.6606 -40.3912 -44.6913 -47.9335 -29.9756 -58.0077 -65.2554  -47.114 -29.1437 -22.9583  -35.534 -35.0658
-59.8998 -50.9769 -62.5621 -46.7071 -75.8755 -41.8648 -68.6421 -48.4103 -24.0468 -45.0939  -51.773 -115.093 -46.5362 -48.3031 -54.5967 -40.7829 -44.2628 -39.1732 -40.4594 -28.9899 -58.3655 -51.8686 -40.9374 -54.8884 -53.9187  -52.254 -44.2844  -49.353  -28.672 -51.9539  -48.719 -50.7909  -33.668 -53.9398 -38.9619 -68.2854 -37.4568 -75.6136 -40.5031 -53.0647 -63.6582 -49.1924 -48.5131 -57.4645 -69.5912 -51.1153 -21.2249 -42.7219 -32.2311 -23.9658
-37.2468 -46.4289 -39.5608 -34.9683 -53.2268 -52.2671 -57.5174 -38.2044 -29.8107  -40.431 -51.3294 -46.5362 -103.079 -27.2645 -42.5234 -36.5111 -59.1031 -23.8178 -47.2441 -44.1927 -54.8327 -43.1362 -35.8235 -36.8394 -49.0739 -42.3623 -48.3768 -53.4698 -22.9797 -41.6284  -36.237 -49.5196 -31.4244 -16.4948 -26.9265 -48.7687 -34.5175 -53.3093 -20.1389 -35.4443 -24.4371 -49.5626 -50.1218 -53.4696 -61.2217 -39.1252  -32.278 -18.8997 -33.5859 -50.5627
-25.6206 -51.0057 -50.8974 -60.8737 -82.9886 -41.6396 -37.9858 -48.2372 -16.1058 -64.0615 -34.3558 -48.3031 -27.2645 -113.251 -42.7839 -46.3208 -66.2783 -33.5919 -62.6467 -29.8955 -59.5424 -62.0488 -53.5552 -56.2638 -47.2391 -57.4893 -65.4323 -27.8154 -38.5811 -64.1233 -46.1736 -59.5394 -42.7507 -53.5152 -47.7656 -60.7618  -49.278 -48.7877 -52.6367  -67.369 -36.3852 -57.0952 -46.4359 -66.4807 -79.5375 -43.8757 -45.9264 -44.5731 -45.6532 -36.4046
   -62.4 -43.9797 -48.8434 -38.7186 -62.7958 -40.3299 -58.0846 -50.5465 -38.4332 -52.8772 -52.3824 -54.5967 -42.5234 -42.7839 -119.749 -45.8171 -66.4938 -40.7833 -39.2364  -28.202 -51.4807  -56.849 -53.0655 -28.8415 -19.9312 -57.3788 -61.4977 -53.6891 -41.2253 -42.2765 -37.1521 -49.8811 -36.1355 -35.2337 -38.3661 -71.2393   -44.71 -65.3547 -42.8528 -37.4629 -53.7117 -40.7641 -43.7861 -52.4784 -62.0016  -49.157 -48.5373 -36.5789 -50.4684 -41.1538
-45.6708  -34.826 -47.6119  -37.253 -64.6871 -47.3539 -30.5571 -42.1161 -27.8058 -52.9504 -37.9685 -40.7829 -36.5111 -46.3208 -45.8171 -114.737 -49.2007 -27.0889 -52.0691 -30.6576 -47.2746 -37.0004 -47.6627 -41.9575 -38.9621 -57.3381 -76.9915 -54.3709 -36.8653 -38.5955  -38.385 -54.0369 -48.6034 -24.6826 -31.0674 -57.6126 -21.6059 -59.3496 -44.0249 -33.2802  -51.545  -48.496 -42.3375 -65.5035 -49.8898  -64.542 -51.3291  -44.826 -51.4404 -47.5632
-42.9563 -58.9777 -52.9165 -55.1164 -71.5111 -42.8494 -64.9162 -53.2791 -33.9531 -68.3667 -67.0758 -44.2628 -59.1031 -66.2783 -66.4938 -49.2007 -120.731 -39.1428 -62.8809 -40.8545 -49.4302 -57.6995 -44.9859 -54.3211 -43.7353 -67.1463 -76.0653 -52.1121 -33.0329 -60.1978 -48.0965 -54.3574 -38.7117  -51.615 -51.5331 -74.4703 -45.4387 -62.0185 -60.6895 -52.4401 -35.5511 -59.7904 -61.5275 -62.6252 -69.3051 -65.0226  -43.893 -29.7663 -45.6361 -39.0366
-49.9447 -52.4377 -70.6322 -40.1167 -51.6352 -40.8642 -55.1154 -53.6239 -26.3613 -54.0522 -22.5094 -39.1732 -23.8178 -33.5919 -40.7833 -27.0889 -39.1428 -109.277 -43.3632 -46.2685   -24.49 -44.2891 -36.1577 -37.5141 -23.7068 -51.5642 -39.7633 -48.6451 -51.3418 -45.5501 -20.4795 -56.4818 -49.2189 -43.4558 -29.7358 -47.8438 -41.8747 -23.7197 -47.0457 -55.6269 -43.5556 -38.4418 -46.5399 -47.1649 -54.4589  -50.413 -35.3498 -22.9441 -42.9363 -16.0693
-32.3995 -45.9185 -60.1555 -46.5741 -71.6248 -63.2924 -35.1875 -41.2078 -22.7102  -66.977 -33.2352 -40.4594 -47.2441 -62.6467 -39.2364 -52.0691 -62.8809 -43.3632 -131.773 -47.3846  -63.467 -72.2629 -36.5463 -51.9895 -40.1661 -76.6537 -87.5002  -62.257 -62.6575 -58.5085 -32.8036 -59.9183  -45.992 -44.7586 -42.9103 -61.5009 -48.6919 -31.0007 -43.8991 -53.3488 -54.0729 -48.0325 -63.9424 -52.4621 -90.1971 -49.6988 -78.1046 -40.9881 -58.8124 -54.9345
  -63.54 -45.2097 -62.0639 -40.1768 -46.7151 -49.3263 -43.3385 -48.1159 -25.9447 -54.4383 -46.5576 -28.9899 -44.1927 -29.8955  -28.202 -30.6576 -40.8545 -46.2685 -47.3846 -95.9631 -47.7186 -36.0424 -30.2101 -35.9985 -34.0594 -58.1115 -50.6087 -35.6124 -33.0875 -41.1818  -21.808 -56.1392 -34.1774 -21.1423 -24.5361 -45.8536 -34.2275 -26.5465 -39.8094 -40.0628 -29.8423 -50.0676  -50.895 -44.9248 -55.5302 -32.9631 -42.6136  -31.346 -42.8804 -31.1034
-59.0453  -44.255  -45.668 -46.6248 -62.2699 -52.5307 -26.8039 -31.1534 -30.2325 -53.0248 -62.9798 -58.3655 -54.8327 -59.5424 -51.4807 -47.2746 -49.4302   -24.49  -63.467 -47.7186 -126.595 -64.6015   -41.38 -39.1543 -47.6802  -68.956 -58.2815 -37.9513  -40.978 -46.1934  -29.089 -66.3731 -28.5359  -50.006 -42.8126 -82.9464 -32.7883 -53.8062 -57.2344 -47.3637 -57.5303 -39.9847 -44.9836 -63.9438 -91.0672 -52.4273 -63.4662 -43.1036 -44.9605 -59.3851
-44.3941 -56.9081 -57.0796  -62.965  -73.017 -43.6526 -61.1294 -42.9587  -26.935 -69.9703 -40.6569 -51.8686 -43.1362 -62.0488  -56.849 -37.0004 -57.6995 -44.2891 -72.2629 -36.0424 -64.6015  -119.24 -42.9436 -46.1323 -50.8089 -72.8579 -56.7871 -52.9616 -55.8046 -48.1929 -40.0344 -47.3165 -39.6195 -46.7971 -63.2563 -67.8803 -56.0227 -48.9194 -49.7234 -60.2347 -64.2496 -47.3773 -51.8329 -47.6482 -73.9729 -43.3542 -47.9054  -55.378 -51.6088 -38.4045
-35.4298 -32.8905  -61.344 -53.4017 -62.4951 -33.6991 -40.2294 -24.8191 -20.3807 -50.1801 -16.5376 -40.9374 -35.8235 -53.5552 -53.0655 -47.6627 -44.9859 -36.1577 -36.5463 -30.2101   -41.38 -42.9436 -98.1872  -52.415 -41.5667 -32.7428 -56.3987 -38.1663 -14.7837 -45.1786 -30.1991 -42.4234 -39.3346 -31.5358 -31.4494 -42.2463 -37.6559 -41.7151 -45.7208 -38.9386 -35.5898 -50.1661 -38.6339 -44.0324 -52.1958 -45.3222 -36.7365  -29.834 -44.1514 -39.8575
-41.0079 -27.9378 -36.6827 -48.8639 -74.3255 -25.1248 -36.1461 -25.9102 -27.0423 -40.3645 -19.9982 -54.8884 -36.8394 -56.2638 -28.8415 -41.9575 -54.3211 -37.5141 -51.9895 -35.9985 -39.1543 -46.1323  -52.415 -105.197 -52.7303 -52.6852 -65.1213 -27.0109 -18.7879 -55.7994 -33.2219 -50.9827 -31.3013 -39.5133 -41.3177 -40.8666  -23.674 -40.0509 -43.9305 -52.2993 -48.8782 -42.6334 -45.8542 -39.5698 -53.1746 -40.0234 -42.8752 -28.7249 -32.7042   -34.68
-43.9617 -45.1095  -41.846 -62.9388 -80.5993 -45.4705 -52.1477  -26.162  -30.308 -44.6313 -31.7843 -53.9187 -49.0739 -47.2391 -19.9312 -38.9621 -43.7353 -23.7068 -40.1661 -34.0594 -47.6802 -50.8089 -41.5667 -52.7303 -96.9964 -51.4356 -45.0833 -38.2556 -41.0658 -51.5337  -34.675 -59.1028 -31.6635 -33.1471 -51.9045 -65.0183 -32.2968 -39.1964 -25.7778 -39.7025 -48.1476 -51.3055 -65.6723 -57.4961   -56.86 -45.8936 -31.8611 -32.4932 -48.2333 -32.7657
-70.1679 -49.7645 -52.5452  -46.219  -78.762 -65.4157 -39.8048 -56.1553  -37.607 -78.0581 -62.8617  -52.254 -42.3623 -57.4893 -57.3788 -57.3381 -67.1463 -51.5642 -76.6537 -58.1115  -68.956 -72.8579 -32.7428 -52.6852 -51.4356 -143.014 -61.1983  -53.029 -53.1211 -41.8232 -46.2168 -50.7234 -41.5141  -38.442 -46.7548 -86.6105 -50.6797 -60.2686 -60.9979 -61.1391 -50.5853 -57.6944 -52.8115 -74.2918 -87.9712 -57.6671 -59.2635 -38.7075 -53.8288 -44.4813
-50.0701 -51.1714 -70.6901    -49.7 -83.2618  -47.492 -58.1083  -52.709 -32.1783 -74.9015 -43.2773 -44.2844 -48.3768 -65.4323 -61.4977 -76.9915 -76.0653 -39.7633 -87.5002 -50.6087 -58.2815 -56.7871 -56.3987 -65.1213 -45.0833 -61.1983 -147.341 -55.4713 -51.7368 -55.8258 -33.3558 -90.8409   -57.95 -30.3587 -47.2856 -67.2218 -52.3203 -54.3776 -66.1938 -43.2133 -66.6682 -35.2429 -71.9318 -77.2682 -69.8377 -82.5882 -70.8494 -41.2837  -65.789 -55.3021
-22.2408 -38.2382   -74.59 -45.7711 -43.7374 -72.1082 -60.0742 -54.0602 -31.2704 -57.0599 -37.1351  -49.353 -53.4698 -27.8154 -53.6891 -54.3709 -52.1121 -48.6451  -62.257 -35.6124 -37.9513 -52.9616 -38.1663 -27.0109 -38.2556  -53.029 -55.4713 -114.833 -47.4622 -35.3288 -48.6113 -48.2633 -56.3583 -36.5204 -43.1581 -53.7429 -44.4742 -60.2513 -40.9425  -39.424 -44.2219  -40.822 -64.4273 -41.6399 -62.8963  -40.249 -53.8013 -37.8804 -46.5037 -41.4719
-44.4574 -38.7121 -45.0309 -41.0874 -58.6013 -49.0929 -40.6021  -42.201 -26.8407 -57.0523 -25.3443  -28.672 -22.9797 -38.5811 -41.2253 -36.8653 -33.0329 -51.3418 -62.6575 -33.0875  -40.978 -55.8046 -14.7837 -18.7879 -41.0658 -53.1211 -51.7368 -47.4622 -98.8518 -45.5676 -24.3939 -55.0722 -37.0849 -35.2009 -53.1866 -53.3109 -39.6187 -15.9658  -23.262 -34.9879  -58.435  -31.393 -51.0683  -49.407  -60.199 -34.7105 -58.3262 -32.1375  -44.986 -26.1982
-52.6419 -56.4272 -57.4699 -68.1849 -87.1081 -50.2902 -45.5913 -38.6582 -28.6685 -44.0292 -35.1139 -51.9539 -41.6284 -64.1233 -42.2765 -38.5955 -60.1978 -45.5501 -58.5085 -41.1818 -46.1934 -48.1929 -45.1786 -55.7994 -51.5337 -41.8232 -55.8258 -35.3288 -45.5676 -116.191 -33.5763 -63.9213 -43.2124 -37.3599 -41.2719 -65.6791 -29.4788 -36.4709 -42.2125 -58.6426 -55.0581 -72.1089 -61.0336 -48.0384  -64.039 -39.2582 -48.3272 -34.7813 -40.6891 -48.1023
-21.6825 -40.1793 -51.1949 -42.2556   -40.23 -38.0355 -45.9651 -36.6865 -25.2183 -50.4147 -43.9321  -48.719  -36.237 -46.1736 -37.1521  -38.385 -48.0965 -20.4795 -32.8036  -21.808  -29.089 -40.0344 -30.1991 -33.2219  -34.675 -46.2168 -33.3558 -48.6113 -24.3939 -33.5763 -109.371 -37.6008 -37.5358  -42.149 -45.1354 -47.8812 -41.4607 -68.7253 -51.9038 -46.7351 -27.1476  -45.667 -47.1599 -53.6675 -47.2985 -26.5906  -34.961 -22.6621  -19.168 -26.5491
-60.2249 -53.1265 -64.9492 -53.7795 -92.3232 -48.6969 -54.4342 -40.2313 -29.4554 -71.4418 -46.4683 -50.7909 -49.5196 -59.5394 -49.8811 -54.0369 -54.3574 -56.4818 -59.9183 -56.1392 -66.3731 -47.3165 -42.4234 -50.9827 -59.1028 -50.7234 -90.8409 -48.2633 -55.0722 -63.9213 -37.6008 -129.172 -51.1378 -53.0665 -56.6553  -67.422 -27.3738 -35.1008 -57.4078 -44.3891 -55.0643 -44.3466 -63.0855 -80.0013 -81.8923 -72.7423 -63.9888 -52.9333 -58.1677 -48.2162
-17.5753 -43.7603 -54.7387 -39.3054 -46.7362 -33.7196  -45.051 -32.4443 -23.6211 -54.0849 -27.0653  -33.668 -31.4244 -42.7507 -36.1355 -48.6034 -38.7117 -49.2189  -45.992 -34.1774 -28.5359 -39.6195 -39.3346 -31.3013 -31.6635 -41.5141   -57.95 -56.3583 -37.0849 -43.2124 -37.5358 -51.1378 -80.8309 -21.4458  -38.286 -44.0226 -38.8083 -38.2075 -37.3751 -39.6298 -37.5583 -48.4653 -55.6861  -65.215 -44.1144 -44.6919 -46.4313 -33.7154 -44.0124 -33.9632
-33.8494 -37.4743 -42.8191 -42.9049 -59.0636 -36.4128 -45.3641 -19.1859 -22.4638 -47.2128 -51.8535 -53.9398 -16.4948 -53.5152 -35.2337 -24.6826  -51.615 -43.4558 -44.7586 -21.1423  -50.006 -46.7971 -31.5358 -39.5133 -33.1471  -38.442 -30.3587 -36.5204 -35.2009 -37.3599  -42.149 -53.0665 -21.4458 -97.7055 -51.1976 -46.3095 -29.3271 -35.8043 -44.6737 -50.8955 -41.5379 -30.4273 -28.0445 -40.4818 -67.8735 -38.4081 -32.5888 -26.5065 -33.0324 -15.2469
-37.5693 -39.5012 -42.4192 -34.8001 -61.3437 -30.3573 -55.4614 -22.1699 -29.5585 -55.9139 -35.3741 -38.9619 -26.9265 -47.7656 -38.3661 -31.0674 -51.5331 -29.7358 -42.9103 -24.5361 -42.8126 -63.2563 -31.4494 -41.3177 -51.9045 -46.7548 -47.2856 -43.1581 -53.1866 -41.2719 -45.1354 -56.6553  -38.286 -51.1976 -103.669 -68.7964 -34.4324  -45.793 -61.7123 -38.3854 -42.9016 -40.6468 -51.7633 -46.3019 -47.0978 -33.7406 -33.9924  -34.724 -38.5162 -26.7994
-64.9997  -70.398 -62.2922   -51.95 -75.8811 -64.4432 -72.3989 -58.9515 -53.7693 -71.5842 -63.5804 -68.2854 -48.7687 -60.7618 -71.2393 -57.6126 -74.4703 -47.8438 -61.5009 -45.8536 -82.9464 -67.8803 -42.2463 -40.8666 -65.0183 -86.6105 -67.2218 -53.7429 -53.3109 -65.6791 -47.8812  -67.422 -44.0226 -46.3095 -68.7964 -149.707 -51.9431 -86.9769 -72.9548 -54.3586 -61.9486  -53.177 -70.1977 -85.6711 -88.3634 -80.9255 -56.0763 -37.7526  -56.617 -65.0152
-33.5043 -66.4985 -54.5368 -46.6769 -31.5104 -48.2086 -48.0828 -41.3207 -34.3801 -46.4019 -20.7665 -37.4568 -34.5175  -49.278   -44.71 -21.6059 -45.4387 -41.8747 -48.6919 -34.2275 -32.7883 -56.0227 -37.6559  -23.674 -32.2968 -50.6797 -52.3203 -44.4742 -39.6187 -29.4788 -41.4607 -27.3738 -38.8083 -29.3271 -34.4324 -51.9431 -106.892  -48.124 -36.0638 -57.7666 -33.4357 -25.4243  -45.843 -53.5377 -51.6442 -31.5671 -27.8853 -30.4302 -63.4859 -26.6025
 -39.065 -51.3991 -54.4415 -34.2518 -38.7209 -47.6632 -69.9725 -45.7058 -32.9735 -50.4003  -59.067 -75.6136 -53.3093 -48.7877 -65.3547 -59.3496 -62.0185 -23.7197 -31.0007 -26.5465 -53.8062 -48.9194 -41.7151 -40.0509 -39.1964 -60.2686 -54.3776 -60.2513 -15.9658 -36.4709 -68.7253 -35.1008 -38.2075 -35.8043  -45.793 -86.9769  -48.124 -126.581 -60.0257 -55.4043 -39.1558 -45.7482 -51.8106 -63.0219  -68.341 -51.2556 -28.7826 -35.2008 -32.9607 -30.9382
-48.9565 -46.5402 -71.3527 -46.3364 -62.9933 -20.7528 -50.2935 -42.6636 -24.4411 -69.1796 -42.6606 -40.5031 -20.1389 -52.6367 -42.8528 -44.0249 -60.6895 -47.0457 -43.8991 -39.8094 -57.2344 -49.7234 -45.7208 -43.9305 -25.7778 -60.9979 -66.1938 -40.9425  -23.262 -42.2125 -51.9038 -57.4078 -37.3751 -44.6737 -61.7123 -72.9548 -36.0638 -60.0257 -120.667 -47.8042  -36.478 -45.3854 -55.8576  -53.193  -52.045 -62.5526 -45.9357 -25.6362 -38.8259 -33.4543
-40.0646 -48.8095 -57.6097 -63.6235 -61.5813 -34.6887 -48.5856 -45.0602 -22.1711 -51.1022 -40.3912 -53.0647 -35.4443  -67.369 -37.4629 -33.2802 -52.4401 -55.6269 -53.3488 -40.0628 -47.3637 -60.2347 -38.9386 -52.2993 -39.7025 -61.1391 -43.2133  -39.424 -34.9879 -58.6426 -46.7351 -44.3891 -39.6298 -50.8955 -38.3854 -54.3586 -57.7666 -55.4043 -47.8042 -105.304 -35.0616 -52.0219 -59.7828 -54.5931 -71.4409 -48.3439 -23.7088 -33.8772  -34.385 -25.1887
 -61.411 -40.7714 -55.3087 -48.5104 -74.1147 -39.1794  -48.934   -37.63 -24.1587 -56.8828 -44.6913 -63.6582 -24.4371 -36.3852 -53.7117  -51.545 -35.5511 -43.5556 -54.0729 -29.8423 -57.5303 -64.2496 -35.5898 -48.8782 -48.1476 -50.5853 -66.6682 -44.2219  -58.435 -55.0581 -27.1476 -55.0643 -37.5583 -41.5379 -42.9016 -61.9486 -33.4357 -39.1558  -36.478 -35.0616 -118.872 -28.5113 -36.8895 -55.2559 -56.9157 -54.6203 -59.0171 -51.7466 -53.9157 -43.0893
-35.4022 -62.3685 -57.5221 -68.4224 -80.0789 -43.1327 -45.5014 -35.6658 -23.8394 -54.6254 -47.9335 -49.1924 -49.5626 -57.0952 -40.7641  -48.496 -59.7904 -38.4418 -48.0325 -50.0676 -39.9847 -47.3773 -50.1661 -42.6334 -51.3055 -57.6944 -35.2429  -40.822  -31.393 -72.1089  -45.667 -44.3466 -48.4653 -30.4273 -40.6468  -53.177 -25.4243 -45.7482 -45.3854 -52.0219 -28.5113 -114.045 -53.1095 -54.0893 -53.9274 -32.2519 -34.1433 -37.5313 -41.9804 -30.5592
-44.2691 -53.1984 -69.4641 -74.4522 -70.8566 -34.9377 -71.6335  -53.365 -39.4873 -59.9913 -29.9756 -48.5131 -50.1218 -46.4359 -43.7861 -42.3375 -61.5275 -46.5399 -63.9424  -50.895 -44.9836 -51.8329 -38.6339 -45.8542 -65.6723 -52.8115 -71.9318 -64.4273 -51.0683 -61.0336 -47.1599 -63.0855 -55.6861 -28.0445 -51.7633 -70.1977  -45.843 -51.8106 -55.8576 -59.7828 -36.8895 -53.1095 -127.923 -63.9045  -58.733 -55.5646 -45.9212 -21.8845 -41.1779 -31.4739
-50.6636 -63.3624 -48.7167 -42.0888 -88.9332 -56.4171 -52.0751 -55.3042 -54.1752 -81.0785 -58.0077 -57.4645 -53.4696 -66.4807 -52.4784 -65.5035 -62.6252 -47.1649 -52.4621 -44.9248 -63.9438 -47.6482 -44.0324 -39.5698 -57.4961 -74.2918 -77.2682 -41.6399  -49.407 -48.0384 -53.6675 -80.0013  -65.215 -40.4818 -46.3019 -85.6711 -53.5377 -63.0219  -53.193 -54.5931 -55.2559 -54.0893 -63.9045 -149.194 -84.3248 -76.6738 -68.5265 -53.1693 -65.3807 -53.3681
 -59.566 -57.2465  -72.184 -61.0364 -93.1919 -75.3938 -63.4391  -55.754 -41.2542  -86.266 -65.2554 -69.5912 -61.2217 -79.5375 -62.0016 -49.8898 -69.3051 -54.4589 -90.1971 -55.5302 -91.0672 -73.9729 -52.1958 -53.1746   -56.86 -87.9712 -69.8377 -62.8963  -60.199  -64.039 -47.2985 -81.8923 -44.1144 -67.8735 -47.0978 -88.3634 -51.6442  -68.341  -52.045 -71.4409 -56.9157 -53.9274  -58.733 -84.3248 -139.454  -61.728 -79.8943 -57.3028  -55.064 -55.2981
-44.4218 -39.3027 -72.0048 -37.8782 -77.1715 -26.0789 -58.5238 -49.3713  -37.221 -65.9166  -47.114 -51.1153 -39.1252 -43.8757  -49.157  -64.542 -65.0226  -50.413 -49.6988 -32.9631 -52.4273 -43.3542 -45.3222 -40.0234 -45.8936 -57.6671 -82.5882  -40.249 -34.7105 -39.2582 -26.5906 -72.7423 -44.6919 -38.4081 -33.7406 -80.9255 -31.5671 -51.2556 -62.5526 -48.3439 -54.6203 -32.2519 -55.5646 -76.6738  -61.728  -127.78 -30.8797 -35.9593 -54.4007 -40.0984
-37.8061 -36.5123 -40.7552 -41.6504 -59.5719  -56.565  -26.255 -32.3717 -38.1472 -65.1556 -29.1437 -21.2249  -32.278 -45.9264 -48.5373 -51.3291  -43.893 -35.3498 -78.1046 -42.6136 -63.4662 -47.9054 -36.7365 -42.8752 -31.8611 -59.2635 -70.8494 -53.8013 -58.3262 -48.3272  -34.961 -63.9888 -46.4313 -32.5888 -33.9924 -56.0763 -27.8853 -28.7826 -45.9357 -23.7088 -59.0171 -34.1433 -45.9212 -68.5265 -79.8943 -30.8797 -118.782 -48.3951 -47.0753 -63.0165
-37.9932 -35.6637 -43.1547 -28.1833 -52.7116 -39.9604 -23.3136 -37.9365 -22.6461 -56.9911 -22.9583 -42.7219 -18.8997 -44.5731 -36.5789  -44.826 -29.7663 -22.9441 -40.9881  -31.346 -43.1036  -55.378  -29.834 -28.7249 -32.4932 -38.7075 -41.2837 -37.8804 -32.1375 -34.7813 -22.6621 -52.9333 -33.7154 -26.5065  -34.724 -37.7526 -30.4302 -35.2008 -25.6362 -33.8772 -51.7466 -37.5313 -21.8845 -53.1693 -57.3028 -35.9593 -48.3951 -93.6471 -40.6677 -31.0173
-48.4921 -57.5894   -60.64 -49.3682 -64.9737 -57.2246 -33.0044 -22.5592 -38.5254  -57.051  -35.534 -32.2311 -33.5859 -45.6532 -50.4684 -51.4404 -45.6361 -42.9363 -58.8124 -42.8804 -44.9605 -51.6088 -44.1514 -32.7042 -48.2333 -53.8288  -65.789 -46.5037  -44.986 -40.6891  -19.168 -58.1677 -44.0124 -33.0324 -38.5162  -56.617 -63.4859 -32.9607 -38.8259  -34.385 -53.9157 -41.9804 -41.1779 -65.3807  -55.064 -54.4007 -47.0753 -40.6677 -110.801 -37.3407
-36.6278 -34.7635 -39.4778 -27.8249 -52.8227  -61.151 -27.1826 -28.3594 -37.7976 -39.9143 -35.0658 -23.9658 -50.5627 -36.4046 -41.1538 -47.5632 -39.0366 -16.0693 -54.9345 -31.1034 -59.3851 -38.4045 -39.8575   -34.68 -32.7657 -44.4813 -55.3021 -41.4719 -26.1982 -48.1023 -26.5491 -48.2162 -33.9632 -15.2469 -26.7994 -65.0152 -26.6025 -30.9382 -33.4543 -25.1887 -43.0893 -30.5592 -31.4739 -53.3681 -55.2981 -40.0984 -63.0165 -31.0173 -37.3407  -97.661
  2.60095   2.44651   1.36112   2.67135  0.357485   1.71474    2.9569 0.0816182    0.2378   0.81034   1.36002   1.98182  0.836892  0.611491  -0.17472  0.300251  0.560954  0.542006   1.56023   2.38798   1.19771   2.38654   1.05795   1.99308  0.728239        -0        -0        -0        -0        -0        -0        -0        -0        -0        -0        -0        -0        -0        -0        -0        -0        -0        -0        -0        -0        -0        -0        -0        -0        -0
   2.44651   0.137601  -0.580278  -0.445512    2.65115   0.429332   0.310513     1.8377    2.86345 0.00189115   0.590228    2.63468   0.693874    2.35701 -0.0652886    2.73689  -0.449202  -0.692732    1.88216   0.224017  -0.370391  -0.499854    1.90554   0.432084    1.41691         -0         -0         -0         -0         -0         -0         -0         -0         -0         -0         -0         -0         -0         -0         -0         -0         -0         -0         -0         -0         -0         -0         -0         -0         -0
  1.36112 -0.580278   1.04808 -0.278449 -0.776241  0.703328   2.16508 -0.302009   1.56064   1.62797 -0.484488   1.69633   1.68854    0.8544   0.47288  0.604044   1.00618  0.445025   1.11818   2.75436   2.24258 -0.179051   -0.5285   1.31999   1.08035        -0        -0        -0        -0        -0        -0        -0        -0        -0        -0        -0        -0        -0        -0        -0        -0        -0        -0        -0        -0        -0        -0        -0        -0        -0
  2.67135 -0.445512 -0.278449   1.38124  0.858801   1.51431   1.33355   2.03634  0.968089  0.188488 -0.722312   1.27363   2.72413    1.7647   2.48403   2.84213  0.204157   1.39096   2.83867 -0.998953  0.706592  0.436028   1.12619    1.6834   1.76886        -0        -0        -0        -0        -0        -0        -0        -0        -0        -0        -0        -0        -0        -0        -0        -0        -0        -0        -0        -0        -0        -0        -0        -0        -0
  0.357485    2.65115  -0.776241   0.858801    2.37745    2.41363   0.135482    2.86019  -0.977551    2.73717    1.23771    1.33104  -0.161147   0.120361   0.640694   0.640106  -0.433367    2.99607  -0.232518    2.90539    1.26586   0.989036    1.90426 -0.0590432   0.407199         -0         -0         -0         -0         -0         -0         -0         -0         -0         -0         -0         -0         -0         -0         -0         -0         -0         -0         -0         -0         -0         -0         -0         -0         -0
  1.71474  0.429332  0.703328   1.51431   2.41363  0.310627   1.05245   2.71388  0.984402  0.590749 -0.393572 -0.506998 -0.630634  0.471535   0.25141   2.27708   2.46114   2.62075  0.206684 -0.646979   1.81061  0.516439  0.137039  0.401751   2.15606        -0        -0        -0        -0        -0        -0        -0        -0        -0        -0        -0        -0        -0        -0        -0        -0        -0        -0        -0        -0        -0        -0        -0        -0        -0
   2.9569  0.310513   2.16508   1.33355  0.135482   1.05245 0.0482941   1.99324   2.04971   1.42629   1.08803 -0.366344   1.70595  -0.39841 0.0955223 -0.332594   1.50441   2.95191  0.380677   1.56128 0.0945759   2.63374  0.512725  -0.25865  0.761943        -0        -0        -0        -0        -0        -0        -0        -0        -0        -0        -0        -0        -0        -0        -0        -0        -0        -0        -0        -0        -0        -0        -0        -0        -0
  0.0816182      1.8377   -0.302009     2.03634     2.86019     2.71388     1.99324    0.170702     1.86015     2.60062      2.2396     2.92127   -0.526466     1.81423 -0.00230071     1.57482   -0.696476    -0.45313     0.07475     1.78755     2.48988     1.61865      2.4044      2.8465     1.83928          -0          -0          -0          -0          -0          -0          -0          -0          -0          -0          -0          -0          -0          -0          -0          -0          -0          -0          -0          -0          -0          -0          -0          -0          -0
    0.2378    2.86345    1.56064   0.968089  -0.977551   0.984402    2.04971    1.86015    1.68239  -0.848608     2.2344 0.00851389     2.0657  -0.839928    2.10581  -0.250037   0.065188    0.62693    1.65171     1.4712    1.56497  -0.240982   0.957988   0.873251   0.476046         -0         -0         -0         -0         -0         -0         -0         -0         -0         -0         -0         -0         -0         -0         -0         -0         -0         -0         -0         -0         -0         -0         -0         -0         -0
   0.81034 0.00189115    1.62797   0.188488    2.73717   0.590749    1.42629    2.60062  -0.848608  -0.605623    2.27652 -0.0886566 -0.0204149  -0.674281    2.86022  -0.848563    1.34653   0.156066    2.77163    1.39995  0.0956224   0.340334    1.94875    1.86754  -0.554657         -0         -0         -0         -0         -0         -0         -0         -0         -0         -0         -0         -0         -0         -0         -0         -0         -0         -0         -0         -0         -0         -0         -0         -0         -0
  1.36002  0.590228 -0.484488 -0.722312   1.23771 -0.393572   1.08803    2.2396    2.2344   2.27652   1.97677   1.15898   1.80458   2.65309   1.11806 -0.784489   0.94363  0.113503 0.0708218   2.55503   2.39527 -0.115495  0.393439   1.75075   2.78024        -0        -0        -0        -0        -0        -0        -0        -0        -0        -0        -0        -0        -0        -0        -0        -0        -0        -0        -0        -0        -0        -0        -0        -0        -0
   1.98182    2.63468    1.69633    1.27363    1.33104  -0.506998  -0.366344    2.92127 0.00851389 -0.0886566    1.15898   0.614941     2.5587  -0.470562  -0.422654    1.00137  -0.657729  0.0880732    1.27246    2.67788      1.918    2.56963    2.47443    2.01029     1.8778         -0         -0         -0         -0         -0         -0         -0         -0         -0         -0         -0         -0         -0         -0         -0         -0         -0         -0         -0         -0         -0         -0         -0         -0         -0
  0.836892   0.693874    1.68854    2.72413  -0.161147  -0.630634    1.70595  -0.526466     2.0657 -0.0204149    1.80458     2.5587   0.613241    2.03167   -0.53819    0.24696    2.01394    2.66047    2.72354    2.78063     2.6569    1.43491    1.58249  -0.619736   0.186693         -0         -0         -0         -0         -0         -0         -0         -0         -0         -0         -0         -0         -0         -0         -0         -0         -0         -0         -0         -0         -0         -0         -0         -0         -0
  0.611491    2.35701     0.8544     1.7647   0.120361   0.471535   -0.39841    1.81423  -0.839928  -0.674281    2.65309  -0.470562    2.03167  -0.873379 -0.0677046    0.21321  -0.481552   0.417027   0.617692  -0.370217    1.18282  -0.625618  -0.987916    1.15516    2.62674         -0         -0         -0         -0         -0         -0         -0         -0         -0         -0         -0         -0         -0         -0         -0         -0         -0         -0         -0         -0         -0         -0         -0         -0         -0
   -0.17472  -0.0652886     0.47288     2.48403    0.640694     0.25141   0.0955223 -0.00230071     2.10581     2.86022     1.11806   -0.422654    -0.53819  -0.0677046   -0.262582    0.107184   0.0922336     1.15326     2.89938     1.32959    0.389194     1.13461   -0.766555  -0.0317224   -0.248952          -0          -0          -0          -0          -0          -0          -0          -0          -0          -0          -0          -0          -0          -0          -0          -0          -0          -0          -0          -0          -0          -0          -0          -0          -0
 0.300251   2.73689  0.604044   2.84213  0.640106   2.27708 -0.332594   1.57482 -0.250037 -0.848563 -0.784489   1.00137   0.24696   0.21321  0.107184   0.10718   2.16538   1.00701 -0.120392   2.55226   1.05685   2.53053   2.92283   2.32902 -0.945768        -0        -0        -0        -0        -0        -0        -0        -0        -0        -0        -0        -0        -0        -0        -0        -0        -0        -0        -0        -0        -0        -0        -0        -0        -0
 0.560954 -0.449202   1.00618  0.204157 -0.433367   2.46114   1.50441 -0.696476  0.065188   1.34653   0.94363 -0.657729   2.01394 -0.481552 0.0922336   2.16538 -0.266041   2.36066   1.73119  0.700605  0.737851   2.76965 -0.103411   2.54859   1.37749        -0        -0        -0        -0        -0        -0        -0        -0        -0        -0        -0        -0        -0        -0        -0        -0        -0        -0        -0        -0        -0        -0        -0        -0        -0
  0.542006  -0.692732   0.445025    1.39096    2.99607    2.62075    2.95191   -0.45313    0.62693   0.156066   0.113503  0.0880732    2.66047   0.417027    1.15326    1.00701    2.36066    1.49553 -0.0125419  -0.397953  0.0670766  0.0526024    2.80308  -0.557295    2.76134         -0         -0         -0         -0         -0         -0         -0         -0         -0         -0         -0         -0         -0         -0         -0         -0         -0         -0         -0         -0         -0         -0         -0         -0         -0
   1.56023    1.88216    1.11818    2.83867  -0.232518   0.206684   0.380677    0.07475    1.65171    2.77163  0.0708218    1.27246    2.72354   0.617692    2.89938  -0.120392    1.73119 -0.0125419  -0.459919     2.2758   0.837478    2.18743    1.35774   0.911512  -0.565504         -0         -0         -0         -0         -0         -0         -0         -0         -0         -0         -0         -0         -0         -0         -0         -0         -0         -0         -0         -0         -0         -0         -0         -0         -0
  2.38798  0.224017   2.75436 -0.998953   2.90539 -0.646979   1.56128   1.78755    1.4712   1.39995   2.55503   2.67788   2.78063 -0.370217   1.32959   2.55226  0.700605 -0.397953    2.2758    2.3183   1.36763  0.952465  0.270971   2.56068 -0.467352        -0        -0        -0        -0        -0        -0        -0        -0        -0        -0        -0        -0        -0        -0        -0        -0        -0        -0        -0        -0        -0        -0        -0        -0        -0
  1.19771 -0.370391   2.24258  0.706592   1.26586   1.81061 0.0945759   2.48988   1.56497 0.0956224   2.39527     1.918    2.6569   1.18282  0.389194   1.05685  0.737851 0.0670766  0.837478   1.36763   2.39667    1.4418  0.937685  -0.32385 -0.270385        -0        -0        -0        -0        -0        -0        -0        -0        -0        -0        -0        -0        -0        -0        -0        -0        -0        -0        -0        -0        -0        -0        -0        -0        -0
  2.38654 -0.499854 -0.179051  0.436028  0.989036  0.516439   2.63374   1.61865 -0.240982  0.340334 -0.115495   2.56963   1.43491 -0.625618   1.13461   2.53053   2.76965 0.0526024   2.18743  0.952465    1.4418  0.244284  0.888272  0.834341   2.76351        -0        -0        -0        -0        -0        -0        -0        -0        -0        -0        -0        -0        -0        -0        -0        -0        -0        -0        -0        -0        -0        -0        -0        -0        -0
  1.05795   1.90554   -0.5285   1.12619   1.90426  0.137039  0.512725    2.4044  0.957988   1.94875  0.393439   2.47443   1.58249 -0.987916 -0.766555   2.92283 -0.103411   2.80308   1.35774  0.270971  0.937685  0.888272 0.0406195 -0.542733 -0.918758        -0        -0        -0        -0        -0        -0        -0        -0        -0        -0        -0        -0        -0        -0        -0        -0        -0        -0        -0        -0        -0        -0        -0        -0        -0
   1.99308   0.432084    1.31999     1.6834 -0.0590432   0.401751   -0.25865     2.8465   0.873251    1.86754    1.75075    2.01029  -0.619736    1.15516 -0.0317224    2.32902    2.54859  -0.557295   0.911512    2.56068   -0.32385   0.834341  -0.542733  -0.520773    0.17232         -0         -0         -0         -0         -0         -0         -0         -0         -0         -0         -0         -0         -0         -0         -0         -0         -0         -0         -0         -0         -0         -0         -0         -0         -0
 0.728239   1.41691   1.08035   1.76886  0.407199   2.15606  0.761943   1.83928  0.476046 -0.554657   2.78024    1.8778  0.186693   2.62674 -0.248952 -0.945768   1.37749   2.76134 -0.565504 -0.467352 -0.270385   2.76351 -0.918758   0.17232  0.675025        -0        -0        -0        -0        -0        -0        -0        -0        -0        -0        -0        -0        -0        -0        -0        -0        -0        -0        -0        -0        -0        -0        -0        -0        -0
        -0         -0         -0         -0         -0         -0         -0         -0         -0         -0         -0         -0         -0         -0         -0         -0         -0         -0         -0         -0         -0         -0         -0         -0         -0   -2.60095   -2.44651   -1.36112   -2.67135  -0.357485   -1.71474    -2.9569 -0.0816182    -0.2378   -0.81034   -1.36002   -1.98182  -0.836892  -0.611491    0.17472  -0.300251  -0.560954  -0.542006   -1.56023   -2.38798   -1.19771   -2.38654   -1.05795   -1.99308  -0.728239
         -0          -0          -0          -0          -0          -0          -0          -0          -0          -0          -0          -0          -0          -0          -0          -0          -0          -0          -0          -0          -0          -0          -0          -0          -0    -2.44651   -0.137601    0.580278    0.445512    -2.65115   -0.429332   -0.310513     -1.8377    -2.86345 -0.00189115   -0.590228    -2.63468   -0.693874    -2.35701   0.0652886    -2.73689    0.449202    0.692732    -1.88216   -0.224017    0.370391    0.499854    -1.90554   -0.432084    -1.41691
       -0        -0        -0        -0        -0        -0        -0        -0        -0        -0        -0        -0        -0        -0        -0        -0        -0        -0        -0        -0        -0        -0        -0        -0        -0  -1.36112  0.580278  -1.04808  0.278449  0.776241 -0.703328  -2.16508  0.302009  -1.56064  -1.62797  0.484488  -1.69633  -1.68854   -0.8544  -0.47288 -0.604044  -1.00618 -0.445025  -1.11818  -2.75436  -2.24258  0.179051    0.5285  -1.31999  -1.08035
       -0        -0        -0        -0        -0        -0        -0        -0        -0        -0        -0        -0        -0        -0        -0        -0        -0        -0        -0        -0        -0        -0        -0        -0        -0  -2.67135  0.445512  0.278449  -1.38124 -0.858801  -1.51431  -1.33355  -2.03634 -0.968089 -0.188488  0.722312  -1.27363  -2.72413   -1.7647  -2.48403  -2.84213 -0.204157  -1.39096  -2.83867  0.998953 -0.706592 -0.436028  -1.12619   -1.6834  -1.76886
       -0        -0        -0        -0        -0        -0        -0        -0        -0        -0        -0        -0        -0        -0        -0        -0        -0        -0        -0        -0        -0        -0        -0        -0        -0 -0.357485  -2.65115  0.776241 -0.858801  -2.37745  -2.41363 -0.135482  -2.86019  0.977551  -2.73717  -1.23771  -1.33104  0.161147 -0.120361 -0.640694 -0.640106  0.433367  -2.99607  0.232518  -2.90539  -1.26586 -0.989036  -1.90426 0.0590432 -0.407199
       -0        -0        -0        -0        -0        -0        -0        -0        -0        -0        -0        -0        -0        -0        -0        -0        -0        -0        -0        -0        -0        -0        -0        -0        -0  -1.71474 -0.429332 -0.703328  -1.51431  -2.41363 -0.310627  -1.05245  -2.71388 -0.984402 -0.590749  0.393572  0.506998  0.630634 -0.471535  -0.25141  -2.27708  -2.46114  -2.62075 -0.206684  0.646979  -1.81061 -0.516439 -0.137039 -0.401751  -2.15606
