50
1
50
   0.238317    0.064814  -0.0062178   0.0998462    0.114722    -0.18438    0.124489   -0.134395  0.00217708   -0.149652    0.099795   -0.105069  -0.0507676    0.162486    0.228503   -0.200998   -0.121555   -0.100307   0.0635245    0.134848    0.016499  -0.0301301   -0.045951  -0.0939953   0.0265173   0.0280511  -0.0296524   0.0958731   0.0618299   0.0251645  0.00268517    0.241474  -0.0429061    0.191708   -0.145088    0.272723   -0.156802  -0.0158866   0.0410164  -0.0767131   0.0342168    0.246586  -0.0489666    0.265627     0.37407  -0.0175829    -0.14371  -0.0207495   -0.295087 -0.00386677
-127.437 -60.3637 -50.3605 -70.0093 -69.6662 -50.3778 -59.7248 -51.3995 -63.3696 -55.3472 -55.5665 -50.3295 -54.3659 -53.4078 -54.4146 -66.2525 -67.9261 -59.3742 -51.5929 -56.5185 -38.6102 -39.5728 -54.8562 -47.5396 -46.8815  -55.069 -41.6074 -34.4078 -43.7122  -31.264 -51.8423 -58.6211 -64.4618 -62.6221 -64.9491 -69.8731 -55.4911 -54.1538 -43.2082 -39.2828 -60.4037 -48.5131 -62.9591 -59.7742 -55.6773 -57.8146 -43.8515 -69.8867 -41.1476 -24.9271
-60.3637 -131.365 -66.6561  -60.734 -76.7906  -46.751 -52.1038 -63.1994 -71.1214 -73.6314 -49.6085 -44.4909 -63.0443 -41.5995 -32.1284 -87.3034 -57.8766 -77.3355 -38.6592 -50.2157 -38.0548 -64.3991 -39.3683  -40.941 -61.3361 -29.2731 -53.4952 -59.1876 -53.5163 -44.2624  -55.253 -63.4442 -55.6231 -63.6835 -65.1931  -47.003  -24.699 -75.6215 -57.3986 -38.1736 -68.4544 -71.3598 -92.8004 -29.6057 -74.7601 -56.3159 -43.1139 -58.8208 -58.5718 -31.6861
-50.3605 -66.6561 -130.681 -61.0584 -80.1325 -59.6168 -75.0826 -64.3421 -48.9242 -67.6979  -42.485 -43.4996 -77.4865 -53.7108 -53.9079 -70.6277 -65.7813 -66.0923 -55.9266 -48.9444 -49.6157 -70.5979 -46.4348 -49.7171  -52.626  -70.932 -60.9235 -45.7888  -51.366 -40.8765 -63.8124 -71.3703  -45.171  -52.666 -68.9081 -74.5596 -35.8966  -75.624 -51.8045 -50.0243 -60.7788 -84.2549 -72.3342 -50.5106  -65.373 -57.1136 -59.2603 -57.5512 -48.0896 -44.0802
-70.0093  -60.734 -61.0584 -127.711  -74.381 -46.7424 -72.2561 -54.6052 -59.7801  -52.809 -62.9054 -60.7509 -66.1935 -36.2003 -57.2371 -65.4056 -71.6706  -83.312 -19.9783 -46.7778 -54.6738 -50.0975 -47.9098 -43.5431 -39.8522 -49.3356 -56.5876 -48.1517 -42.7552 -39.0085 -66.2677 -72.1896  -72.754 -57.2969 -67.7923 -54.4883 -44.9381 -73.7651 -38.9658 -28.5274 -53.3441 -73.6843 -62.0606 -55.2712  -57.448 -67.0414 -67.6096 -63.9594 -47.2202 -47.2743
-69.6662 -76.7906 -80.1325  -74.381 -121.494 -49.3697 -53.9832 -69.2103 -58.9643 -71.5434  -66.793 -42.2397 -76.3572 -53.1314 -53.8591 -65.3915 -68.1412 -72.9289  -36.724 -59.1789 -50.2873 -55.3625 -39.2501 -57.8004 -48.0386 -58.6631 -46.9165 -44.0994 -61.3018 -41.5844 -34.3853 -66.0072 -76.6748 -62.6496 -72.7701 -59.2597 -54.8062 -73.3347  -45.871 -33.9994 -60.6976 -65.7735 -77.8289 -38.9322  -56.459  -60.384  -50.317 -76.4206 -52.9184 -32.7833
-50.3778  -46.751 -59.6168 -46.7424 -49.3697 -113.484 -45.8937 -41.9674 -48.7055 -67.9649  -46.123  -42.422 -50.2662 -51.6857 -46.1549 -50.9916 -55.2629 -43.6015 -27.6718 -65.6439 -52.6834 -47.1798  -44.883 -57.6403 -40.3136 -60.7503 -57.0028 -35.8183 -50.7816 -29.7048 -47.6105 -57.0337 -59.2292 -44.9398 -55.3934 -52.7829 -28.4825 -35.9592 -34.8645 -19.2176 -47.0504 -73.3512 -51.5818  -51.888 -54.7585 -43.6405 -49.2302 -59.0449  -43.984 -28.1324
-59.7248 -52.1038 -75.0826 -72.2561 -53.9832 -45.8937 -132.372 -51.6347 -57.7422 -50.5413 -66.5788 -54.3186 -59.9478 -45.9257 -63.6733 -83.0355 -64.6685 -62.3768 -42.7438 -52.9818 -48.8703 -71.1247 -61.1207 -37.0311 -49.4331 -66.3471 -61.6576 -45.9532 -32.0416  -27.558   -70.14 -58.9298 -58.3954 -64.7994 -40.8685 -53.2679 -35.9333  -41.359 -50.9969 -51.9499 -74.5648 -81.6149 -59.8349  -49.627 -72.1757 -70.1309 -65.6078 -65.0595 -48.7785 -49.4082
-51.3995 -63.1994 -64.3421 -54.6052 -69.2103 -41.9674 -51.6347 -122.698 -60.5067 -60.8711 -52.0029  -10.922 -60.7786 -49.5368 -73.2386 -50.9304 -50.4142 -62.9851 -53.1041 -40.5597 -59.6799 -56.5908 -38.7101 -40.1142 -46.1844 -35.5625 -42.2267 -40.4743 -48.4573 -40.1634 -52.4182 -60.3892 -57.8247  -55.765 -48.2672 -79.9476 -32.1168 -59.9261 -63.5175 -55.8431 -53.4144 -66.4243 -64.8828 -55.3959 -53.0021 -43.0972 -46.2078 -57.7248 -63.7182 -47.5307
-63.3696 -71.1214 -48.9242 -59.7801 -58.9643 -48.7055 -57.7422 -60.5067 -126.757 -69.9569  -36.527 -44.5995  -52.307 -29.8197 -47.0087 -58.9131 -56.2194  -59.222 -43.4774 -41.0005 -50.4737 -44.4157 -37.8274 -49.9968 -40.1969 -34.3541 -54.4392 -49.3624 -57.9724 -30.6098 -50.0913 -71.1363 -67.8922 -57.5772 -37.5605 -58.3926 -29.6614 -74.6391 -61.3908 -42.4339 -68.8712 -52.8025 -73.9578 -37.1615 -51.1092 -47.0725 -63.6775 -79.5307 -40.1871 -22.3733
-55.3472 -73.6314 -67.6979  -52.809 -71.5434 -67.9649 -50.5413 -60.8711 -69.9569 -127.747 -54.0927 -28.2186 -59.8196 -62.3064 -57.5766 -52.5775 -63.4238 -46.4248 -46.3164 -48.4639  -40.281 -46.6243 -52.0998 -52.5982 -44.6051 -51.8376 -47.9759  -64.379 -67.8525  -24.751  -53.077 -49.1214 -64.2255 -59.2366 -49.8509 -65.5598 -41.6952 -56.8715  -55.704 -30.5519  -60.204 -69.6724 -70.1093 -46.6666 -59.4431 -55.6264 -57.7997 -72.7203  -66.369 -43.3057
-55.5665 -49.6085  -42.485 -62.9054  -66.793  -46.123 -66.5788 -52.0029  -36.527 -54.0927  -110.05 -40.9791 -63.1136 -42.2948 -58.7015 -55.0843 -58.8892 -62.4801 -30.3511 -49.1398  -45.712 -35.2007 -42.3666 -33.6652  -36.945 -37.6091 -37.7962 -39.6531 -33.3736 -37.9581 -47.4798 -45.0717 -61.4204 -66.9009  -60.102 -37.5058 -43.1439 -31.1397 -55.8277 -32.5717 -65.7648 -62.4946 -70.0316 -43.1921 -55.2631 -44.7694 -56.1436 -65.7732 -56.0096 -35.9887
-50.3295 -44.4909 -43.4996 -60.7509 -42.2397  -42.422 -54.3186  -10.922 -44.5995 -28.2186 -40.9791 -106.957 -43.9367 -36.7882 -31.9334 -51.6665 -73.1563 -47.7887 -17.4258 -29.7154 -41.2227 -17.1586 -50.6348  -47.518  -36.486 -55.2508 -68.8852 -34.9128 -44.1771 -29.9986 -79.0129 -40.6815 -43.5868 -41.2214 -63.1797 -42.4225 -15.8342  -55.213 -41.9615 -16.4465 -64.5073 -54.2339 -56.5653  -46.225 -32.2751 -49.7528 -32.9738 -67.1975 -38.4864 -30.0656
-54.3659 -63.0443 -77.4865 -66.1935 -76.3572 -50.2662 -59.9478 -60.7786  -52.307 -59.8196 -63.1136 -43.9367 -121.835 -69.1154 -44.5205 -56.7943 -72.2632 -69.8956 -38.8106 -50.9917 -49.8244 -62.9578 -50.1657 -31.3807 -55.9576 -55.7135 -67.2738 -40.9751 -57.7116 -33.1278 -53.7897 -55.7656 -69.4274 -48.4667 -70.7739 -48.0957 -43.4856 -68.8403 -47.5146 -33.4463 -52.2451 -67.2443 -56.7097 -31.7392 -35.9026 -35.8876 -72.0049 -69.1711 -51.5186 -42.7672
-53.4078 -41.5995 -53.7108 -36.2003 -53.1314 -51.6857 -45.9257 -49.5368 -29.8197 -62.3064 -42.2948 -36.7882 -69.1154 -111.761 -43.4301 -54.6735 -52.4753 -40.5418 -42.6381  -39.637 -50.4647 -37.8487 -46.2663 -26.5404 -40.5964 -63.5592 -56.4739 -20.9327 -49.2446 -28.2582 -44.6678 -29.2112 -55.9917 -43.9981 -58.3564  -51.684 -51.0939 -25.6925  -45.006 -32.6354 -27.2233 -47.7826 -40.5549 -41.7459 -27.6584 -34.9846 -51.5488 -54.0492 -52.5894 -35.9052
-54.4146 -32.1284 -53.9079 -57.2371 -53.8591 -46.1549 -63.6733 -73.2386 -47.0087 -57.5766 -58.7015 -31.9334 -44.5205 -43.4301 -118.166 -41.9776 -59.0698  -58.524 -56.5665 -39.6587 -56.3061 -45.4842 -56.9646 -64.7072 -40.1824 -40.9255 -34.1396 -37.7389 -53.6409 -36.1818 -62.2456 -50.4124 -50.9361 -69.1716 -45.7097 -61.0235 -35.4177  -45.162 -61.6628 -32.0951 -57.5681 -62.7189 -67.0456 -67.8803 -54.7078 -59.1073 -48.9343 -66.9968 -48.9468 -37.1439
-66.2525 -87.3034 -70.6277 -65.4056 -65.3915 -50.9916 -83.0355 -50.9304 -58.9131 -52.5775 -55.0843 -51.6665 -56.7943 -54.6735 -41.9776 -127.265 -58.9745 -78.2287 -47.7672 -54.7268 -52.7507 -63.3482 -48.3111 -44.7945 -52.4012 -41.9407 -52.4763 -44.1899 -46.6391 -54.0893 -67.3477 -61.4611 -66.2845 -63.5323 -56.0939 -47.6884  -48.243 -51.3464 -51.5484 -48.5282 -66.6995 -73.9041  -67.184 -34.1357 -79.3465 -51.3516  -51.463 -51.1308 -58.7502 -24.9644
-67.9261 -57.8766 -65.7813 -71.6706 -68.1412 -55.2629 -64.6685 -50.4142 -56.2194 -63.4238 -58.8892 -73.1563 -72.2632 -52.4753 -59.0698 -58.9745 -144.854 -54.6492 -40.6975 -55.7055 -49.8236 -46.4193 -77.8534 -70.7654 -66.3053 -70.7687 -62.5793 -57.7355 -56.9164  -52.948 -76.5994 -65.8807 -85.3169 -60.4752 -86.1768 -57.6924 -33.8471 -66.2867 -66.2891 -24.7992 -75.9972 -71.8876 -74.1181 -43.7552 -52.2589 -77.0754 -61.1172 -93.4658 -57.8664 -63.1208
-59.3742 -77.3355 -66.0923  -83.312 -72.9289 -43.6015 -62.3768 -62.9851  -59.222 -46.4248 -62.4801 -47.7887 -69.8956 -40.5418  -58.524 -78.2287 -54.6492 -141.919 -29.9421 -36.3549 -49.8969 -66.0243 -35.8323 -53.3034 -56.7456  -29.476 -53.1737 -45.6304  -38.811 -48.5503 -62.2621 -62.9018 -67.9832 -70.7424 -62.0555 -52.8027 -30.9171 -66.9024 -49.6024 -27.4582 -67.8611 -61.9092 -73.0279 -57.1039 -70.9278 -46.6195 -46.2962 -54.2468 -54.3219 -34.4476
-51.5929 -38.6592 -55.9266 -19.9783  -36.724 -27.6718 -42.7438 -53.1041 -43.4774 -46.3164 -30.3511 -17.4258 -38.8106 -42.6381 -56.5665 -47.7672 -40.6975 -29.9421 -104.429 -26.7171 -29.1812 -12.0736  -53.779 -37.2122 -25.5229 -44.1855 -28.9246 -19.4258 -34.3388 -29.2454 -51.0104 -39.4744 -25.4984 -42.1931 -48.2699  -46.853 -36.4352 -38.2189 -51.5553 -37.1802 -41.6634 -42.8283 -52.0351 -40.3687 -44.5786  -28.858 -39.9017 -44.0463 -31.8664 -25.0227
-56.5185 -50.2157 -48.9444 -46.7778 -59.1789 -65.6439 -52.9818 -40.5597 -41.0005 -48.4639 -49.1398 -29.7154 -50.9917  -39.637 -39.6587 -54.7268 -55.7055 -36.3549 -26.7171  -97.516  -32.513 -29.6333 -31.9135 -44.9367 -44.6936 -40.2217  -41.275 -22.6976 -41.3128 -47.5431 -27.3507 -39.6778 -62.5787 -52.5889 -48.8008 -30.9967 -27.0124 -34.9237 -26.8045 -33.9217 -43.0878 -62.8685 -42.5402 -31.1878 -42.0491 -49.8815 -46.0877 -61.5381 -28.3991 -29.0207
-38.6102 -38.0548 -49.6157 -54.6738 -50.2873 -52.6834 -48.8703 -59.6799 -50.4737  -40.281  -45.712 -41.2227 -49.8244 -50.4647 -56.3061 -52.7507 -49.8236 -49.8969 -29.1812  -32.513 -103.884 -32.4175 -36.3666  -37.958 -34.5269 -41.9106 -58.6186 -29.2357 -61.2965 -30.7574  -63.205 -42.1619 -61.0478 -45.2832 -44.3461 -57.9193 -42.0531 -44.8364 -34.4351 -36.9197 -34.8442 -42.0405 -64.8142 -29.4423 -25.0522 -29.4607 -49.7066 -55.8267 -38.9725 -39.0864
-39.5728 -64.3991 -70.5979 -50.0975 -55.3625 -47.1798 -71.1247 -56.5908 -44.4157 -46.6243 -35.2007 -17.1586 -62.9578 -37.8487 -45.4842 -63.3482 -46.4193 -66.0243 -12.0736 -29.6333 -32.4175 -124.699  -45.662 -20.6578 -56.9746 -37.9094 -49.9882 -49.6998 -33.7693 -18.4108 -45.5466 -59.9702 -53.7959 -42.8614 -23.6908 -45.5258 -18.1639 -46.3974 -45.0474 -17.8851 -51.0726 -59.1389 -51.0315 -18.3124 -57.4892 -46.7955 -41.2115 -30.2063 -43.4397 -21.9882
-54.8562 -39.3683 -46.4348 -47.9098 -39.2501  -44.883 -61.1207 -38.7101 -37.8274 -52.0998 -42.3666 -50.6348 -50.1657 -46.2663 -56.9646 -48.3111 -77.8534 -35.8323  -53.779 -31.9135 -36.3666  -45.662 -123.886 -43.9125  -45.303 -58.3909 -49.8798 -42.1405 -40.1113 -27.3967 -72.4661 -42.2207 -65.3237 -39.6901 -47.8385  -52.724 -26.6656 -49.4225 -48.4956 -27.0114 -63.5604 -62.8726 -52.9496 -35.0252 -62.2717 -57.8855 -33.4371 -54.5468 -43.6518 -37.9502
-47.5396  -40.941 -49.7171 -43.5431 -57.8004 -57.6403 -37.0311 -40.1142 -49.9968 -52.5982 -33.6652  -47.518 -31.3807 -26.5404 -64.7072 -44.7945 -70.7654 -53.3034 -37.2122 -44.9367  -37.958 -20.6578 -43.9125  -110.08 -38.2266 -45.7987 -31.3659 -33.5646 -56.0373 -37.3587 -43.5918 -51.0078 -48.3867 -49.2691  -51.399 -48.3209  -26.955 -45.8202 -43.9425 -6.05191 -54.4576 -44.3263 -53.4568 -60.0828 -51.9748 -56.3895 -35.3117 -79.1429 -40.4248 -33.7182
-46.8815 -61.3361  -52.626 -39.8522 -48.0386 -40.3136 -49.4331 -46.1844 -40.1969 -44.6051  -36.945  -36.486 -55.9576 -40.5964 -40.1824 -52.4012 -66.3053 -56.7456 -25.5229 -44.6936 -34.5269 -56.9746  -45.303 -38.2266 -101.257 -36.7347 -38.2707  -45.213 -34.3326 -38.7608 -46.8058 -33.5859 -41.3314 -51.8263 -55.2015 -35.4527 -16.3035 -40.3368 -40.0583 -26.1928 -45.6853 -59.1867 -34.9293 -41.1919 -38.5655 -55.9446 -41.3798 -55.7595 -52.8948 -39.8326
 -55.069 -29.2731  -70.932 -49.3356 -58.6631 -60.7503 -66.3471 -35.5625 -34.3541 -51.8376 -37.6091 -55.2508 -55.7135 -63.5592 -40.9255 -41.9407 -70.7687  -29.476 -44.1855 -40.2217 -41.9106 -37.9094 -58.3909 -45.7987 -36.7347 -133.249 -68.3639 -27.3204 -50.8513 -11.7816 -50.8746 -51.3797 -56.9876 -46.2962 -64.4076 -57.3282 -32.1915 -35.8182 -30.4721 -20.4181 -60.3736 -63.3515 -52.2582 -56.8021 -48.3479 -57.0572 -55.3984 -58.2663 -42.6116 -54.2678
-41.6074 -53.4952 -60.9235 -56.5876 -46.9165 -57.0028 -61.6576 -42.2267 -54.4392 -47.9759 -37.7962 -68.8852 -67.2738 -56.4739 -34.1396 -52.4763 -62.5793 -53.1737 -28.9246  -41.275 -58.6186 -49.9882 -49.8798 -31.3659 -38.2707 -68.3639 -108.304 -32.5274  -56.323 -19.9879 -69.8698 -38.4834 -54.2691  -46.874 -50.7505 -47.5031 -19.1351 -52.1024 -39.5494 -31.1883 -53.8255 -59.6526 -68.9985 -40.0733  -27.742 -46.1741 -57.1778 -58.9614 -36.6261 -39.0483
-34.4078 -59.1876 -45.7888 -48.1517 -44.0994 -35.8183 -45.9532 -40.4743 -49.3624  -64.379 -39.6531 -34.9128 -40.9751 -20.9327 -37.7389 -44.1899 -57.7355 -45.6304 -19.4258 -22.6976 -29.2357 -49.6998 -42.1405 -33.5646  -45.213 -27.3204 -32.5274  -84.583 -30.1526 -19.7989 -58.9247 -56.8233 -47.8327 -38.6963  -33.581  -40.904 -13.3188 -52.0975 -62.3462 -16.5444 -51.8343 -44.5282 -45.0135 -23.8126 -55.1748 -53.3559 -32.7341 -48.5487 -50.2704  -26.725
-43.7122 -53.5163  -51.366 -42.7552 -61.3018 -50.7816 -32.0416 -48.4573 -57.9724 -67.8525 -33.3736 -44.1771 -57.7116 -49.2446 -53.6409 -46.6391 -56.9164  -38.811 -34.3388 -41.3128 -61.2965 -33.7693 -40.1113 -56.0373 -34.3326 -50.8513  -56.323 -30.1526 -108.677 -33.5143 -58.8617  -46.796 -61.5458 -52.0722 -50.7412 -60.6037 -38.7747 -59.1796  -30.309 -11.2959 -47.9641 -46.0164 -58.4244 -33.4896 -33.4913 -27.0664 -41.3816 -61.6551 -42.5024 -35.7908
 -31.264 -44.2624 -40.8765 -39.0085 -41.5844 -29.7048  -27.558 -40.1634 -30.6098  -24.751 -37.9581 -29.9986 -33.1278 -28.2582 -36.1818 -54.0893  -52.948 -48.5503 -29.2454 -47.5431 -30.7574 -18.4108 -27.3967 -37.3587 -38.7608 -11.7816 -19.9879 -19.7989 -33.5143 -81.7874 -36.3334 -42.3911 -51.0316 -39.4493 -54.6043 -35.2987  -34.204 -48.0091 -38.4271 -23.3244 -30.6622 -50.0782  -39.437 -22.0959 -34.1992 -35.4756 -21.8257 -35.9881 -41.0684 -25.9995
-51.8423  -55.253 -63.8124 -66.2677 -34.3853 -47.6105   -70.14 -52.4182 -50.0913  -53.077 -47.4798 -79.0129 -53.7897 -44.6678 -62.2456 -67.3477 -76.5994 -62.2621 -51.0104 -27.3507  -63.205 -45.5466 -72.4661 -43.5918 -46.8058 -50.8746 -69.8698 -58.9247 -58.8617 -36.3334 -147.368 -61.0206 -51.1972  -67.512 -63.0879 -67.5126  -24.692 -73.7444 -67.5382 -38.4287 -67.9522 -69.3563  -58.005 -41.9007  -45.922 -52.5963 -57.3454  -63.443 -61.2584 -40.5692
-58.6211 -63.4442 -71.3703 -72.1896 -66.0072 -57.0337 -58.9298 -60.3892 -71.1363 -49.1214 -45.0717 -40.6815 -55.7656 -29.2112 -50.4124 -61.4611 -65.8807 -62.9018 -39.4744 -39.6778 -42.1619 -59.9702 -42.2207 -51.0078 -33.5859 -51.3797 -38.4834 -56.8233  -46.796 -42.3911 -61.0206 -128.644 -70.9639 -55.2003 -62.4135 -62.4336 -37.3105 -65.9648 -55.2025 -22.0671 -65.9827 -62.8306 -54.4381 -37.4666 -75.7815 -62.6585 -42.6169 -53.4896 -49.4875 -18.8453
-64.4618 -55.6231  -45.171  -72.754 -76.6748 -59.2292 -58.3954 -57.8247 -67.8922 -64.2255 -61.4204 -43.5868 -69.4274 -55.9917 -50.9361 -66.2845 -85.3169 -67.9832 -25.4984 -62.5787 -61.0478 -53.7959 -65.3237 -48.3867 -41.3314 -56.9876 -54.2691 -47.8327 -61.5458 -51.0316 -51.1972 -70.9639 -123.487 -53.1938 -57.3994 -60.5345 -56.8341 -64.8058 -51.3983 -26.8994 -65.8897 -67.4839 -64.2598   -20.94 -62.2372  -55.895  -51.942 -70.3339 -46.7008 -36.3193
-62.6221 -63.6835  -52.666 -57.2969 -62.6496 -44.9398 -64.7994  -55.765 -57.5772 -59.2366 -66.9009 -41.2214 -48.4667 -43.9981 -69.1716 -63.5323 -60.4752 -70.7424 -42.1931 -52.5889 -45.2832 -42.8614 -39.6901 -49.2691 -51.8263 -46.2962  -46.874 -38.6963 -52.0722 -39.4493  -67.512 -55.2003 -53.1938 -109.981 -57.5921 -48.8817  -34.268 -39.6704 -48.6228 -33.4741 -63.4943 -60.6722 -70.4397 -51.5802 -53.0107 -56.1573 -64.4982 -60.3836 -52.3646 -48.3329
-64.9491 -65.1931 -68.9081 -67.7923 -72.7701 -55.3934 -40.8685 -48.2672 -37.5605 -49.8509  -60.102 -63.1797 -70.7739 -58.3564 -45.7097 -56.0939 -86.1768 -62.0555 -48.2699 -48.8008 -44.3461 -23.6908 -47.8385  -51.399 -55.2015 -64.4076 -50.7505  -33.581 -50.7412 -54.6043 -63.0879 -62.4135 -57.3994 -57.5921 -122.142 -51.4355 -52.7295 -55.6362 -40.4031 -19.0717   -53.06 -73.5637 -64.0899 -44.1821 -44.7567 -45.4096 -60.5569 -67.2122 -52.4873 -46.2253
-69.8731  -47.003 -74.5596 -54.4883 -59.2597 -52.7829 -53.2679 -79.9476 -58.3926 -65.5598 -37.5058 -42.4225 -48.0957  -51.684 -61.0235 -47.6884 -57.6924 -52.8027  -46.853 -30.9967 -57.9193 -45.5258  -52.724 -48.3209 -35.4527 -57.3282 -47.5031  -40.904 -60.6037 -35.2987 -67.5126 -62.4336 -60.5345 -48.8817 -51.4355 -121.757 -48.4457 -70.2991 -54.4347 -41.6909 -52.8313 -67.7756  -63.683 -59.1836 -46.3116 -45.0361 -34.6934 -57.8257  -58.427 -48.3392
-55.4911  -24.699 -35.8966 -44.9381 -54.8062 -28.4825 -35.9333 -32.1168 -29.6614 -41.6952 -43.1439 -15.8342 -43.4856 -51.0939 -35.4177  -48.243 -33.8471 -30.9171 -36.4352 -27.0124 -42.0531 -18.1639 -26.6656  -26.955 -16.3035 -32.1915 -19.1351 -13.3188 -38.7747  -34.204  -24.692 -37.3105 -56.8341  -34.268 -52.7295 -48.4457 -97.2771 -36.1251 -20.7825  -22.769 -16.2754 -43.3325 -34.0408 -10.6922 -22.6699 -27.2067 -47.3093 -43.7153 -23.5297 -19.8119
-54.1538 -75.6215  -75.624 -73.7651 -73.3347 -35.9592  -41.359 -59.9261 -74.6391 -56.8715 -31.1397  -55.213 -68.8403 -25.6925  -45.162 -51.3464 -66.2867 -66.9024 -38.2189 -34.9237 -44.8364 -46.3974 -49.4225 -45.8202 -40.3368 -35.8182 -52.1024 -52.0975 -59.1796 -48.0091 -73.7444 -65.9648 -64.8058 -39.6704 -55.6362 -70.2991 -36.1251  -131.77 -60.4951 -46.7628 -57.1396 -66.0579 -76.5013 -26.6765 -39.9804  -57.257  -37.377 -70.8221 -47.5893 -23.8251
-43.2082 -57.3986 -51.8045 -38.9658  -45.871 -34.8645 -50.9969 -63.5175 -61.3908  -55.704 -55.8277 -41.9615 -47.5146  -45.006 -61.6628 -51.5484 -66.2891 -49.6024 -51.5553 -26.8045 -34.4351 -45.0474 -48.4956 -43.9425 -40.0583 -30.4721 -39.5494 -62.3462  -30.309 -38.4271 -67.5382 -55.2025 -51.3983 -48.6228 -40.4031 -54.4347 -20.7825 -60.4951 -106.584 -46.8619 -62.6676 -56.1809  -68.126 -43.6068 -57.5164 -59.0876 -42.3937 -67.9109 -54.8448 -28.0759
-39.2828 -38.1736 -50.0243 -28.5274 -33.9994 -19.2176 -51.9499 -55.8431 -42.4339 -30.5519 -32.5717 -16.4465 -33.4463 -32.6354 -32.0951 -48.5282 -24.7992 -27.4582 -37.1802 -33.9217 -36.9197 -17.8851 -27.0114 -6.05191 -26.1928 -20.4181 -31.1883 -16.5444 -11.2959 -23.3244 -38.4287 -22.0671 -26.8994 -33.4741 -19.0717 -41.6909  -22.769 -46.7628 -46.8619 -99.9051 -32.1162 -55.9018 -45.8206 -34.0971 -37.9613 -42.8901  -34.495 -34.2718 -22.2058 -14.1861
-60.4037 -68.4544 -60.7788 -53.3441 -60.6976 -47.0504 -74.5648 -53.4144 -68.8712  -60.204 -65.7648 -64.5073 -52.2451 -27.2233 -57.5681 -66.6995 -75.9972 -67.8611 -41.6634 -43.0878 -34.8442 -51.0726 -63.5604 -54.4576 -45.6853 -60.3736 -53.8255 -51.8343 -47.9641 -30.6622 -67.9522 -65.9827 -65.8897 -63.4943   -53.06 -52.8313 -16.2754 -57.1396 -62.6676 -32.1162 -118.533  -73.804 -92.1334 -52.1766 -77.9095 -58.3501 -47.8966  -79.637 -50.7839 -38.2633
-48.5131 -71.3598 -84.2549 -73.6843 -65.7735 -73.3512 -81.6149 -66.4243 -52.8025 -69.6724 -62.4946 -54.2339 -67.2443 -47.7826 -62.7189 -73.9041 -71.8876 -61.9092 -42.8283 -62.8685 -42.0405 -59.1389 -62.8726 -44.3263 -59.1867 -63.3515 -59.6526 -44.5282 -46.0164 -50.0782 -69.3563 -62.8306 -67.4839 -60.6722 -73.5637 -67.7756 -43.3325 -66.0579 -56.1809 -55.9018  -73.804 -129.778 -67.4564 -55.3334 -75.3273  -68.895 -65.7015 -65.7093 -60.4102 -51.3917
-62.9591 -92.8004 -72.3342 -62.0606 -77.8289 -51.5818 -59.8349 -64.8828 -73.9578 -70.1093 -70.0316 -56.5653 -56.7097 -40.5549 -67.0456  -67.184 -74.1181 -73.0279 -52.0351 -42.5402 -64.8142 -51.0315 -52.9496 -53.4568 -34.9293 -52.2582 -68.9985 -45.0135 -58.4244  -39.437  -58.005 -54.4381 -64.2598 -70.4397 -64.0899  -63.683 -34.0408 -76.5013  -68.126 -45.8206 -92.1334 -67.4564  -155.18 -46.8658 -61.9142 -63.1299 -58.4806 -83.8754 -30.9357 -43.9886
-59.7742 -29.6057 -50.5106 -55.2712 -38.9322  -51.888  -49.627 -55.3959 -37.1615 -46.6666 -43.1921  -46.225 -31.7392 -41.7459 -67.8803 -34.1357 -43.7552 -57.1039 -40.3687 -31.1878 -29.4423 -18.3124 -35.0252 -60.0828 -41.1919 -56.8021 -40.0733 -23.8126 -33.4896 -22.0959 -41.9007 -37.4666   -20.94 -51.5802 -44.1821 -59.1836 -10.6922 -26.6765 -43.6068 -34.0971 -52.1766 -55.3334 -46.8658 -113.359 -55.3146 -53.0845 -37.9846 -53.8027  -43.239 -42.4654
-55.6773 -74.7601  -65.373  -57.448  -56.459 -54.7585 -72.1757 -53.0021 -51.1092 -59.4431 -55.2631 -32.2751 -35.9026 -27.6584 -54.7078 -79.3465 -52.2589 -70.9278 -44.5786 -42.0491 -25.0522 -57.4892 -62.2717 -51.9748 -38.5655 -48.3479  -27.742 -55.1748 -33.4913 -34.1992  -45.922 -75.7815 -62.2372 -53.0107 -44.7567 -46.3116 -22.6699 -39.9804 -57.5164 -37.9613 -77.9095 -75.3273 -61.9142 -55.3146 -132.979 -64.9093 -28.5661 -33.5449 -39.1231 -23.3952
-57.8146 -56.3159 -57.1136 -67.0414  -60.384 -43.6405 -70.1309 -43.0972 -47.0725 -55.6264 -44.7694 -49.7528 -35.8876 -34.9846 -59.1073 -51.3516 -77.0754 -46.6195  -28.858 -49.8815 -29.4607 -46.7955 -57.8855 -56.3895 -55.9446 -57.0572 -46.1741 -53.3559 -27.0664 -35.4756 -52.5963 -62.6585  -55.895 -56.1573 -45.4096 -45.0361 -27.2067  -57.257 -59.0876 -42.8901 -58.3501  -68.895 -63.1299 -53.0845 -64.9093 -116.826 -33.9201  -72.023 -45.5681 -37.2293
-43.8515 -43.1139 -59.2603 -67.6096  -50.317 -49.2302 -65.6078 -46.2078 -63.6775 -57.7997 -56.1436 -32.9738 -72.0049 -51.5488 -48.9343  -51.463 -61.1172 -46.2962 -39.9017 -46.0877 -49.7066 -41.2115 -33.4371 -35.3117 -41.3798 -55.3984 -57.1778 -32.7341 -41.3816 -21.8257 -57.3454 -42.6169  -51.942 -64.4982 -60.5569 -34.6934 -47.3093  -37.377 -42.3937  -34.495 -47.8966 -65.7015 -58.4806 -37.9846 -28.5661 -33.9201 -120.877  -67.474 -25.1209 -47.2068
-69.8867 -58.8208 -57.5512 -63.9594 -76.4206 -59.0449 -65.0595 -57.7248 -79.5307 -72.7203 -65.7732 -67.1975 -69.1711 -54.0492 -66.9968 -51.1308 -93.4658 -54.2468 -44.0463 -61.5381 -55.8267 -30.2063 -54.5468 -79.1429 -55.7595 -58.2663 -58.9614 -48.5487 -61.6551 -35.9881  -63.443 -53.4896 -70.3339 -60.3836 -67.2122 -57.8257 -43.7153 -70.8221 -67.9109 -34.2718  -79.637 -65.7093 -83.8754 -53.8027 -33.5449  -72.023  -67.474 -129.929 -55.9191 -50.2519
-41.1476 -58.5718 -48.0896 -47.2202 -52.9184  -43.984 -48.7785 -63.7182 -40.1871  -66.369 -56.0096 -38.4864 -51.5186 -52.5894 -48.9468 -58.7502 -57.8664 -54.3219 -31.8664 -28.3991 -38.9725 -43.4397 -43.6518 -40.4248 -52.8948 -42.6116 -36.6261 -50.2704 -42.5024 -41.0684 -61.2584 -49.4875 -46.7008 -52.3646 -52.4873  -58.427 -23.5297 -47.5893 -54.8448 -22.2058 -50.7839 -60.4102 -30.9357  -43.239 -39.1231 -45.5681 -25.1209 -55.9191 -113.661 -42.5472
-24.9271 -31.6861 -44.0802 -47.2743 -32.7833 -28.1324 -49.4082 -47.5307 -22.3733 -43.3057 -35.9887 -30.0656 -42.7672 -35.9052 -37.1439 -24.9644 -63.1208 -34.4476 -25.0227 -29.0207 -39.0864 -21.9882 -37.9502 -33.7182 -39.8326 -54.2678 -39.0483  -26.725 -35.7908 -25.9995 -40.5692 -18.8453 -36.3193 -48.3329 -46.2253 -48.3392 -19.8119 -23.8251 -28.0759 -14.1861 -38.2633 -51.3917 -43.9886 -42.4654 -23.3952 -37.2293 -47.2068 -50.2519 -42.5472 -92.8586
  -0.882712      2.9577   -0.139084   -0.542455    0.326985     2.39087   -0.305855    0.136617     2.22555 -0.00658045    0.760498 -0.00657474     2.49242   -0.138062     2.72377    0.277397   -0.436911     2.26986     1.05546   -0.872911     2.43904      1.9345    0.168382   -0.811685   -0.960123          -0          -0          -0          -0          -0          -0          -0          -0          -0          -0          -0          -0          -0          -0          -0          -0          -0          -0          -0          -0          -0          -0          -0          -0          -0
   2.9577  0.688695  0.239291   2.36231 -0.912252     1.866  0.524204 -0.357859  0.840381   1.98698   2.91407   1.75008 -0.829251 -0.956767   1.42389  0.576094   2.22153   0.94629   2.64807  0.526464  0.714408    1.6662   2.95789  0.885177   2.51201        -0        -0        -0        -0        -0        -0        -0        -0        -0        -0        -0        -0        -0        -0        -0        -0        -0        -0        -0        -0        -0        -0        -0        -0        -0
 -0.139084   0.239291  0.0402947    2.06341   0.286186  -0.263241   0.500956    1.07153  -0.946311   0.587116  -0.105593   0.536763  -0.995901    2.10693   0.315947 -0.0111893  -0.913435    2.29013    2.59488   0.664248    1.50938  -0.106434   -0.11019   0.643248    1.03677         -0         -0         -0         -0         -0         -0         -0         -0         -0         -0         -0         -0         -0         -0         -0         -0         -0         -0         -0         -0         -0         -0         -0         -0         -0
 -0.542455    2.36231    2.06341    2.64435 -0.0641556    2.05431   0.572582    1.08879    2.37981  -0.426354    0.87421   0.870084    1.39411    1.15854    1.59965    2.90645    1.76163  -0.401212   -0.93324   0.122451    2.87471   0.828038    1.37351  -0.542144  -0.702616         -0         -0         -0         -0         -0         -0         -0         -0         -0         -0         -0         -0         -0         -0         -0         -0         -0         -0         -0         -0         -0         -0         -0         -0         -0
  0.326985  -0.912252   0.286186 -0.0641556  -0.468188  -0.568876   0.833841    1.04103    2.13745    1.12785    2.12182  -0.600183  -0.349305    1.94157    1.21024  -0.131451    1.06417    1.45538    2.34451  -0.723272    2.34143    2.79302    1.86384    1.45904  -0.100543         -0         -0         -0         -0         -0         -0         -0         -0         -0         -0         -0         -0         -0         -0         -0         -0         -0         -0         -0         -0         -0         -0         -0         -0         -0
   2.39087      1.866  -0.263241    2.05431  -0.568876    2.49095   0.830972  -0.014925   0.519966   0.465815    2.02954    1.03182  -0.891572    1.69548    1.94923    2.72564   0.103961    2.93772 -0.0138198    1.45052    1.88438    1.51164   0.148614   0.888232   0.563166         -0         -0         -0         -0         -0         -0         -0         -0         -0         -0         -0         -0         -0         -0         -0         -0         -0         -0         -0         -0         -0         -0         -0         -0         -0
 -0.305855   0.524204   0.500956   0.572582   0.833841   0.830972 -0.0365448    1.78293  -0.483575     2.7992    1.86763    2.63058    2.38753   0.650957    2.46159    2.63022  -0.960977   0.161876    2.33662    2.17791  -0.998198   0.267082   0.308012   0.626238  -0.514301         -0         -0         -0         -0         -0         -0         -0         -0         -0         -0         -0         -0         -0         -0         -0         -0         -0         -0         -0         -0         -0         -0         -0         -0         -0
 0.136617 -0.357859   1.07153   1.08879   1.04103 -0.014925   1.78293   2.56523   2.77959   2.96823   1.10881 -0.686111   2.40078   2.11232   1.25347   2.29244   2.64027  0.676906  0.290799    2.9248 -0.132104  0.507431  0.530048   1.41693   1.78463        -0        -0        -0        -0        -0        -0        -0        -0        -0        -0        -0        -0        -0        -0        -0        -0        -0        -0        -0        -0        -0        -0        -0        -0        -0
  2.22555  0.840381 -0.946311   2.37981   2.13745  0.519966 -0.483575   2.77959   2.59149  0.519504 -0.383339   1.92623  0.645191   1.69958   1.05616 0.0415896   1.09277 -0.975713 -0.723689    1.0454 -0.451371 0.0210212   1.04218   1.77804   2.20641        -0        -0        -0        -0        -0        -0        -0        -0        -0        -0        -0        -0        -0        -0        -0        -0        -0        -0        -0        -0        -0        -0        -0        -0        -0
-0.00658045     1.98698    0.587116   -0.426354     1.12785    0.465815      2.7992     2.96823    0.519504       2.179     2.44128    0.504793    0.257619   -0.954934    0.620132     1.22987     2.94547      2.9235     2.93541     2.24467    0.124253    0.141796     2.13605     2.99975  -0.0564453          -0          -0          -0          -0          -0          -0          -0          -0          -0          -0          -0          -0          -0          -0          -0          -0          -0          -0          -0          -0          -0          -0          -0          -0          -0
 0.760498   2.91407 -0.105593   0.87421   2.12182   2.02954   1.86763   1.10881 -0.383339   2.44128 -0.763347   2.43571   2.80059   2.76301  0.195042  0.502684 -0.491184   2.74108   2.74618   2.26931  0.144624 -0.151137   0.32307  0.280769  0.243672        -0        -0        -0        -0        -0        -0        -0        -0        -0        -0        -0        -0        -0        -0        -0        -0        -0        -0        -0        -0        -0        -0        -0        -0        -0
-0.00657474     1.75008    0.536763    0.870084   -0.600183     1.03182     2.63058   -0.686111     1.92623    0.504793     2.43571    0.955771     2.67701     1.80801   -0.248355     2.99082    0.818414    0.128249   -0.785967     2.03158     1.99915      2.9054   -0.446181     2.92666   0.0946457          -0          -0          -0          -0          -0          -0          -0          -0          -0          -0          -0          -0          -0          -0          -0          -0          -0          -0          -0          -0          -0          -0          -0          -0          -0
  2.49242 -0.829251 -0.995901   1.39411 -0.349305 -0.891572   2.38753   2.40078  0.645191  0.257619   2.80059   2.67701 -0.111799    2.4326   2.27109  0.691461   2.57569   2.96253 0.0972818   1.58129 -0.697834  0.143598 -0.596868  0.307761   1.56979        -0        -0        -0        -0        -0        -0        -0        -0        -0        -0        -0        -0        -0        -0        -0        -0        -0        -0        -0        -0        -0        -0        -0        -0        -0
-0.138062 -0.956767   2.10693   1.15854   1.94157   1.69548  0.650957   2.11232   1.69958 -0.954934   2.76301   1.80801    2.4326   2.16379 -0.692641   2.75616   2.80126   2.38134  0.423085 -0.439892 0.0694241   0.71676    1.8305   1.81082    2.6606        -0        -0        -0        -0        -0        -0        -0        -0        -0        -0        -0        -0        -0        -0        -0        -0        -0        -0        -0        -0        -0        -0        -0        -0        -0
  2.72377   1.42389  0.315947   1.59965   1.21024   1.94923   2.46159   1.25347   1.05616  0.620132  0.195042 -0.248355   2.27109 -0.692641   2.45123   1.04698      1.86   2.22102 -0.761679   2.30789 0.0445499 -0.545969   0.57484  0.968835   2.87269        -0        -0        -0        -0        -0        -0        -0        -0        -0        -0        -0        -0        -0        -0        -0        -0        -0        -0        -0        -0        -0        -0        -0        -0        -0
  0.277397   0.576094 -0.0111893    2.90645  -0.131451    2.72564    2.63022    2.29244  0.0415896    1.22987   0.502684    2.99082   0.691461    2.75616    1.04698    2.31159    0.80556      2.908  0.0207844     1.5167    2.54684    1.26785   0.544928  -0.556189    1.56954         -0         -0         -0         -0         -0         -0         -0         -0         -0         -0         -0         -0         -0         -0         -0         -0         -0         -0         -0         -0         -0         -0         -0         -0         -0
 -0.436911    2.22153  -0.913435    1.76163    1.06417   0.103961  -0.960977    2.64027    1.09277    2.94547  -0.491184   0.818414    2.57569    2.80126       1.86    0.80556   0.303943    2.89016   0.164163  -0.693713  -0.661267    1.86138    2.67936  -0.866113 -0.0586344         -0         -0         -0         -0         -0         -0         -0         -0         -0         -0         -0         -0         -0         -0         -0         -0         -0         -0         -0         -0         -0         -0         -0         -0         -0
  2.26986   0.94629   2.29013 -0.401212   1.45538   2.93772  0.161876  0.676906 -0.975713    2.9235   2.74108  0.128249   2.96253   2.38134   2.22102     2.908   2.89016 0.0394348  0.366569   2.52193 -0.923867   2.45318  0.480242   1.52265   2.79934        -0        -0        -0        -0        -0        -0        -0        -0        -0        -0        -0        -0        -0        -0        -0        -0        -0        -0        -0        -0        -0        -0        -0        -0        -0
   1.05546    2.64807    2.59488   -0.93324    2.34451 -0.0138198    2.33662   0.290799  -0.723689    2.93541    2.74618  -0.785967  0.0972818   0.423085  -0.761679  0.0207844   0.164163   0.366569 -0.0166896    2.61398    1.12813    1.57002    1.68853  -0.153057     2.8773         -0         -0         -0         -0         -0         -0         -0         -0         -0         -0         -0         -0         -0         -0         -0         -0         -0         -0         -0         -0         -0         -0         -0         -0         -0
-0.872911  0.526464  0.664248  0.122451 -0.723272   1.45052   2.17791    2.9248    1.0454   2.24467   2.26931   2.03158   1.58129 -0.439892   2.30789    1.5167 -0.693713   2.52193   2.61398  0.729373 -0.101159   2.93081  0.396124   1.96439   2.75218        -0        -0        -0        -0        -0        -0        -0        -0        -0        -0        -0        -0        -0        -0        -0        -0        -0        -0        -0        -0        -0        -0        -0        -0        -0
  2.43904  0.714408   1.50938   2.87471   2.34143   1.88438 -0.998198 -0.132104 -0.451371  0.124253  0.144624   1.99915 -0.697834 0.0694241 0.0445499   2.54684 -0.661267 -0.923867   1.12813 -0.101159   2.38403 -0.502273  0.934272 -0.902507  0.768179        -0        -0        -0        -0        -0        -0        -0        -0        -0        -0        -0        -0        -0        -0        -0        -0        -0        -0        -0        -0        -0        -0        -0        -0        -0
    1.9345     1.6662  -0.106434   0.828038    2.79302    1.51164   0.267082   0.507431  0.0210212   0.141796  -0.151137     2.9054   0.143598    0.71676  -0.545969    1.26785    1.86138    2.45318    1.57002    2.93081  -0.502273    1.11685 -0.0436236    1.39187  -0.678887         -0         -0         -0         -0         -0         -0         -0         -0         -0         -0         -0         -0         -0         -0         -0         -0         -0         -0         -0         -0         -0         -0         -0         -0         -0
  0.168382    2.95789   -0.11019    1.37351    1.86384   0.148614   0.308012   0.530048    1.04218    2.13605    0.32307  -0.446181  -0.596868     1.8305    0.57484   0.544928    2.67936   0.480242    1.68853   0.396124   0.934272 -0.0436236  -0.742493    1.64375    2.88607         -0         -0         -0         -0         -0         -0         -0         -0         -0         -0         -0         -0         -0         -0         -0         -0         -0         -0         -0         -0         -0         -0         -0         -0         -0
-0.811685  0.885177  0.643248 -0.542144   1.45904  0.888232  0.626238   1.41693   1.77804   2.99975  0.280769   2.92666  0.307761   1.81082  0.968835 -0.556189 -0.866113   1.52265 -0.153057   1.96439 -0.902507   1.39187   1.64375  0.577735 -0.709167        -0        -0        -0        -0        -0        -0        -0        -0        -0        -0        -0        -0        -0        -0        -0        -0        -0        -0        -0        -0        -0        -0        -0        -0        -0
 -0.960123    2.51201    1.03677  -0.702616  -0.100543   0.563166  -0.514301    1.78463    2.20641 -0.0564453   0.243672  0.0946457    1.56979     2.6606    2.87269    1.56954 -0.0586344    2.79934     2.8773    2.75218   0.768179  -0.678887    2.88607  -0.709167   0.168057         -0         -0         -0         -0         -0         -0         -0         -0         -0         -0         -0         -0         -0         -0         -0         -0         -0         -0         -0         -0         -0         -0         -0         -0         -0
        -0         -0         -0         -0         -0         -0         -0         -0         -0         -0         -0         -0         -0         -0         -0         -0         -0         -0         -0         -0         -0         -0         -0         -0         -0   0.882712    -2.9577   0.139084   0.542455  -0.326985   -2.39087   0.305855  -0.136617   -2.22555 0.00658045  -0.760498 0.00657474   -2.49242   0.138062   -2.72377  -0.277397   0.436911   -2.26986   -1.05546   0.872911   -2.43904    -1.9345  -0.168382   0.811685   0.960123
       -0        -0        -0        -0        -0        -0        -0        -0        -0        -0        -0        -0        -0        -0        -0        -0        -0        -0        -0        -0        -0        -0        -0        -0        -0   -2.9577 -0.688695 -0.239291  -2.36231  0.912252    -1.866 -0.524204  0.357859 -0.840381  -1.98698  -2.91407  -1.75008  0.829251  0.956767  -1.42389 -0.576094  -2.22153  -0.94629  -2.64807 -0.526464 -0.714408   -1.6662  -2.95789 -0.885177  -2.51201
        -0         -0         -0         -0         -0         -0         -0         -0         -0         -0         -0         -0         -0         -0         -0         -0         -0         -0         -0         -0         -0         -0         -0         -0         -0   0.139084  -0.239291 -0.0402947   -2.06341  -0.286186   0.263241  -0.500956   -1.07153   0.946311  -0.587116   0.105593  -0.536763   0.995901   -2.10693  -0.315947  0.0111893   0.913435   -2.29013   -2.59488  -0.664248   -1.50938   0.106434    0.11019  -0.643248   -1.03677
       -0        -0        -0        -0        -0        -0        -0        -0        -0        -0        -0        -0        -0        -0        -0        -0        -0        -0        -0        -0        -0        -0        -0        -0        -0  0.542455  -2.36231  -2.06341  -2.64435 0.0641556  -2.05431 -0.572582  -1.08879  -2.37981  0.426354  -0.87421 -0.870084  -1.39411  -1.15854  -1.59965  -2.90645  -1.76163  0.401212   0.93324 -0.122451  -2.87471 -0.828038  -1.37351  0.542144  0.702616
       -0        -0        -0        -0        -0        -0        -0        -0        -0        -0        -0        -0        -0        -0        -0        -0        -0        -0        -0        -0        -0        -0        -0        -0        -0 -0.326985  0.912252 -0.286186 0.0641556  0.468188  0.568876 -0.833841  -1.04103  -2.13745  -1.12785  -2.12182  0.600183  0.349305  -1.94157  -1.21024  0.131451  -1.06417  -1.45538  -2.34451  0.723272  -2.34143  -2.79302  -1.86384  -1.45904  0.100543
       -0        -0        -0        -0        -0        -0        -0        -0        -0        -0        -0        -0        -0        -0        -0        -0        -0        -0        -0        -0        -0        -0        -0        -0        -0  -2.39087    -1.866  0.263241  -2.05431  0.568876  -2.49095 -0.830972  0.014925 -0.519966 -0.465815  -2.02954  -1.03182  0.891572  -1.69548  -1.94923  -2.72564 -0.103961  -2.93772 0.0138198  -1.45052  -1.88438  -1.51164 -0.148614 -0.888232 -0.563166
