50
1
50
 -0.218968  -0.100431   0.119354 -0.0112484  0.0639867 -0.0950467  0.0558962 -0.0923295  -0.096717   0.187828 -0.0358392  -0.220915  0.0565899   0.190337 -0.0359891  0.0234227 -0.0136373  0.0632471 -0.0319471  -0.031476  -0.138175   0.136704  0.0997704 -0.0308316   0.041757    0.25971   0.165143  0.0642619  -0.251468 -0.0342619   0.211967   0.022849   0.432541  -0.146405    0.11336   0.101935   0.125415    0.15883  0.0659578 -0.0337231   0.167928 -0.0584687  0.0867912  -0.114365    0.10982  0.0119493  -0.313022   0.110295  0.0498488   0.214951
-157.505 -88.1196 -62.9074 -56.6547 -59.9834 -25.5495 -51.1355 -66.3043 -49.9747 -56.1178  -68.479 -50.6592 -58.8971  -46.314 -63.7804 -77.2858 -67.6785 -64.4995   -73.33 -50.4298 -64.8205 -79.4493 -70.1569 -68.9672 -38.6028 -46.9051 -79.8169 -72.8819 -31.3688 -82.8559 -70.1777 -103.954 -77.3173 -81.7085 -86.6279 -38.3789 -68.5508 -48.0725 -78.4075 -60.2295 -62.5443 -46.3761  -98.317 -57.9684 -62.5001 -63.7995 -55.2824 -84.0171 -57.3418 -85.7518
-88.1196 -158.023  -57.892 -52.6268 -51.8225 -21.8519 -52.3094 -71.3284 -35.6636 -85.4696 -101.785 -63.2842  -58.307 -65.0203 -71.6296 -86.7997 -61.5673 -73.1319 -73.4374 -55.4766 -59.4504 -68.4805 -61.7093 -81.8591 -57.1731 -50.1676 -59.8834 -82.6476 -46.1275 -77.2635 -40.5245 -79.6648 -68.5825 -67.9634 -69.3036 -43.0713 -65.2196 -60.3099 -69.6657 -50.0891  -46.143 -49.7318 -79.3922  -61.746 -51.1339 -50.9853 -57.9509 -69.1525 -41.6286 -81.3198
-62.9074  -57.892 -106.793 -34.8151 -49.4768 -14.0591 -37.3568 -44.7807 -39.2023 -19.6724 -44.4098 -29.9344 -27.5811 -46.0557 -47.9819 -44.2534 -43.0898 -50.1152 -51.7877  -24.579 -33.4921 -48.4828 -39.8923 -30.8638 -28.3162 -49.3242 -39.4531 -41.9011 -43.7552 -61.5979 -52.0218 -57.1802 -41.0554 -49.7094  -55.269 -26.2456 -31.7552 -40.9782 -48.4012 -20.2929 -42.4691 -42.5689 -43.0099 -37.9608 -32.0798 -25.9441  -48.016 -51.1693 -50.3969 -46.4674
-56.6547 -52.6268 -34.8151 -119.796 -49.4655 -13.7921 -58.6031 -43.7578 -59.3766 -45.9614  -51.979 -37.2472 -56.6221 -35.3743 -28.5359 -54.9737 -48.2501 -52.7119 -61.1415 -53.7465 -30.5645 -62.1717 -42.5897 -37.6803 -28.9606 -40.7412 -71.6123 -54.9691 -27.1023 -72.3283  -41.964 -66.4028 -45.3048 -75.0331 -56.8727 -14.9065 -66.9631 -58.1794  -49.309 -41.3602 -44.1478 -36.0435 -62.5093  -44.641 -55.8306 -45.6651 -51.4763 -42.6808 -53.6649 -53.4619
-59.9834 -51.8225 -49.4768 -49.4655 -121.799  1.39914 -44.3179 -48.1759 -73.9425 -43.3219 -60.6298 -38.9949  -44.014 -37.6444  -50.827 -77.6699 -35.6166  -45.725 -62.4948 -52.3083 -27.3502 -54.9457 -47.9415 -33.0429 -45.0359 -42.2532 -58.9194 -63.8199  -39.399 -80.1174 -42.9003 -60.1569 -51.3736 -54.4151 -65.4386 -27.8694 -67.2919 -57.1103 -57.9104 -47.9936 -55.9935 -50.9812 -60.1993 -59.7844 -47.1256 -49.4355 -41.9769  -51.871 -57.0499 -58.8177
 -25.5495  -21.8519  -14.0591  -13.7921   1.39914  -70.0407  -33.6575  -18.9934   -16.199  -16.5349  -8.30582  -19.4821  -24.2741  -7.66449  -18.5779  -18.6035  -20.9035  -14.1102  -28.3263  -37.2906  -22.8932  -27.0341  -18.6251  -25.8455 -0.957156  -27.0273  -4.85149  -18.1153  -11.4369  -13.9666  -1.73964  -37.1527  -21.8829  -17.7187  -22.7397  -15.4243  -28.4316  -18.9115   1.17435  -20.1423  -32.2937  -6.25002  -28.5667  -11.0463  -9.71018  0.755945  -36.4556  -25.6712  -17.5413  -16.9154
-51.1355 -52.3094 -37.3568 -58.6031 -44.3179 -33.6575 -100.805 -55.2165  -47.979 -49.4626 -30.1733  -36.279 -64.5029 -43.5375 -41.0189 -46.8405  -50.202 -52.4455 -66.3171 -77.3297 -30.7367 -51.9879 -48.0675 -58.2648 -36.7723 -54.7749 -55.3256 -45.0397 -36.5459 -59.8505 -25.3689 -56.0375 -58.0804 -47.0932 -60.6471  -20.203 -60.5621 -50.7609 -49.7123 -37.7883 -56.4141 -45.9883 -62.0071 -54.2743 -47.1128 -41.9298 -53.5769 -36.7107 -58.3943 -54.6529
-66.3043 -71.3284 -44.7807 -43.7578 -48.1759 -18.9934 -55.2165 -124.721 -40.5306 -49.2743 -53.5056 -35.2321 -36.9191 -48.3086 -49.9088 -82.1797 -66.2248 -35.0283 -72.5583 -51.5768 -44.1746 -55.5457 -44.6627 -46.5176 -43.0482 -50.8366 -61.0049 -60.6394 -55.4887 -63.7613 -60.5089 -50.9942 -74.0651 -57.3064 -75.1435 -39.8103 -71.9956 -74.3572 -58.4495 -36.3571 -55.7204 -51.6668 -70.8664 -55.8313 -46.1281 -49.6901 -50.1976 -52.6583 -41.1572 -75.2438
-49.9747 -35.6636 -39.2023 -59.3766 -73.9425  -16.199  -47.979 -40.5306 -121.781   -33.24 -40.7892 -30.3877 -58.9526 -37.9366 -50.4412 -50.2313 -41.5518 -70.3346 -60.0272 -46.4149 -40.4502 -47.1996 -57.8821 -18.7916 -26.1298 -26.5274 -61.2662 -59.2531 -45.1854 -73.7325 -35.5107 -62.5516 -25.5287 -44.2494 -41.2364 -27.6016 -77.6784 -59.1995 -49.1053 -63.5883  -57.768 -52.5024 -63.4337 -44.8936 -49.3148 -26.1743 -44.5607 -52.9774 -42.4791 -50.9573
-56.1178 -85.4696 -19.6724 -45.9614 -43.3219 -16.5349 -49.4626 -49.2743   -33.24 -112.118 -78.2992 -39.1411 -67.0534  -53.192  -41.467 -67.4674 -40.5284 -43.6612 -63.7398 -57.7927 -56.8789  -52.602 -54.3709 -56.1169 -54.5778 -41.2986 -51.5562 -57.5839 -21.3238 -75.0623 -31.8008 -73.6963 -53.5201 -39.6497 -59.8214 -44.7021 -57.1863 -55.6631 -44.3827 -46.3512 -52.1658 -38.7594 -65.9012 -49.6417 -39.8015 -59.1333 -45.5946 -49.4037 -45.7836  -65.317
 -68.479 -101.785 -44.4098  -51.979 -60.6298 -8.30582 -30.1733 -53.5056 -40.7892 -78.2992 -140.439 -51.7621   -51.11 -49.3653 -38.9658 -86.3872 -52.1097 -55.8727 -69.0929 -34.5179 -56.0697 -62.5792 -47.8048 -37.8503 -65.8214 -53.4786 -54.0739 -65.2419 -38.6238 -93.8176 -65.8397  -64.808 -59.6859 -79.0645 -58.7126 -32.8809 -69.8122 -71.4661 -42.0983 -49.6978 -33.2549 -39.5191 -59.4152 -44.0765 -47.9343 -62.5312 -51.6908 -59.5897 -46.9929 -89.4464
-50.6592 -63.2842 -29.9344 -37.2472 -38.9949 -19.4821  -36.279 -35.2321 -30.3877 -39.1411 -51.7621 -87.0156 -47.1739 -45.2778  -42.423 -44.8736 -26.9481 -37.2699 -31.9365 -35.4448 -28.3723 -39.4321 -36.1429 -39.0895  -29.544 -56.4418 -39.0225  -48.904 -34.4081 -73.2342 -29.8524 -40.1999 -48.9456 -57.5606  -41.002 -24.8164 -39.4402 -32.0246 -41.5342 -27.9937 -26.0762 -18.3045 -46.6504 -53.5008  -42.415  -20.681 -33.0867 -37.6983 -37.1699 -51.3686
-58.8971  -58.307 -27.5811 -56.6221  -44.014 -24.2741 -64.5029 -36.9191 -58.9526 -67.0534   -51.11 -47.1739 -117.212 -41.9006 -46.8701 -57.3932 -52.1942 -66.2527 -67.1853 -71.0121 -48.1485 -57.7526 -57.2123 -52.1017 -42.2095 -49.8394 -58.2208 -58.0236 -44.9336 -74.4959 -41.7372 -71.0811  -44.095 -56.2415 -62.8081 -35.4565 -63.3074 -33.6611 -41.7151 -47.1607 -70.5022 -53.5034 -58.6342 -74.0248 -57.2617 -44.8381 -49.1767 -51.1779 -68.2033 -56.4759
 -46.314 -65.0203 -46.0557 -35.3743 -37.6444 -7.66449 -43.5375 -48.3086 -37.9366  -53.192 -49.3653 -45.2778 -41.9006 -98.2244 -53.9965  -34.214 -37.1459 -56.5121 -46.6069 -41.1633 -34.1347 -50.0549 -45.0033 -38.9897 -36.0829 -52.0044 -42.0936 -56.2363 -32.9458 -60.6804 -18.4245 -61.4321 -47.7961 -39.1921 -45.1796 -24.6846 -50.8199 -40.6736 -40.9523 -24.9488 -29.9407 -34.9047 -52.1281 -54.8318 -43.6089 -32.1983 -33.9495 -32.2511 -33.6004 -63.2483
-63.7804 -71.6296 -47.9819 -28.5359  -50.827 -18.5779 -41.0189 -49.9088 -50.4412  -41.467 -38.9658  -42.423 -46.8701 -53.9965 -103.801 -56.7384 -39.6929  -66.501 -43.7347 -47.0843 -37.8329  -53.188 -52.1909 -44.8652 -25.9114 -31.5923 -53.3168  -59.255 -35.9266 -58.6535 -20.6965 -81.4722 -41.7752 -33.5982 -47.5672 -40.9832 -49.3893 -38.7707 -59.8957 -41.5922 -30.9848 -62.0005 -50.9921 -50.6736 -25.0759 -28.4176 -40.1759 -53.1164 -31.6542 -34.5431
-77.2858 -86.7997 -44.2534 -54.9737 -77.6699 -18.6035 -46.8405 -82.1797 -50.2313 -67.4674 -86.3872 -44.8736 -57.3932  -34.214 -56.7384 -141.871 -44.4255 -54.2789 -71.7948 -73.0515 -65.9971  -82.932 -43.6495 -64.2856 -61.4773  -55.116 -57.3305 -83.3077 -56.7991 -74.5765 -75.6933 -79.8304 -71.1473 -75.6923 -78.1203 -49.1316 -57.3192 -70.5669 -68.4938 -44.9825 -55.7998 -59.8999 -79.5992 -68.2793 -45.2921 -67.9148 -56.6398 -82.9824  -57.122 -73.6063
-67.6785 -61.5673 -43.0898 -48.2501 -35.6166 -20.9035  -50.202 -66.2248 -41.5518 -40.5284 -52.1097 -26.9481 -52.1942 -37.1459 -39.6929 -44.4255 -105.634 -32.2733 -67.7318 -49.3179 -34.7854 -46.2867 -38.5496 -30.1616 -29.2462 -35.2501 -52.9479 -47.9272 -42.4446 -49.2917 -47.7558 -48.9226 -55.8804 -59.0583 -57.2443  -31.642 -74.8832 -58.7257 -41.9266 -45.1564 -48.7013 -45.1834 -52.7319 -39.0041 -29.9647 -42.4773 -41.4945 -36.4054 -50.3147 -70.2012
-64.4995 -73.1319 -50.1152 -52.7119  -45.725 -14.1102 -52.4455 -35.0283 -70.3346 -43.6612 -55.8727 -37.2699 -66.2527 -56.5121  -66.501 -54.2789 -32.2733 -118.808 -58.6212  -51.563  -44.382 -44.8791 -59.4365 -54.7043 -34.0932  -31.872 -55.4624 -60.8391 -41.6672 -68.7168 -29.4935 -70.4374 -37.2972 -42.9875 -37.1724 -29.1138 -48.9028 -51.5942 -61.7646 -49.9076 -40.3001 -55.1278 -59.2284 -51.0114 -47.8006 -42.8105 -29.8406 -54.3105 -44.0724 -57.2713
  -73.33 -73.4374 -51.7877 -61.1415 -62.4948 -28.3263 -66.3171 -72.5583 -60.0272 -63.7398 -69.0929 -31.9365 -67.1853 -46.6069 -43.7347 -71.7948 -67.7318 -58.6212 -133.018 -75.3181 -56.1687 -82.7071  -57.047 -60.7849 -54.2648 -57.3119 -58.4241  -66.728 -31.4206 -73.7079 -66.0182  -81.591 -63.1099 -74.7542 -84.2458 -38.3374 -95.4438 -60.2727 -53.7767 -48.5894 -73.2274 -45.2825 -89.6686 -68.2201 -50.1731 -61.5228 -64.3156 -65.0971 -54.5476 -72.5324
-50.4298 -55.4766  -24.579 -53.7465 -52.3083 -37.2906 -77.3297 -51.5768 -46.4149 -57.7927 -34.5179 -35.4448 -71.0121 -41.1633 -47.0843 -73.0515 -49.3179  -51.563 -75.3181  -134.35 -36.0083 -68.7444 -50.3685  -62.509 -50.9446 -60.8587 -51.2324 -48.6157 -37.7431  -53.654 -25.5077 -75.4119 -57.4165 -39.7496 -80.2724 -35.3477 -62.1743 -36.6722 -31.6087 -47.1688 -59.5103 -38.9792 -74.9322 -72.0034 -46.8406 -60.5363 -41.4208 -47.0204 -53.9919 -57.7365
-64.8205 -59.4504 -33.4921 -30.5645 -27.3502 -22.8932 -30.7367 -44.1746 -40.4502 -56.8789 -56.0697 -28.3723 -48.1485 -34.1347 -37.8329 -65.9971 -34.7854  -44.382 -56.1687 -36.0083 -100.685 -56.0067 -42.6857 -40.0601 -35.8851  -39.016 -55.6856 -67.4502  -29.036 -62.3715  -61.425 -72.9215 -56.5333 -47.0817 -58.3503 -48.2778 -52.8439 -41.2817 -48.2471   -41.97 -35.2043 -18.8183 -58.5775 -48.7286 -40.5413 -38.5315 -40.6167 -62.9424 -17.2932 -52.6832
-79.4493 -68.4805 -48.4828 -62.1717 -54.9457 -27.0341 -51.9879 -55.5457 -47.1996  -52.602 -62.5792 -39.4321 -57.7526 -50.0549  -53.188  -82.932 -46.2867 -44.8791 -82.7071 -68.7444 -56.0067 -139.883 -49.1255 -55.0178  -22.996 -60.6871 -56.7623 -55.8881 -31.0103 -69.0787 -61.7547 -83.7801 -49.8167 -71.1595 -85.0522  -44.796 -61.0045  -39.487 -43.7689 -52.9203 -61.2298 -33.2266 -76.4995  -80.518 -57.4415 -56.9033 -61.4711 -70.1536 -51.6483 -57.3802
-70.1569 -61.7093 -39.8923 -42.5897 -47.9415 -18.6251 -48.0675 -44.6627 -57.8821 -54.3709 -47.8048 -36.1429 -57.2123 -45.0033 -52.1909 -43.6495 -38.5496 -59.4365  -57.047 -50.3685 -42.6857 -49.1255 -106.152 -50.4858 -30.1049 -36.9225 -44.1861 -55.7708 -39.5294 -74.5001 -41.9611 -78.3514 -51.6644  -37.079  -54.944 -33.1852 -60.0191 -27.2658 -44.2388 -64.6878 -43.4998 -26.4407 -61.0057 -52.7663 -41.3849 -43.4797 -36.2491 -46.4984 -39.5344 -52.1439
-68.9672 -81.8591 -30.8638 -37.6803 -33.0429 -25.8455 -58.2648 -46.5176 -18.7916 -56.1169 -37.8503 -39.0895 -52.1017 -38.9897 -44.8652 -64.2856 -30.1616 -54.7043 -60.7849  -62.509 -40.0601 -55.0178 -50.4858 -113.073 -40.1275 -51.9602 -46.8625 -66.5634 -18.0661 -51.3601 -21.8322 -59.5547 -69.2805 -47.1746  -56.816 -37.8358 -45.9687 -21.3606 -60.7908 -33.4313 -48.9789 -45.0012 -61.1718 -57.7701 -37.7976 -44.0193 -36.7974 -47.7042 -44.5582 -46.1704
 -38.6028  -57.1731  -28.3162  -28.9606  -45.0359 -0.957156  -36.7723  -43.0482  -26.1298  -54.5778  -65.8214   -29.544  -42.2095  -36.0829  -25.9114  -61.4773  -29.2462  -34.0932  -54.2648  -50.9446  -35.8851   -22.996  -30.1049  -40.1275  -107.773  -50.1882  -36.3782  -40.9127  -23.4758  -59.5461  -32.2493   -43.739  -42.0946  -39.4737  -41.6634  -22.6797  -49.5579  -47.0489  -49.5896  -26.5824   -23.997  -25.7889  -54.1999   -45.923  -28.3682  -30.8266  -21.3075  -47.0676  -33.6606   -49.273
-46.9051 -50.1676 -49.3242 -40.7412 -42.2532 -27.0273 -54.7749 -50.8366 -26.5274 -41.2986 -53.4786 -56.4418 -49.8394 -52.0044 -31.5923  -55.116 -35.2501  -31.872 -57.3119 -60.8587  -39.016 -60.6871 -36.9225 -51.9602 -50.1882 -116.658 -42.0927 -50.4935 -42.2248 -83.8052 -46.1712 -47.7104 -47.2963 -61.3971 -54.3863 -19.7627 -59.8888 -28.5149 -33.2341 -18.2143  -51.329 -31.5601 -59.3847 -69.2641 -59.8365 -35.5305  -40.258  -36.886 -50.7243 -45.8653
-79.8169 -59.8834 -39.4531 -71.6123 -58.9194 -4.85149 -55.3256 -61.0049 -61.2662 -51.5562 -54.0739 -39.0225 -58.2208 -42.0936 -53.3168 -57.3305 -52.9479 -55.4624 -58.4241 -51.2324 -55.6856 -56.7623 -44.1861 -46.8625 -36.3782 -42.0927 -119.975 -70.8469 -27.7254 -81.5105 -56.5409  -73.205 -68.2555 -56.5372 -83.3113 -30.2049 -64.7256 -53.4518 -59.3713 -51.0563 -43.5779 -63.7907 -73.9175 -48.8964 -66.8369 -56.7718 -40.1361 -51.8183 -46.7158 -52.1266
-72.8819 -82.6476 -41.9011 -54.9691 -63.8199 -18.1153 -45.0397 -60.6394 -59.2531 -57.5839 -65.2419  -48.904 -58.0236 -56.2363  -59.255 -83.3077 -47.9272 -60.8391  -66.728 -48.6157 -67.4502 -55.8881 -55.7708 -66.5634 -40.9127 -50.4935 -70.8469 -139.389 -42.2342 -62.6592 -53.3656 -83.6326 -66.2572 -69.9515 -55.6428 -24.0659 -84.1501 -42.4669 -73.5364 -46.4632 -40.1873 -42.8592 -67.2837 -65.5681   -55.82 -47.8232 -47.1067 -55.6086 -20.5704 -65.5666
-31.3688 -46.1275 -43.7552 -27.1023  -39.399 -11.4369 -36.5459 -55.4887 -45.1854 -21.3238 -38.6238 -34.4081 -44.9336 -32.9458 -35.9266 -56.7991 -42.4446 -41.6672 -31.4206 -37.7431  -29.036 -31.0103 -39.5294 -18.0661 -23.4758 -42.2248 -27.7254 -42.2342  -105.07 -45.2819  -45.298 -28.1464 -34.2412  -40.273 -45.5719 -18.2989 -35.7226 -38.0625 -40.1146 -33.6176 -27.5125  -39.791  -21.892 -32.8554 -32.5789 -28.1544 -34.1813 -40.0358 -20.1115 -48.3409
-82.8559 -77.2635 -61.5979 -72.3283 -80.1174 -13.9666 -59.8505 -63.7613 -73.7325 -75.0623 -93.8176 -73.2342 -74.4959 -60.6804 -58.6535 -74.5765 -49.2917 -68.7168 -73.7079  -53.654 -62.3715 -69.0787 -74.5001 -51.3601 -59.5461 -83.8052 -81.5105 -62.6592 -45.2819  -153.02 -67.2748 -81.8294 -78.4181 -85.2432 -77.5326 -51.7583 -88.7353 -71.0146 -67.0929 -62.6675  -72.153 -54.0231 -76.1877  -82.469 -64.1626   -55.42 -61.0869  -72.059  -77.056 -74.5623
-70.1777 -40.5245 -52.0218  -41.964 -42.9003 -1.73964 -25.3689 -60.5089 -35.5107 -31.8008 -65.8397 -29.8524 -41.7372 -18.4245 -20.6965 -75.6933 -47.7558 -29.4935 -66.0182 -25.5077  -61.425 -61.7547 -41.9611 -21.8322 -32.2493 -46.1712 -56.5409 -53.3656  -45.298 -67.2748  -125.32 -49.1364 -60.4174 -76.2718 -78.5833  -25.724 -39.5236 -43.9042  -38.558 -39.3191 -32.3395 -40.1692 -45.4058 -50.1845 -40.9173 -63.6675 -37.5017 -54.6333  -33.075 -60.0446
-103.954 -79.6648 -57.1802 -66.4028 -60.1569 -37.1527 -56.0375 -50.9942 -62.5516 -73.6963  -64.808 -40.1999 -71.0811 -61.4321 -81.4722 -79.8304 -48.9226 -70.4374  -81.591 -75.4119 -72.9215 -83.7801 -78.3514 -59.5547  -43.739 -47.7104  -73.205 -83.6326 -28.1464 -81.8294 -49.1364 -164.264 -77.7552 -50.3973 -85.8807 -55.0401 -78.9367 -43.3697  -68.946 -68.4272 -65.3453 -55.8323 -85.8972 -60.8255 -56.7203 -60.3371 -75.8893 -76.7446 -50.9804 -63.7456
-77.3173 -68.5825 -41.0554 -45.3048 -51.3736 -21.8829 -58.0804 -74.0651 -25.5287 -53.5201 -59.6859 -48.9456  -44.095 -47.7961 -41.7752 -71.1473 -55.8804 -37.2972 -63.1099 -57.4165 -56.5333 -49.8167 -51.6644 -69.2805 -42.0946 -47.2963 -68.2555 -66.2572 -34.2412 -78.4181 -60.4174 -77.7552 -129.764 -54.0002 -78.7502 -43.5022 -59.9787 -51.4638 -56.9019 -54.6939 -45.0315  -48.913  -57.713 -49.4937 -35.6615 -61.0414 -42.5011 -54.0395  -49.218 -83.5014
-81.7085 -67.9634 -49.7094 -75.0331 -54.4151 -17.7187 -47.0932 -57.3064 -44.2494 -39.6497 -79.0645 -57.5606 -56.2415 -39.1921 -33.5982 -75.6923 -59.0583 -42.9875 -74.7542 -39.7496 -47.0817 -71.1595  -37.079 -47.1746 -39.4737 -61.3971 -56.5372 -69.9515  -40.273 -85.2432 -76.2718 -50.3973 -54.0002 -133.042 -72.3299 -26.1299 -75.6016 -57.7965 -54.6114 -24.6446 -51.1838 -34.8324 -59.9427  -62.925 -45.2653 -45.6014 -61.4108 -72.0345 -51.2543 -74.2817
-86.6279 -69.3036  -55.269 -56.8727 -65.4386 -22.7397 -60.6471 -75.1435 -41.2364 -59.8214 -58.7126  -41.002 -62.8081 -45.1796 -47.5672 -78.1203 -57.2443 -37.1724 -84.2458 -80.2724 -58.3503 -85.0522  -54.944  -56.816 -41.6634 -54.3863 -83.3113 -55.6428 -45.5719 -77.5326 -78.5833 -85.8807 -78.7502 -72.3299 -133.629 -47.1294 -57.5273 -50.5372 -46.5635 -43.9817 -67.0746 -51.0779 -68.8426 -66.3618 -58.5829 -72.2646 -66.1227 -64.6815 -54.9954 -74.5732
-38.3789 -43.0713 -26.2456 -14.9065 -27.8694 -15.4243  -20.203 -39.8103 -27.6016 -44.7021 -32.8809 -24.8164 -35.4565 -24.6846 -40.9832 -49.1316  -31.642 -29.1138 -38.3374 -35.3477 -48.2778  -44.796 -33.1852 -37.8358 -22.6797 -19.7627 -30.2049 -24.0659 -18.2989 -51.7583  -25.724 -55.0401 -43.5022 -26.1299 -47.1294  -82.088 -37.6352 -40.6479 -30.9703 -32.7963 -47.1875 -29.5039 -36.0256 -40.8204 -21.8734 -21.9693 -33.0531 -52.4761 -35.1502 -30.4485
-68.5508 -65.2196 -31.7552 -66.9631 -67.2919 -28.4316 -60.5621 -71.9956 -77.6784 -57.1863 -69.8122 -39.4402 -63.3074 -50.8199 -49.3893 -57.3192 -74.8832 -48.9028 -95.4438 -62.1743 -52.8439 -61.0045 -60.0191 -45.9687 -49.5579 -59.8888 -64.7256 -84.1501 -35.7226 -88.7353 -39.5236 -78.9367 -59.9787 -75.6016 -57.5273 -37.6352 -153.962 -59.8624 -54.4258 -65.4116 -79.6439 -39.9192  -83.733  -67.632 -57.8722 -43.0149 -66.3445 -57.4656 -42.9596 -69.9247
-48.0725 -60.3099 -40.9782 -58.1794 -57.1103 -18.9115 -50.7609 -74.3572 -59.1995 -55.6631 -71.4661 -32.0246 -33.6611 -40.6736 -38.7707 -70.5669 -58.7257 -51.5942 -60.2727 -36.6722 -41.2817  -39.487 -27.2658 -21.3606 -47.0489 -28.5149 -53.4518 -42.4669 -38.0625 -71.0146 -43.9042 -43.3697 -51.4638 -57.7965 -50.5372 -40.6479 -59.8624  -116.55 -47.2053  -50.083 -49.0807 -47.5615 -50.9572 -18.7537 -31.6783 -41.8906 -44.9989 -55.4182 -54.8152 -82.1656
-78.4075 -69.6657 -48.4012  -49.309 -57.9104  1.17435 -49.7123 -58.4495 -49.1053 -44.3827 -42.0983 -41.5342 -41.7151 -40.9523 -59.8957 -68.4938 -41.9266 -61.7646 -53.7767 -31.6087 -48.2471 -43.7689 -44.2388 -60.7908 -49.5896 -33.2341 -59.3713 -73.5364 -40.1146 -67.0929  -38.558  -68.946 -56.9019 -54.6114 -46.5635 -30.9703 -54.4258 -47.2053 -117.709 -36.1985 -34.0971 -44.6005 -60.7324 -52.0944 -35.4137 -30.7528 -45.9477 -52.5754 -38.7038 -48.1813
-60.2295 -50.0891 -20.2929 -41.3602 -47.9936 -20.1423 -37.7883 -36.3571 -63.5883 -46.3512 -49.6978 -27.9937 -47.1607 -24.9488 -41.5922 -44.9825 -45.1564 -49.9076 -48.5894 -47.1688   -41.97 -52.9203 -64.6878 -33.4313 -26.5824 -18.2143 -51.0563 -46.4632 -33.6176 -62.6675 -39.3191 -68.4272 -54.6939 -24.6446 -43.9817 -32.7963 -65.4116  -50.083 -36.1985 -104.443 -48.2251 -30.3989 -45.5472 -27.3928 -42.1857 -44.9757 -21.7935 -48.4366 -37.2149 -57.0933
-62.5443  -46.143 -42.4691 -44.1478 -55.9935 -32.2937 -56.4141 -55.7204  -57.768 -52.1658 -33.2549 -26.0762 -70.5022 -29.9407 -30.9848 -55.7998 -48.7013 -40.3001 -73.2274 -59.5103 -35.2043 -61.2298 -43.4998 -48.9789  -23.997  -51.329 -43.5779 -40.1873 -27.5125  -72.153 -32.3395 -65.3453 -45.0315 -51.1838 -67.0746 -47.1875 -79.6439 -49.0807 -34.0971 -48.2251 -124.024 -47.4859 -60.7611 -53.3642 -54.8692 -42.8632 -54.9573 -57.2286 -74.6582 -56.0731
-46.3761 -49.7318 -42.5689 -36.0435 -50.9812 -6.25002 -45.9883 -51.6668 -52.5024 -38.7594 -39.5191 -18.3045 -53.5034 -34.9047 -62.0005 -59.8999 -45.1834 -55.1278 -45.2825 -38.9792 -18.8183 -33.2266 -26.4407 -45.0012 -25.7889 -31.5601 -63.7907 -42.8592  -39.791 -54.0231 -40.1692 -55.8323  -48.913 -34.8324 -51.0779 -29.5039 -39.9192 -47.5615 -44.6005 -30.3989 -47.4859 -106.365 -40.0734 -32.2956 -30.1151 -42.7988 -42.7414 -46.9557 -49.2768 -36.8804
 -98.317 -79.3922 -43.0099 -62.5093 -60.1993 -28.5667 -62.0071 -70.8664 -63.4337 -65.9012 -59.4152 -46.6504 -58.6342 -52.1281 -50.9921 -79.5992 -52.7319 -59.2284 -89.6686 -74.9322 -58.5775 -76.4995 -61.0057 -61.1718 -54.1999 -59.3847 -73.9175 -67.2837  -21.892 -76.1877 -45.4058 -85.8972  -57.713 -59.9427 -68.8426 -36.0256  -83.733 -50.9572 -60.7324 -45.5472 -60.7611 -40.0734 -130.954 -71.9334 -66.8988 -53.5966 -51.8243 -68.1006 -57.8203 -65.5201
-57.9684  -61.746 -37.9608  -44.641 -59.7844 -11.0463 -54.2743 -55.8313 -44.8936 -49.6417 -44.0765 -53.5008 -74.0248 -54.8318 -50.6736 -68.2793 -39.0041 -51.0114 -68.2201 -72.0034 -48.7286  -80.518 -52.7663 -57.7701  -45.923 -69.2641 -48.8964 -65.5681 -32.8554  -82.469 -50.1845 -60.8255 -49.4937  -62.925 -66.3618 -40.8204  -67.632 -18.7537 -52.0944 -27.3928 -53.3642 -32.2956 -71.9334 -124.512 -55.8382  -47.589 -47.1353 -44.3498 -41.4378 -47.7744
-62.5001 -51.1339 -32.0798 -55.8306 -47.1256 -9.71018 -47.1128 -46.1281 -49.3148 -39.8015 -47.9343  -42.415 -57.2617 -43.6089 -25.0759 -45.2921 -29.9647 -47.8006 -50.1731 -46.8406 -40.5413 -57.4415 -41.3849 -37.7976 -28.3682 -59.8365 -66.8369   -55.82 -32.5789 -64.1626 -40.9173 -56.7203 -35.6615 -45.2653 -58.5829 -21.8734 -57.8722 -31.6783 -35.4137 -42.1857 -54.8692 -30.1151 -66.8988 -55.8382 -93.4808  -40.247 -32.3174 -36.3321 -44.0688  -47.176
-63.7995 -50.9853 -25.9441 -45.6651 -49.4355 0.755945 -41.9298 -49.6901 -26.1743 -59.1333 -62.5312  -20.681 -44.8381 -32.1983 -28.4176 -67.9148 -42.4773 -42.8105 -61.5228 -60.5363 -38.5315 -56.9033 -43.4797 -44.0193 -30.8266 -35.5305 -56.7718 -47.8232 -28.1544   -55.42 -63.6675 -60.3371 -61.0414 -45.6014 -72.2646 -21.9693 -43.0149 -41.8906 -30.7528 -44.9757 -42.8632 -42.7988 -53.5966  -47.589  -40.247 -102.833 -27.9524 -36.2269 -40.0584 -66.9115
-55.2824 -57.9509  -48.016 -51.4763 -41.9769 -36.4556 -53.5769 -50.1976 -44.5607 -45.5946 -51.6908 -33.0867 -49.1767 -33.9495 -40.1759 -56.6398 -41.4945 -29.8406 -64.3156 -41.4208 -40.6167 -61.4711 -36.2491 -36.7974 -21.3075  -40.258 -40.1361 -47.1067 -34.1813 -61.0869 -37.5017 -75.8893 -42.5011 -61.4108 -66.1227 -33.0531 -66.3445 -44.9989 -45.9477 -21.7935 -54.9573 -42.7414 -51.8243 -47.1353 -32.3174 -27.9524 -99.8493 -53.2346 -37.5576 -50.1772
-84.0171 -69.1525 -51.1693 -42.6808  -51.871 -25.6712 -36.7107 -52.6583 -52.9774 -49.4037 -59.5897 -37.6983 -51.1779 -32.2511 -53.1164 -82.9824 -36.4054 -54.3105 -65.0971 -47.0204 -62.9424 -70.1536 -46.4984 -47.7042 -47.0676  -36.886 -51.8183 -55.6086 -40.0358  -72.059 -54.6333 -76.7446 -54.0395 -72.0345 -64.6815 -52.4761 -57.4656 -55.4182 -52.5754 -48.4366 -57.2286 -46.9557 -68.1006 -44.3498 -36.3321 -36.2269 -53.2346  -114.16 -43.1868 -56.0805
-57.3418 -41.6286 -50.3969 -53.6649 -57.0499 -17.5413 -58.3943 -41.1572 -42.4791 -45.7836 -46.9929 -37.1699 -68.2033 -33.6004 -31.6542  -57.122 -50.3147 -44.0724 -54.5476 -53.9919 -17.2932 -51.6483 -39.5344 -44.5582 -33.6606 -50.7243 -46.7158 -20.5704 -20.1115  -77.056  -33.075 -50.9804  -49.218 -51.2543 -54.9954 -35.1502 -42.9596 -54.8152 -38.7038 -37.2149 -74.6582 -49.2768 -57.8203 -41.4378 -44.0688 -40.0584 -37.5576 -43.1868 -116.755 -51.9297
-85.7518 -81.3198 -46.4674 -53.4619 -58.8177 -16.9154 -54.6529 -75.2438 -50.9573  -65.317 -89.4464 -51.3686 -56.4759 -63.2483 -34.5431 -73.6063 -70.2012 -57.2713 -72.5324 -57.7365 -52.6832 -57.3802 -52.1439 -46.1704  -49.273 -45.8653 -52.1266 -65.5666 -48.3409 -74.5623 -60.0446 -63.7456 -83.5014 -74.2817 -74.5732 -30.4485 -69.9247 -82.1656 -48.1813 -57.0933 -56.0731 -36.8804 -65.5201 -47.7744  -47.176 -66.9115 -50.1772 -56.0805 -51.9297 -129.026
  2.98102 -0.723972  0.565344   2.81355 -0.802849   2.46955  -0.81394   1.07596  -0.37886   1.93558   1.99643 -0.882336  0.788004   1.38917   2.23139   2.97754 -0.387691   2.49108   1.94083   2.79104   1.91381   2.76962 -0.521259   1.85689  0.624827        -0        -0        -0        -0        -0        -0        -0        -0        -0        -0        -0        -0        -0        -0        -0        -0        -0        -0        -0        -0        -0        -0        -0        -0        -0
-0.723972   1.14196   2.57944  0.560367   1.28667   1.34072   1.89736   2.77103   1.56107    2.7279   1.99811   1.56807 -0.163132   1.61284   2.97388 0.0647382 0.0104273  -0.60346   1.41151   2.07383  0.635156    2.9129   2.61861 -0.522407   1.69159        -0        -0        -0        -0        -0        -0        -0        -0        -0        -0        -0        -0        -0        -0        -0        -0        -0        -0        -0        -0        -0        -0        -0        -0        -0
   0.565344     2.57944     2.84221     2.72305   -0.136632   -0.278259     2.02618 -0.00611949     2.64157      1.9849    0.679227      2.0519    0.369221     1.77227     1.36974    0.153783     1.26161     1.43257     2.08243    0.248646   -0.455021   -0.990553   -0.614934   -0.274135   0.0559853          -0          -0          -0          -0          -0          -0          -0          -0          -0          -0          -0          -0          -0          -0          -0          -0          -0          -0          -0          -0          -0          -0          -0          -0          -0
  2.81355  0.560367   2.72305   2.79771   2.62761   2.05647   1.55809  0.584978  -0.34998   2.90141   2.41766   2.71415   2.90758 0.0258167 -0.479291 -0.477611    1.3899  0.936227   1.23596  0.507862   2.36682 -0.129036   2.88616   1.21372 -0.278396        -0        -0        -0        -0        -0        -0        -0        -0        -0        -0        -0        -0        -0        -0        -0        -0        -0        -0        -0        -0        -0        -0        -0        -0        -0
-0.802849   1.28667 -0.136632   2.62761   1.68505   2.98668 -0.107683   1.77884   1.80379  0.674869 -0.141643   2.89892  0.225493   1.06203   1.55106   2.15638  0.346113 -0.694078 -0.942127   1.60138   2.83786   2.33638  0.111328   1.17375   1.42289        -0        -0        -0        -0        -0        -0        -0        -0        -0        -0        -0        -0        -0        -0        -0        -0        -0        -0        -0        -0        -0        -0        -0        -0        -0
   2.46955    1.34072  -0.278259    2.05647    2.98668    2.13417   0.821216    2.12551 -0.0925746    2.52383   0.666567  -0.477616    2.71852  -0.916313    2.67891    2.72769   0.901187   0.990602    1.17452    2.10855    1.03618    2.90257    1.95752   -0.17477   0.893235         -0         -0         -0         -0         -0         -0         -0         -0         -0         -0         -0         -0         -0         -0         -0         -0         -0         -0         -0         -0         -0         -0         -0         -0         -0
 -0.81394   1.89736   2.02618   1.55809 -0.107683  0.821216   1.02763  0.771038   1.72598 -0.477452   1.35324   1.71058 -0.974759   1.81382   1.90988   2.75378   1.36745   1.54854  0.727037 -0.551308   2.15785   2.78477   2.65578   1.69247   2.57849        -0        -0        -0        -0        -0        -0        -0        -0        -0        -0        -0        -0        -0        -0        -0        -0        -0        -0        -0        -0        -0        -0        -0        -0        -0
    1.07596     2.77103 -0.00611949    0.584978     1.77884     2.12551    0.771038    0.676205     1.57482   -0.764061   -0.413738     1.89703     2.79356      1.8989    0.163894     2.13025     1.41085     0.31635   -0.545587   0.0128925     1.91169  -0.0284643   0.0242274    0.792356     1.90048          -0          -0          -0          -0          -0          -0          -0          -0          -0          -0          -0          -0          -0          -0          -0          -0          -0          -0          -0          -0          -0          -0          -0          -0          -0
  -0.37886    1.56107    2.64157   -0.34998    1.80379 -0.0925746    1.72598    1.57482   0.901306    2.16541  -0.348531    1.20161    1.77042   0.452908    1.45119    1.09743    2.05497  -0.747786  -0.392914    1.19098    2.28482  -0.552452    1.96697   0.210296     1.6191         -0         -0         -0         -0         -0         -0         -0         -0         -0         -0         -0         -0         -0         -0         -0         -0         -0         -0         -0         -0         -0         -0         -0         -0         -0
   1.93558     2.7279     1.9849    2.90141   0.674869    2.52383  -0.477452  -0.764061    2.16541   0.172568    1.25465    1.12824    2.73939     1.7214    2.93569  -0.725514    1.88984 -0.0615594    2.66326    1.68465  -0.334287    2.15159   -0.47326    1.57862   0.792217         -0         -0         -0         -0         -0         -0         -0         -0         -0         -0         -0         -0         -0         -0         -0         -0         -0         -0         -0         -0         -0         -0         -0         -0         -0
  1.99643   1.99811  0.679227   2.41766 -0.141643  0.666567   1.35324 -0.413738 -0.348531   1.25465   1.26113   2.75538   2.69248 -0.875612   2.22592  0.681312   0.56723   1.66246 -0.239665 0.0707659  0.513067 -0.190603 -0.639393   1.90368 0.0742297        -0        -0        -0        -0        -0        -0        -0        -0        -0        -0        -0        -0        -0        -0        -0        -0        -0        -0        -0        -0        -0        -0        -0        -0        -0
-0.882336   1.56807    2.0519   2.71415   2.89892 -0.477616   1.71058   1.89703   1.20161   1.12824   2.75538   2.86818    2.2928  0.171424   1.53487  0.776343   1.78266    1.1534   1.59769   -0.6345   1.39338   1.48373   1.86954 -0.832183   2.44433        -0        -0        -0        -0        -0        -0        -0        -0        -0        -0        -0        -0        -0        -0        -0        -0        -0        -0        -0        -0        -0        -0        -0        -0        -0
 0.788004 -0.163132  0.369221   2.90758  0.225493   2.71852 -0.974759   2.79356   1.77042   2.73939   2.69248    2.2928   1.44997   1.74664   1.74951   2.18436   1.64362   2.30589    1.2118  -0.58831  0.114405   1.30944 -0.688487    1.2344 -0.515317        -0        -0        -0        -0        -0        -0        -0        -0        -0        -0        -0        -0        -0        -0        -0        -0        -0        -0        -0        -0        -0        -0        -0        -0        -0
  1.38917   1.61284   1.77227 0.0258167   1.06203 -0.916313   1.81382    1.8989  0.452908    1.7214 -0.875612  0.171424   1.74664   2.91795   1.12482   1.84521 -0.302515 0.0733141   1.07669  0.525179   1.52596   2.72108  0.332143   2.92791   1.86659        -0        -0        -0        -0        -0        -0        -0        -0        -0        -0        -0        -0        -0        -0        -0        -0        -0        -0        -0        -0        -0        -0        -0        -0        -0
   2.23139    2.97388    1.36974  -0.479291    1.55106    2.67891    1.90988   0.163894    1.45119    2.93569    2.22592    1.53487    1.74951    1.12482    2.98778  -0.772472   -0.11991   0.208371     1.8499 -0.0274141  -0.415637   0.768552    2.31709    2.13479  -0.345374         -0         -0         -0         -0         -0         -0         -0         -0         -0         -0         -0         -0         -0         -0         -0         -0         -0         -0         -0         -0         -0         -0         -0         -0         -0
  2.97754 0.0647382  0.153783 -0.477611   2.15638   2.72769   2.75378   2.13025   1.09743 -0.725514  0.681312  0.776343   2.18436   1.84521 -0.772472   2.12006    1.9181   1.19573   2.15024 -0.925046   2.79906   1.97515    2.4631   1.76114   2.06331        -0        -0        -0        -0        -0        -0        -0        -0        -0        -0        -0        -0        -0        -0        -0        -0        -0        -0        -0        -0        -0        -0        -0        -0        -0
-0.387691 0.0104273   1.26161    1.3899  0.346113  0.901187   1.36745   1.41085   2.05497   1.88984   0.56723   1.78266   1.64362 -0.302515  -0.11991    1.9181    1.3788   1.64054 -0.260852   1.28551   2.59673  0.234152   1.14154 -0.711481  0.770269        -0        -0        -0        -0        -0        -0        -0        -0        -0        -0        -0        -0        -0        -0        -0        -0        -0        -0        -0        -0        -0        -0        -0        -0        -0
   2.49108   -0.60346    1.43257   0.936227  -0.694078   0.990602    1.54854    0.31635  -0.747786 -0.0615594    1.66246     1.1534    2.30589  0.0733141   0.208371    1.19573    1.64054    2.99103 0.00330391    2.57027 -0.0501375  -0.838068   0.800813    1.00432  -0.177557         -0         -0         -0         -0         -0         -0         -0         -0         -0         -0         -0         -0         -0         -0         -0         -0         -0         -0         -0         -0         -0         -0         -0         -0         -0
   1.94083    1.41151    2.08243    1.23596  -0.942127    1.17452   0.727037  -0.545587  -0.392914    2.66326  -0.239665    1.59769     1.2118    1.07669     1.8499    2.15024  -0.260852 0.00330391    1.45613    1.28675  -0.789251  -0.910443    0.77254    2.07265   0.297707         -0         -0         -0         -0         -0         -0         -0         -0         -0         -0         -0         -0         -0         -0         -0         -0         -0         -0         -0         -0         -0         -0         -0         -0         -0
   2.79104    2.07383   0.248646   0.507862    1.60138    2.10855  -0.551308  0.0128925    1.19098    1.68465  0.0707659    -0.6345   -0.58831   0.525179 -0.0274141  -0.925046    1.28551    2.57027    1.28675  -0.637801   0.121904    2.76011   0.862625   0.620662    0.69818         -0         -0         -0         -0         -0         -0         -0         -0         -0         -0         -0         -0         -0         -0         -0         -0         -0         -0         -0         -0         -0         -0         -0         -0         -0
   1.91381   0.635156  -0.455021    2.36682    2.83786    1.03618    2.15785    1.91169    2.28482  -0.334287   0.513067    1.39338   0.114405    1.52596  -0.415637    2.79906    2.59673 -0.0501375  -0.789251   0.121904   0.922448  -0.253705    2.56937    0.32141    2.95723         -0         -0         -0         -0         -0         -0         -0         -0         -0         -0         -0         -0         -0         -0         -0         -0         -0         -0         -0         -0         -0         -0         -0         -0         -0
   2.76962     2.9129  -0.990553  -0.129036    2.33638    2.90257    2.78477 -0.0284643  -0.552452    2.15159  -0.190603    1.48373    1.30944    2.72108   0.768552    1.97515   0.234152  -0.838068  -0.910443    2.76011  -0.253705    2.88862  -0.252308    1.53575  -0.941153         -0         -0         -0         -0         -0         -0         -0         -0         -0         -0         -0         -0         -0         -0         -0         -0         -0         -0         -0         -0         -0         -0         -0         -0         -0
-0.521259   2.61861 -0.614934   2.88616  0.111328   1.95752   2.65578 0.0242274   1.96697  -0.47326 -0.639393   1.86954 -0.688487  0.332143   2.31709    2.4631   1.14154  0.800813   0.77254  0.862625   2.56937 -0.252308   2.09678    2.7622  0.986699        -0        -0        -0        -0        -0        -0        -0        -0        -0        -0        -0        -0        -0        -0        -0        -0        -0        -0        -0        -0        -0        -0        -0        -0        -0
  1.85689 -0.522407 -0.274135   1.21372   1.17375  -0.17477   1.69247  0.792356  0.210296   1.57862   1.90368 -0.832183    1.2344   2.92791   2.13479   1.76114 -0.711481   1.00432   2.07265  0.620662   0.32141   1.53575    2.7622   2.12222  0.961552        -0        -0        -0        -0        -0        -0        -0        -0        -0        -0        -0        -0        -0        -0        -0        -0        -0        -0        -0        -0        -0        -0        -0        -0        -0
 0.624827   1.69159 0.0559853 -0.278396   1.42289  0.893235   2.57849   1.90048    1.6191  0.792217 0.0742297   2.44433 -0.515317   1.86659 -0.345374   2.06331  0.770269 -0.177557  0.297707   0.69818   2.95723 -0.941153  0.986699  0.961552    2.1315        -0        -0        -0        -0        -0        -0        -0        -0        -0        -0        -0        -0        -0        -0        -0        -0        -0        -0        -0        -0        -0        -0        -0        -0        -0
       -0        -0        -0        -0        -0        -0        -0        -0        -0        -0        -0        -0        -0        -0        -0        -0        -0        -0        -0        -0        -0        -0        -0        -0        -0  -2.98102  0.723972 -0.565344  -2.81355  0.802849  -2.46955   0.81394  -1.07596   0.37886  -1.93558  -1.99643  0.882336 -0.788004  -1.38917  -2.23139  -2.97754  0.387691  -2.49108  -1.94083  -2.79104  -1.91381  -2.76962  0.521259  -1.85689 -0.624827
        -0         -0         -0         -0         -0         -0         -0         -0         -0         -0         -0         -0         -0         -0         -0         -0         -0         -0         -0         -0         -0         -0         -0         -0         -0   0.723972   -1.14196   -2.57944  -0.560367   -1.28667   -1.34072   -1.89736   -2.77103   -1.56107    -2.7279   -1.99811   -1.56807   0.163132   -1.61284   -2.97388 -0.0647382 -0.0104273    0.60346   -1.41151   -2.07383  -0.635156    -2.9129   -2.61861   0.522407   -1.69159
        -0         -0         -0         -0         -0         -0         -0         -0         -0         -0         -0         -0         -0         -0         -0         -0         -0         -0         -0         -0         -0         -0         -0         -0         -0  -0.565344   -2.57944   -2.84221   -2.72305   0.136632   0.278259   -2.02618 0.00611949   -2.64157    -1.9849  -0.679227    -2.0519  -0.369221   -1.77227   -1.36974  -0.153783   -1.26161   -1.43257   -2.08243  -0.248646   0.455021   0.990553   0.614934   0.274135 -0.0559853
        -0         -0         -0         -0         -0         -0         -0         -0         -0         -0         -0         -0         -0         -0         -0         -0         -0         -0         -0         -0         -0         -0         -0         -0         -0   -2.81355  -0.560367   -2.72305   -2.79771   -2.62761   -2.05647   -1.55809  -0.584978    0.34998   -2.90141   -2.41766   -2.71415   -2.90758 -0.0258167   0.479291   0.477611    -1.3899  -0.936227   -1.23596  -0.507862   -2.36682   0.129036   -2.88616   -1.21372   0.278396
       -0        -0        -0        -0        -0        -0        -0        -0        -0        -0        -0        -0        -0        -0        -0        -0        -0        -0        -0        -0        -0        -0        -0        -0        -0  0.802849  -1.28667  0.136632  -2.62761  -1.68505  -2.98668  0.107683  -1.77884  -1.80379 -0.674869  0.141643  -2.89892 -0.225493  -1.06203  -1.55106  -2.15638 -0.346113  0.694078  0.942127  -1.60138  -2.83786  -2.33638 -0.111328  -1.17375  -1.42289
       -0        -0        -0        -0        -0        -0        -0        -0        -0        -0        -0        -0        -0        -0        -0        -0        -0        -0        -0        -0        -0        -0        -0        -0        -0  -2.46955  -1.34072  0.278259  -2.05647  -2.98668  -2.13417 -0.821216  -2.12551 0.0925746  -2.52383 -0.666567  0.477616  -2.71852  0.916313  -2.67891  -2.72769 -0.901187 -0.990602  -1.17452  -2.10855  -1.03618  -2.90257  -1.95752   0.17477 -0.893235
       -0        -0        -0        -0        -0        -0        -0        -0        -0        -0        -0        -0        -0        -0        -0        -0        -0        -0        -0        -0        -0        -0        -0        -0        -0   0.81394  -1.89736  -2.02618  -1.55809  0.107683 -0.821216  -1.02763 -0.771038  -1.72598  0.477452  -1.35324  -1.71058  0.974759  -1.81382  -1.90988  -2.75378  -1.36745  -1.54854 -0.727037  0.551308  -2.15785  -2.78477  -2.65578  -1.69247  -2.57849
