50
1
50
  0.0115351   -0.116541    0.105475    0.426924   -0.025452   0.0830362    -0.20128   -0.129421  -0.0611019  -0.0155523  -0.0223481  -0.0453069   -0.245284  -0.0321056    0.157033    0.191857  -0.0510499    -0.05141 -0.00933822    0.080992  -0.0360187   0.0912278     0.16789   -0.270306  -0.0355617   0.0291077   0.0713178    0.311894    0.386349  -0.0397128   0.0208793 6.65517e-05   -0.101796   0.0782288   -0.202286   0.0986042   0.0298546   0.0498092   -0.143751    0.154053   0.0117701   0.0509267  -0.0827037   0.0797852    0.108831  -0.0671145    0.123224   -0.225871   0.0720334   0.0424806
-137.553 -53.4042 -79.0592 -60.7944 -60.7667 -49.5638 -74.1406 -66.5615 -66.1111 -70.9432 -69.4905 -49.6602 -92.2668 -34.9247 -55.1122 -78.4145 -49.6612 -74.0857 -82.8785 -49.7199 -59.9465 -61.0818 -46.6602 -77.4805 -81.8946 -54.0547 -79.9687 -57.5724  -71.331 -72.4884 -89.4027 -57.7534 -77.4745 -59.3155 -88.4509 -70.9973 -42.6791 -64.8509 -35.8093 -54.5658 -55.1673 -61.4267 -58.7629 -81.2193 -67.0224 -69.4779 -69.3029 -55.5392 -39.7104 -69.9562
-53.4042 -86.6179 -35.9127 -43.8348 -41.6759 -42.3001 -29.9022 -30.6875 -22.8166 -36.6406 -47.5312 -28.5964 -46.2028 -18.2283 -40.1196 -44.2515 -25.1422 -46.2379 -49.6423 -4.37575 -27.3678 -38.9514 -33.8305 -40.8106 -43.6333 -11.3938 -57.0514 -30.0878  -30.351 -41.2894 -28.7273 -34.2779 -49.0584 -18.2938 -33.9896 -38.0973 -41.2253 -33.9405 -11.6568 -22.8943 -33.9299 -31.1395  -29.451 -35.7701 -31.6558 -41.1103 -33.1871 -27.9784 -17.5313 -43.2553
-79.0592 -35.9127 -137.651 -55.9766 -50.6364 -59.9014 -73.9882 -75.3705  -79.452 -66.8745 -67.4402 -56.1723  -66.788 -51.8034 -49.3237 -92.5421 -55.6488 -63.4543 -75.7826 -35.5629 -59.1262 -49.1641 -47.0092 -67.6193 -68.3591 -43.4869 -57.7776 -58.6399 -56.5592 -43.9727 -54.5087 -52.4667  -67.273 -53.1041 -83.2007 -67.9108 -60.2722 -48.9675 -64.7532 -39.7526 -32.5054 -44.6369 -53.2651 -64.3532 -57.9257 -80.7518 -73.4825 -49.2235 -47.7222  -71.831
-60.7944 -43.8348 -55.9766 -100.475 -56.1312 -49.9863 -63.3759  -60.364 -49.7347 -46.7545 -72.9162 -51.9013 -72.6264 -43.3475 -46.9713 -66.8067 -53.1765 -60.0008  -68.485 -41.7212 -58.2112 -56.6582 -54.0666 -63.7498 -71.3195 -37.8423 -60.0962 -70.1234 -59.0898 -54.6777 -63.9347 -72.6902 -57.8725 -25.6625 -68.7318 -56.6517 -59.6091 -57.5303 -36.6113 -61.4692 -41.0656 -41.2542 -35.5987 -69.6634 -52.1063 -58.7296  -53.126 -45.2499 -51.3851 -66.9728
-60.7667 -41.6759 -50.6364 -56.1312 -114.383 -52.9482 -65.5351 -66.6942 -38.7917 -54.4599  -68.832 -43.0938 -72.5103 -53.3384 -48.8636 -56.9076 -29.5509 -56.8558 -70.0421 -30.9265 -49.6085 -27.6584 -50.2455 -55.2693 -43.8484 -38.4982 -60.2837 -55.7178 -57.6069 -58.7799 -65.7307 -52.7848 -62.7029 -46.9824 -53.8267 -52.3509 -49.1509 -36.7162 -39.9363 -32.5498 -45.4766 -40.6789 -43.5036 -65.2396 -46.7992 -37.6428 -66.3849 -24.0198 -40.3304 -52.7972
-49.5638 -42.3001 -59.9014 -49.9863 -52.9482  -102.21  -55.064 -57.4948 -43.8035 -68.7166 -46.9003 -35.8355  -74.333 -49.1888 -40.5377 -65.7707 -34.9063 -70.5751 -64.3089 -18.7248 -42.3158 -44.0878 -38.1297 -34.4716 -55.7834 -58.6153 -38.8096 -62.1479 -64.5368 -50.5762 -39.5757 -48.3242 -57.2188 -23.0292 -57.1283 -39.0165 -43.4138 -32.4149 -20.2697 -35.8987 -27.1706 -33.1113 -38.1827 -74.5627 -45.1908 -31.1577 -71.3174 -21.0091 -32.8353 -57.4522
-74.1406 -29.9022 -73.9882 -63.3759 -65.5351  -55.064 -142.556  -79.169 -64.8314 -52.5113 -62.1573 -73.9514 -79.7532 -40.4227 -44.0519 -80.7425 -69.1529 -70.9914 -62.5758 -59.9432 -53.3037 -42.1516 -59.3694 -74.7818 -74.7797 -60.9295 -56.0084 -75.8371 -66.2367 -60.7788 -78.5911 -65.8066 -81.1558 -53.9845 -80.4245 -72.9538 -66.7595  -51.805 -43.7542 -42.8166  -28.953 -59.2787 -59.5834 -75.7218 -56.7479 -59.8894 -76.2097 -59.2276 -68.2648 -69.1607
-66.5615 -30.6875 -75.3705  -60.364 -66.6942 -57.4948  -79.169 -136.584 -67.9331 -62.9261 -81.9099 -65.0601 -76.4937 -63.9972  -44.236 -81.3564 -50.0695 -57.8786 -62.7419  -55.085 -63.5139 -54.2764 -43.1026 -71.5725 -75.6189 -51.5964 -65.6098 -67.5216 -67.2833  -54.912 -47.0836 -45.4877 -90.9069 -55.3169 -70.9162   -56.21 -52.4996  -45.928 -40.2891 -43.5647 -49.5888 -48.6681 -50.9515 -79.9264 -56.6333 -56.5515 -73.3908 -65.8218 -46.3309 -59.3415
-66.1111 -22.8166  -79.452 -49.7347 -38.7917 -43.8035 -64.8314 -67.9331 -105.972 -58.8533  -59.425 -65.0072 -56.3102 -32.0492 -42.0531 -79.0623 -53.9268 -65.6215 -62.6363 -36.6423 -64.0494 -50.1359 -53.4139 -68.7662 -53.2866  -52.354 -55.8965  -62.198 -52.9014 -51.9998 -59.1881 -60.2009 -63.2278 -43.3505 -62.4574 -53.3945 -38.5594 -47.2136 -34.7844  -36.965 -43.5335 -46.7768 -46.6703 -75.8126 -35.0087 -48.7859 -59.3068  -43.867 -38.2889 -58.3398
-70.9432 -36.6406 -66.8745 -46.7545 -54.4599 -68.7166 -52.5113 -62.9261 -58.8533 -134.971 -51.1633 -51.1738 -93.0581 -46.9821 -39.9936 -76.8682 -57.4423 -68.3724 -91.8166 -25.9258 -49.8097 -40.1028 -64.8162 -52.2271 -65.8893 -59.4108 -59.4757  -60.923 -61.6392 -73.2749 -63.0354 -55.2545 -44.1444  -60.312 -70.7087 -47.0966 -38.4163 -49.8577 -27.7119 -36.1761 -45.2644 -52.4197 -62.0655 -68.2228 -33.8554 -55.9332 -87.9145  -54.333 -49.8944 -40.0931
-69.4905 -47.5312 -67.4402 -72.9162  -68.832 -46.9003 -62.1573 -81.9099  -59.425 -51.1633 -128.082  -47.579 -71.4821 -57.9103 -41.6343 -70.6481 -58.5577 -65.6007 -81.4872 -45.0376  -76.457 -59.1666 -55.0258 -82.0205  -78.229 -32.2726 -76.7898 -68.5122 -73.8633 -64.9829  -66.414 -67.5772 -65.2941 -42.6278 -72.0925 -71.3031  -59.923 -52.5829 -55.1467 -60.7013 -49.5764 -58.6168 -62.9677 -60.6335 -73.6658 -60.1139 -66.8878 -30.6535 -40.4639 -79.1786
-49.6602 -28.5964 -56.1723 -51.9013 -43.0938 -35.8355 -73.9514 -65.0601 -65.0072 -51.1738  -47.579 -105.946 -64.7285  -38.497 -44.3476  -58.374  -41.351 -61.7829 -72.5241 -44.8615 -63.8886 -49.3695 -65.1754 -65.8046 -59.4395 -46.7827 -47.9782 -57.5095 -63.4285 -53.0337 -50.1108 -72.9373 -72.6468 -45.0637 -55.4474 -51.6196 -38.4935 -44.6268 -40.7275 -35.4116 -46.2094 -54.5854 -41.3989 -83.0156 -27.5261 -62.1373 -46.0551 -56.1647 -53.4337  -42.059
-92.2668 -46.2028  -66.788 -72.6264 -72.5103  -74.333 -79.7532 -76.4937 -56.3102 -93.0581 -71.4821 -64.7285 -158.333 -53.5894 -75.8107 -76.8384 -78.7181 -77.5668 -86.6114 -50.8475 -58.0894 -64.3673 -58.2248 -72.9869 -101.025 -71.0398 -78.5748  -80.334 -95.6709 -84.0609 -84.9798 -68.6299 -78.6677  -70.409 -96.9149 -75.1748 -56.6635 -69.0184 -45.7247 -66.6178 -43.1163 -57.6789 -67.1385 -84.1216 -80.1577 -92.2426 -96.3675 -64.3547 -59.4724 -71.5789
-34.9247 -18.2283 -51.8034 -43.3475 -53.3384 -49.1888 -40.4227 -63.9972 -32.0492 -46.9821 -57.9103  -38.497 -53.5894 -85.6214 -27.5225 -46.0526 -23.8671 -43.2273 -54.9549 -31.4074 -46.1882 -36.4752 -31.7757 -38.3133 -50.9683 -30.5387 -24.9559 -42.4374 -53.2873  -37.765 -29.1471 -36.0686 -42.8322 -27.7094 -43.8407 -23.6399 -37.5354 -25.0071 -32.4273 -33.8371 -28.5655 -25.0219 -23.8189 -44.7104 -36.7105 -20.9878 -57.2695 -22.7458 -25.5697 -43.6029
-55.1122 -40.1196 -49.3237 -46.9713 -48.8636 -40.5377 -44.0519  -44.236 -42.0531 -39.9936 -41.6343 -44.3476 -75.8107 -27.5225 -96.5841 -52.6866 -50.8502 -61.1113 -68.3614 -41.3033 -38.2155  -44.388 -41.9088 -53.8807 -54.7598 -44.3084 -69.1687  -44.989 -37.9796 -47.9798 -44.1834 -36.0662 -68.3109 -41.5222 -48.2695   -39.18 -57.0684 -53.2747 -34.6038 -45.9823 -33.0166 -40.2796 -29.1462 -65.4926 -58.0435 -52.0767 -46.4285 -34.1958 -35.8457 -52.0674
-78.4145 -44.2515 -92.5421 -66.8067 -56.9076 -65.7707 -80.7425 -81.3564 -79.0623 -76.8682 -70.6481  -58.374 -76.8384 -46.0526 -52.6866 -131.347 -57.5274 -76.9881 -70.0476 -37.9973 -72.2149 -51.4369 -57.8916  -73.404 -81.1975 -51.0753  -80.197  -68.144 -65.6138 -46.3896 -71.1914 -69.1171 -65.1824 -42.6179  -69.551 -69.1349 -50.9613 -50.0241 -43.0899 -52.8601 -43.2408 -53.0235 -60.8684 -70.9878 -40.4788 -70.8069 -92.4356  -51.988 -53.5793 -66.8827
-49.6612 -25.1422 -55.6488 -53.1765 -29.5509 -34.9063 -69.1529 -50.0695 -53.9268 -57.4423 -58.5577  -41.351 -78.7181 -23.8671 -50.8502 -57.5274 -99.5479 -55.6531 -37.9759 -38.8924 -35.8394 -47.1685 -37.9851 -53.7511 -61.8812  -49.273 -58.5711 -43.6068 -48.0044 -36.0774  -54.078 -50.1014 -50.2273 -41.2983 -64.7836 -42.9018 -58.2475 -43.2767 -40.6215 -49.6094 -29.5639 -44.7446 -50.8544 -44.8633 -54.0877 -67.6509 -55.2848 -62.9944 -37.0867 -57.3851
-74.0857 -46.2379 -63.4543 -60.0008 -56.8558 -70.5751 -70.9914 -57.8786 -65.6215 -68.3724 -65.6007 -61.7829 -77.5668 -43.2273 -61.1113 -76.9881 -55.6531 -127.825 -80.2321  -37.483 -53.1218 -63.6392 -58.7986 -77.7637 -61.6906 -67.4677 -81.6573 -56.9848 -75.5751 -71.8926 -72.6892 -73.2452 -76.0058 -47.5517 -78.0196 -53.4272 -50.8277 -53.4723  -37.661 -70.6056 -31.2762 -61.3815 -50.1728 -87.0006 -57.6119 -54.6805 -75.4495 -47.1787 -45.7655 -77.2036
-82.8785 -49.6423 -75.7826  -68.485 -70.0421 -64.3089 -62.5758 -62.7419 -62.6363 -91.8166 -81.4872 -72.5241 -86.6114 -54.9549 -68.3614 -70.0476 -37.9759 -80.2321 -164.521 -42.0491 -90.8277 -55.2576  -91.611 -73.4382 -70.7162 -52.3282 -80.0386 -94.0932 -74.3713 -104.489 -75.5287  -79.197 -70.3136 -56.0879 -69.7804 -74.6429 -57.9876 -58.9096 -58.3095 -47.0161 -56.4138 -56.2031 -54.6187 -75.6634 -64.0685  -64.406 -80.3607 -32.8537 -80.4143 -73.2399
-49.7199 -4.37575 -35.5629 -41.7212 -30.9265 -18.7248 -59.9432  -55.085 -36.6423 -25.9258 -45.0376 -44.8615 -50.8475 -31.4074 -41.3033 -37.9973 -38.8924  -37.483 -42.0491 -95.8123 -38.0773 -32.0962 -28.3654 -52.9547  -50.093 -40.2104  -49.985 -39.9265 -46.0623 -42.9369 -52.9923 -23.0584 -53.7545 -31.4526 -50.2631 -44.2793 -32.6365 -42.4675 -25.2713 -36.3459 -38.0029  -51.272 -30.7586 -52.8293 -62.4916   -36.79 -42.7869 -35.7287 -38.7353 -51.9863
-59.9465 -27.3678 -59.1262 -58.2112 -49.6085 -42.3158 -53.3037 -63.5139 -64.0494 -49.8097  -76.457 -63.8886 -58.0894 -46.1882 -38.2155 -72.2149 -35.8394 -53.1218 -90.8277 -38.0773 -125.384 -48.7172 -49.3988 -71.4236 -48.1572 -46.4126 -61.3063 -73.1713 -71.2296 -52.7211 -60.0853 -60.9943 -64.1374 -30.2684 -49.6316 -61.3942 -41.6665 -40.0102 -52.2964 -44.3559 -53.3742  -52.366 -52.4963 -66.0323 -42.8069 -48.6617 -68.8822 -33.3913 -41.7433 -56.0355
-61.0818 -38.9514 -49.1641 -56.6582 -27.6584 -44.0878 -42.1516 -54.2764 -50.1359 -40.1028 -59.1666 -49.3695 -64.3673 -36.4752  -44.388 -51.4369 -47.1685 -63.6392 -55.2576 -32.0962 -48.7172 -101.953 -26.6883 -48.6687 -61.9925 -36.2897 -57.9572 -35.8419 -56.4071 -56.9471 -40.3412 -63.6687 -60.7778 -32.8723 -64.7396 -32.8048 -40.8944 -50.1103 -28.0745 -57.2009 -30.9201 -50.1155 -28.6563 -72.8105 -45.7959 -56.1364 -40.9074 -45.8559 -39.0342 -55.9791
-46.6602 -33.8305 -47.0092 -54.0666 -50.2455 -38.1297 -59.3694 -43.1026 -53.4139 -64.8162 -55.0258 -65.1754 -58.2248 -31.7757 -41.9088 -57.8916 -37.9851 -58.7986  -91.611 -28.3654 -49.3988 -26.6883  -112.54 -62.3298 -63.5474 -33.0544 -50.0129 -48.0899 -43.3015 -69.8685 -55.8923  -64.426 -46.2479 -60.4481  -51.069 -60.8711 -53.8663 -37.2286 -29.8369 -32.2786 -49.7525 -35.2259 -42.3554 -66.0375 -32.9372 -49.9164 -67.3307 -34.4569 -60.6092 -46.4213
-77.4805 -40.8106 -67.6193 -63.7498 -55.2693 -34.4716 -74.7818 -71.5725 -68.7662 -52.2271 -82.0205 -65.8046 -72.9869 -38.3133 -53.8807  -73.404 -53.7511 -77.7637 -73.4382 -52.9547 -71.4236 -48.6687 -62.3298  -138.79 -80.5578 -53.5459 -84.8558 -63.0455 -61.1043 -65.5891 -77.8504 -54.2333 -81.9279 -56.1955 -57.6227 -68.3038  -39.488 -65.4008 -44.6862 -57.6898 -31.6346 -53.5061 -48.5276 -76.1341 -56.4854 -66.2745 -68.4092 -50.1385 -33.9032 -51.0061
-81.8946 -43.6333 -68.3591 -71.3195 -43.8484 -55.7834 -74.7797 -75.6189 -53.2866 -65.8893  -78.229 -59.4395 -101.025 -50.9683 -54.7598 -81.1975 -61.8812 -61.6906 -70.7162  -50.093 -48.1572 -61.9925 -63.5474 -80.5578 -132.082 -43.2109 -59.5742 -68.9456 -70.7936 -58.5714 -65.7118 -58.6552 -71.3228 -47.3608 -81.6766 -66.7092 -61.1855 -60.0948 -28.4333 -56.6538 -34.7366 -47.7164 -36.7213 -84.6338 -60.2328 -75.9907  -80.563 -52.8346 -54.9949 -66.3851
-54.0547 -11.3938 -43.4869 -37.8423 -38.4982 -58.6153 -60.9295 -51.5964  -52.354 -59.4108 -32.2726 -46.7827 -71.0398 -30.5387 -44.3084 -51.0753  -49.273 -67.4677 -52.3282 -40.2104 -46.4126 -36.2897 -33.0544 -53.5459 -43.2109 -105.075 -50.4612  -60.909 -61.1462 -39.1786 -60.2305 -49.5338 -60.1442 -42.6964  -40.531 -40.3574 -21.7207 -51.6021 -30.1245 -32.2288 -35.0623 -44.8586 -52.9775   -66.64 -45.3802 -33.8995 -64.4788 -47.0342  -39.568 -36.2875
-79.9687 -57.0514 -57.7776 -60.0962 -60.2837 -38.8096 -56.0084 -65.6098 -55.8965 -59.4757 -76.7898 -47.9782 -78.5748 -24.9559 -69.1687  -80.197 -58.5711 -81.6573 -80.0386  -49.985 -61.3063 -57.9572 -50.0129 -84.8558 -59.5742 -50.4612 -142.439 -57.9777 -64.0947 -61.0891 -81.9477 -60.6186 -70.6012  -44.252 -58.8098 -61.9496 -46.3852 -60.6782 -46.2291 -66.2457 -52.5145 -58.9874 -54.5065 -66.6076 -58.6861 -66.7161 -64.8088  -49.442 -38.3923  -65.737
-57.5724 -30.0878 -58.6399 -70.1234 -55.7178 -62.1479 -75.8371 -67.5216  -62.198  -60.923 -68.5122 -57.5095  -80.334 -42.4374  -44.989  -68.144 -43.6068 -56.9848 -94.0932 -39.9265 -73.1713 -35.8419 -48.0899 -63.0455 -68.9456  -60.909 -57.9777 -125.508 -63.1204 -59.8579 -68.3796 -68.5815 -58.0896 -30.4945 -55.4809 -61.0736 -46.1896 -61.0555  -45.479 -53.7239 -28.5452 -36.1963  -53.981 -63.7117 -54.8505 -46.8708  -70.454 -31.5604 -58.1634 -60.7133
 -71.331  -30.351 -56.5592 -59.0898 -57.6069 -64.5368 -66.2367 -67.2833 -52.9014 -61.6392 -73.8633 -63.4285 -95.6709 -53.2873 -37.9796 -65.6138 -48.0044 -75.5751 -74.3713 -46.0623 -71.2296 -56.4071 -43.3015 -61.1043 -70.7936 -61.1462 -64.0947 -63.1204 -124.075 -59.0417 -73.6287 -69.9929 -65.0107 -42.0363 -81.2757 -61.5802 -38.4086 -42.4158   -49.42 -47.9555 -39.6743 -56.0969 -62.0422 -71.7205 -67.6544 -61.9345 -69.0056 -44.8059 -36.8571 -75.6897
-72.4884 -41.2894 -43.9727 -54.6777 -58.7799 -50.5762 -60.7788  -54.912 -51.9998 -73.2749 -64.9829 -53.0337 -84.0609  -37.765 -47.9798 -46.3896 -36.0774 -71.8926 -104.489 -42.9369 -52.7211 -56.9471 -69.8685 -65.5891 -58.5714 -39.1786 -61.0891 -59.8579 -59.0417 -127.514 -72.0785 -44.7882  -68.287  -53.557  -61.211 -58.7302 -43.2006 -49.0127 -34.0346   -42.42 -32.2923 -45.1103 -43.3078  -59.967 -57.4259 -30.0316 -59.9776 -27.8629 -48.4678  -64.055
-89.4027 -28.7273 -54.5087 -63.9347 -65.7307 -39.5757 -78.5911 -47.0836 -59.1881 -63.0354  -66.414 -50.1108 -84.9798 -29.1471 -44.1834 -71.1914  -54.078 -72.6892 -75.5287 -52.9923 -60.0853 -40.3412 -55.8923 -77.8504 -65.7118 -60.2305 -81.9477 -68.3796 -73.6287 -72.0785 -141.383 -62.7256 -73.6105 -43.7625 -77.5864 -72.0389 -49.8322 -61.1698 -38.1844 -52.8564 -40.0688  -53.669 -60.5536 -68.9951 -65.6801 -44.8308 -75.6622 -52.5861 -56.9997 -75.0078
-57.7534 -34.2779 -52.4667 -72.6902 -52.7848 -48.3242 -65.8066 -45.4877 -60.2009 -55.2545 -67.5772 -72.9373 -68.6299 -36.0686 -36.0662 -69.1171 -50.1014 -73.2452  -79.197 -23.0584 -60.9943 -63.6687  -64.426 -54.2333 -58.6552 -49.5338 -60.6186 -68.5815 -69.9929 -44.7882 -62.7256 -131.214 -41.9032 -34.2248 -61.0502 -51.8179  -47.145 -40.4688 -42.4211 -53.4392 -44.9985 -56.6643 -57.0376 -76.0323 -23.1885  -61.897 -54.3174 -41.0055 -68.0254 -52.5687
-77.4745 -49.0584  -67.273 -57.8725 -62.7029 -57.2188 -81.1558 -90.9069 -63.2278 -44.1444 -65.2941 -72.6468 -78.6677 -42.8322 -68.3109 -65.1824 -50.2273 -76.0058 -70.3136 -53.7545 -64.1374 -60.7778 -46.2479 -81.9279 -71.3228 -60.1442 -70.6012 -58.0896 -65.0107  -68.287 -73.6105 -41.9032 -137.754 -44.0613 -70.5309 -64.2047 -61.5597 -43.1484 -37.8565 -48.4161 -44.6401 -55.9174  -30.628 -95.5286 -61.2292 -54.1048 -59.8583 -65.5622 -50.7657 -69.5273
-59.3155 -18.2938 -53.1041 -25.6625 -46.9824 -23.0292 -53.9845 -55.3169 -43.3505  -60.312 -42.6278 -45.0637  -70.409 -27.7094 -41.5222 -42.6179 -41.2983 -47.5517 -56.0879 -31.4526 -30.2684 -32.8723 -60.4481 -56.1955 -47.3608 -42.6964  -44.252 -30.4945 -42.0363  -53.557 -43.7625 -34.2248 -44.0613 -103.851 -57.5392  -50.548 -24.8449 -49.8988 -34.7657 -34.2674 -26.5007 -35.9566 -61.9885 -55.7487  -49.489 -52.0582 -59.7622 -50.5691 -38.4833 -33.2899
-88.4509 -33.9896 -83.2007 -68.7318 -53.8267 -57.1283 -80.4245 -70.9162 -62.4574 -70.7087 -72.0925 -55.4474 -96.9149 -43.8407 -48.2695  -69.551 -64.7836 -78.0196 -69.7804 -50.2631 -49.6316 -64.7396  -51.069 -57.6227 -81.6766  -40.531 -58.8098 -55.4809 -81.2757  -61.211 -77.5864 -61.0502 -70.5309 -57.5392 -128.462 -66.5203 -66.4343 -64.0771 -38.2547 -62.1887 -39.0062 -66.2548 -46.7356 -90.9598 -71.2699 -86.3245 -78.3166 -58.5692 -53.5859   -84.28
-70.9973 -38.0973 -67.9108 -56.6517 -52.3509 -39.0165 -72.9538   -56.21 -53.3945 -47.0966 -71.3031 -51.6196 -75.1748 -23.6399   -39.18 -69.1349 -42.9018 -53.4272 -74.6429 -44.2793 -61.3942 -32.8048 -60.8711 -68.3038 -66.7092 -40.3574 -61.9496 -61.0736 -61.5802 -58.7302 -72.0389 -51.8179 -64.2047  -50.548 -66.5203 -116.312 -43.1339 -58.1244 -30.9693 -37.8768 -44.8348 -58.1362 -66.9276 -62.1769 -55.0153 -59.6648 -65.6045 -48.3063 -46.6352 -73.5398
-42.6791 -41.2253 -60.2722 -59.6091 -49.1509 -43.4138 -66.7595 -52.4996 -38.5594 -38.4163  -59.923 -38.4935 -56.6635 -37.5354 -57.0684 -50.9613 -58.2475 -50.8277 -57.9876 -32.6365 -41.6665 -40.8944 -53.8663  -39.488 -61.1855 -21.7207 -46.3852 -46.1896 -38.4086 -43.2006 -49.8322  -47.145 -61.5597 -24.8449 -66.4343 -43.1339 -114.418 -37.3405 -36.3668 -40.3862 -34.4427  -36.873 -30.4679 -48.1641 -63.2459  -51.127 -60.0964  -35.593  -48.065 -65.9965
-64.8509 -33.9405 -48.9675 -57.5303 -36.7162 -32.4149  -51.805  -45.928 -47.2136 -49.8577 -52.5829 -44.6268 -69.0184 -25.0071 -53.2747 -50.0241 -43.2767 -53.4723 -58.9096 -42.4675 -40.0102 -50.1103 -37.2286 -65.4008 -60.0948 -51.6021 -60.6782 -61.0555 -42.4158 -49.0127 -61.1698 -40.4688 -43.1484 -49.8988 -64.0771 -58.1244 -37.3405 -109.315  -28.224 -53.5238 -36.6418 -57.2303 -53.5072 -67.3314 -55.5005   -52.47 -42.3939 -49.8006 -26.1067 -48.5382
-35.8093 -11.6568 -64.7532 -36.6113 -39.9363 -20.2697 -43.7542 -40.2891 -34.7844 -27.7119 -55.1467 -40.7275 -45.7247 -32.4273 -34.6038 -43.0899 -40.6215  -37.661 -58.3095 -25.2713 -52.2964 -28.0745 -29.8369 -44.6862 -28.4333 -30.1245 -46.2291  -45.479   -49.42 -34.0346 -38.1844 -42.4211 -37.8565 -34.7657 -38.2547 -30.9693 -36.3668  -28.224 -86.1664 -46.7563  -17.858 -20.3357 -37.9496 -27.3754 -53.1156 -61.0762 -30.3116 -28.5001 -37.9673 -38.1984
-54.5658 -22.8943 -39.7526 -61.4692 -32.5498 -35.8987 -42.8166 -43.5647  -36.965 -36.1761 -60.7013 -35.4116 -66.6178 -33.8371 -45.9823 -52.8601 -49.6094 -70.6056 -47.0161 -36.3459 -44.3559 -57.2009 -32.2786 -57.6898 -56.6538 -32.2288 -66.2457 -53.7239 -47.9555   -42.42 -52.8564 -53.4392 -48.4161 -34.2674 -62.1887 -37.8768 -40.3862 -53.5238 -46.7563 -112.599 -19.2324 -28.7135 -37.0077  -67.686 -53.9134 -59.3397 -43.8443 -40.9049 -35.0881 -50.3456
-55.1673 -33.9299 -32.5054 -41.0656 -45.4766 -27.1706  -28.953 -49.5888 -43.5335 -45.2644 -49.5764 -46.2094 -43.1163 -28.5655 -33.0166 -43.2408 -29.5639 -31.2762 -56.4138 -38.0029 -53.3742 -30.9201 -49.7525 -31.6346 -34.7366 -35.0623 -52.5145 -28.5452 -39.6743 -32.2923 -40.0688 -44.9985 -44.6401 -26.5007 -39.0062 -44.8348 -34.4427 -36.6418  -17.858 -19.2324 -95.6055 -47.5196 -41.8441 -46.3871 -33.4734 -45.5268  -42.237 -36.8931 -32.4426 -43.4251
-61.4267 -31.1395 -44.6369 -41.2542 -40.6789 -33.1113 -59.2787 -48.6681 -46.7768 -52.4197 -58.6168 -54.5854 -57.6789 -25.0219 -40.2796 -53.0235 -44.7446 -61.3815 -56.2031  -51.272  -52.366 -50.1155 -35.2259 -53.5061 -47.7164 -44.8586 -58.9874 -36.1963 -56.0969 -45.1103  -53.669 -56.6643 -55.9174 -35.9566 -66.2548 -58.1362  -36.873 -57.2303 -20.3357 -28.7135 -47.5196  -89.871 -45.3753 -69.6529 -32.2921 -52.3208 -46.9405 -46.5756 -37.3779  -51.532
-58.7629  -29.451 -53.2651 -35.5987 -43.5036 -38.1827 -59.5834 -50.9515 -46.6703 -62.0655 -62.9677 -41.3989 -67.1385 -23.8189 -29.1462 -60.8684 -50.8544 -50.1728 -54.6187 -30.7586 -52.4963 -28.6563 -42.3554 -48.5276 -36.7213 -52.9775 -54.5065  -53.981 -62.0422 -43.3078 -60.5536 -57.0376  -30.628 -61.9885 -46.7356 -66.9276 -30.4679 -53.5072 -37.9496 -37.0077 -41.8441 -45.3753 -116.705 -25.8679 -56.9608 -40.9016 -60.0714 -40.7337 -32.3436 -52.3422
-81.2193 -35.7701 -64.3532 -69.6634 -65.2396 -74.5627 -75.7218 -79.9264 -75.8126 -68.2228 -60.6335 -83.0156 -84.1216 -44.7104 -65.4926 -70.9878 -44.8633 -87.0006 -75.6634 -52.8293 -66.0323 -72.8105 -66.0375 -76.1341 -84.6338   -66.64 -66.6076 -63.7117 -71.7205  -59.967 -68.9951 -76.0323 -95.5286 -55.7487 -90.9598 -62.1769 -48.1641 -67.3314 -27.3754  -67.686 -46.3871 -69.6529 -25.8679 -166.829 -44.0036 -55.2467 -61.5193 -56.9106 -48.7022 -58.5253
-67.0224 -31.6558 -57.9257 -52.1063 -46.7992 -45.1908 -56.7479 -56.6333 -35.0087 -33.8554 -73.6658 -27.5261 -80.1577 -36.7105 -58.0435 -40.4788 -54.0877 -57.6119 -64.0685 -62.4916 -42.8069 -45.7959 -32.9372 -56.4854 -60.2328 -45.3802 -58.6861 -54.8505 -67.6544 -57.4259 -65.6801 -23.1885 -61.2292  -49.489 -71.2699 -55.0153 -63.2459 -55.5005 -53.1156 -53.9134 -33.4734 -32.2921 -56.9608 -44.0036 -129.405 -62.4235 -55.9957 -29.7388 -31.2566 -76.0682
-69.4779 -41.1103 -80.7518 -58.7296 -37.6428 -31.1577 -59.8894 -56.5515 -48.7859 -55.9332 -60.1139 -62.1373 -92.2426 -20.9878 -52.0767 -70.8069 -67.6509 -54.6805  -64.406   -36.79 -48.6617 -56.1364 -49.9164 -66.2745 -75.9907 -33.8995 -66.7161 -46.8708 -61.9345 -30.0316 -44.8308  -61.897 -54.1048 -52.0582 -86.3245 -59.6648  -51.127   -52.47 -61.0762 -59.3397 -45.5268 -52.3208 -40.9016 -55.2467 -62.4235 -146.708  -69.698 -69.6164 -61.1375 -54.8108
-69.3029 -33.1871 -73.4825  -53.126 -66.3849 -71.3174 -76.2097 -73.3908 -59.3068 -87.9145 -66.8878 -46.0551 -96.3675 -57.2695 -46.4285 -92.4356 -55.2848 -75.4495 -80.3607 -42.7869 -68.8822 -40.9074 -67.3307 -68.4092  -80.563 -64.4788 -64.8088  -70.454 -69.0056 -59.9776 -75.6622 -54.3174 -59.8583 -59.7622 -78.3166 -65.6045 -60.0964 -42.3939 -30.3116 -43.8443  -42.237 -46.9405 -60.0714 -61.5193 -55.9957  -69.698  -147.51 -43.4847 -62.2813 -78.5601
-55.5392 -27.9784 -49.2235 -45.2499 -24.0198 -21.0091 -59.2276 -65.8218  -43.867  -54.333 -30.6535 -56.1647 -64.3547 -22.7458 -34.1958  -51.988 -62.9944 -47.1787 -32.8537 -35.7287 -33.3913 -45.8559 -34.4569 -50.1385 -52.8346 -47.0342  -49.442 -31.5604 -44.8059 -27.8629 -52.5861 -41.0055 -65.5622 -50.5691 -58.5692 -48.3063  -35.593 -49.8006 -28.5001 -40.9049 -36.8931 -46.5756 -40.7337 -56.9106 -29.7388 -69.6164 -43.4847 -107.391 -41.0866 -45.7696
-39.7104 -17.5313 -47.7222 -51.3851 -40.3304 -32.8353 -68.2648 -46.3309 -38.2889 -49.8944 -40.4639 -53.4337 -59.4724 -25.5697 -35.8457 -53.5793 -37.0867 -45.7655 -80.4143 -38.7353 -41.7433 -39.0342 -60.6092 -33.9032 -54.9949  -39.568 -38.3923 -58.1634 -36.8571 -48.4678 -56.9997 -68.0254 -50.7657 -38.4833 -53.5859 -46.6352  -48.065 -26.1067 -37.9673 -35.0881 -32.4426 -37.3779 -32.3436 -48.7022 -31.2566 -61.1375 -62.2813 -41.0866 -125.535 -38.4766
-69.9562 -43.2553  -71.831 -66.9728 -52.7972 -57.4522 -69.1607 -59.3415 -58.3398 -40.0931 -79.1786  -42.059 -71.5789 -43.6029 -52.0674 -66.8827 -57.3851 -77.2036 -73.2399 -51.9863 -56.0355 -55.9791 -46.4213 -51.0061 -66.3851 -36.2875  -65.737 -60.7133 -75.6897  -64.055 -75.0078 -52.5687 -69.5273 -33.2899   -84.28 -73.5398 -65.9965 -48.5382 -38.1984 -50.3456 -43.4251  -51.532 -52.3422 -58.5253 -76.0682 -54.8108 -78.5601 -45.7696 -38.4766 -126.758
 0.400376   1.00986   2.17839  0.802063  0.485825   2.97238  0.732393  0.992621  0.826563   0.51698 -0.323717   2.96208  0.649423   2.22574  0.781623 -0.218886   1.12104 -0.345415   1.96458   2.25448   1.07895   2.82084   2.74771   2.57637   1.61968        -0        -0        -0        -0        -0        -0        -0        -0        -0        -0        -0        -0        -0        -0        -0        -0        -0        -0        -0        -0        -0        -0        -0        -0        -0
  1.00986   0.74294  0.651397   2.46942  0.995576   2.37853    2.3028 -0.377371   2.01385   1.63118 -0.342558  0.783985 -0.391376   2.58137   2.54031 -0.435278   1.21379  0.232128   2.78766 -0.457829 -0.378793   2.03654 -0.270377 -0.804782 -0.053169        -0        -0        -0        -0        -0        -0        -0        -0        -0        -0        -0        -0        -0        -0        -0        -0        -0        -0        -0        -0        -0        -0        -0        -0        -0
   2.17839   0.651397    2.48464 -0.0697672    1.12988   0.441251    2.69943    2.40229    2.08004    1.78226   0.957187  0.0325075    1.16869    1.11981    2.16706   0.547413    1.10142   0.331966    0.88023  -0.397287    1.85851    2.27839    2.42228   0.673089     2.6608         -0         -0         -0         -0         -0         -0         -0         -0         -0         -0         -0         -0         -0         -0         -0         -0         -0         -0         -0         -0         -0         -0         -0         -0         -0
  0.802063    2.46942 -0.0697672  -0.332559     0.4587     2.3691    2.83027      1.844  -0.783597   0.114845    1.38016    2.76256    1.21874  -0.971664  -0.386019   0.949906   0.644823   0.422794   0.539289   0.116462  -0.570928 -0.0137993    1.93207    1.45596    2.59133         -0         -0         -0         -0         -0         -0         -0         -0         -0         -0         -0         -0         -0         -0         -0         -0         -0         -0         -0         -0         -0         -0         -0         -0         -0
 0.485825  0.995576   1.12988    0.4587   1.17476 -0.370581  -0.64793 0.0825945  0.579645  0.641852  0.245121   1.92251   1.79995   1.67199   2.07379   1.87571  0.611377   1.38345   1.10741   2.35863   2.97407   1.59715  0.634926   1.76055   2.39576        -0        -0        -0        -0        -0        -0        -0        -0        -0        -0        -0        -0        -0        -0        -0        -0        -0        -0        -0        -0        -0        -0        -0        -0        -0
  2.97238   2.37853  0.441251    2.3691 -0.370581   2.74917  0.905275  0.021827  0.773957 -0.554985    1.9914  0.363236  0.115858  0.390598   1.49412 0.0689457 -0.955321   2.89304  -0.82924  0.791528   1.91053    1.1827   2.76012    2.3489  0.973672        -0        -0        -0        -0        -0        -0        -0        -0        -0        -0        -0        -0        -0        -0        -0        -0        -0        -0        -0        -0        -0        -0        -0        -0        -0
 0.732393    2.3028   2.69943   2.83027  -0.64793  0.905275   2.80265  -0.42361   1.20902   1.94141   2.89714 -0.561157   1.18082  0.677759   2.83972   2.73153   1.42594   2.54384   1.19387 -0.918957   2.68355   2.06515   1.75291   1.20367    2.1677        -0        -0        -0        -0        -0        -0        -0        -0        -0        -0        -0        -0        -0        -0        -0        -0        -0        -0        -0        -0        -0        -0        -0        -0        -0
 0.992621 -0.377371   2.40229     1.844 0.0825945  0.021827  -0.42361 -0.614604   1.20227 -0.344296    2.8763   2.57995 -0.416064   2.28062   1.65516   1.41602    1.1761 -0.402752   2.33954   2.14629 -0.483755   2.21836 -0.328531   2.49017   2.59098        -0        -0        -0        -0        -0        -0        -0        -0        -0        -0        -0        -0        -0        -0        -0        -0        -0        -0        -0        -0        -0        -0        -0        -0        -0
 0.826563   2.01385   2.08004 -0.783597  0.579645  0.773957   1.20902   1.20227  0.176245   2.52505   0.77366   2.32042   1.14837   2.55929 -0.386077 -0.763999  0.592091   0.99446  0.502726   2.67176   2.51324  0.041217   2.03852   1.77118   2.64676        -0        -0        -0        -0        -0        -0        -0        -0        -0        -0        -0        -0        -0        -0        -0        -0        -0        -0        -0        -0        -0        -0        -0        -0        -0
  0.51698   1.63118   1.78226  0.114845  0.641852 -0.554985   1.94141 -0.344296   2.52505   2.15781 0.0119891   1.81901  0.943379    2.8965   2.86806 -0.654489 -0.624157   0.18866   2.61667  0.620332  -0.19999   2.49422   2.73911  0.135738  0.623662        -0        -0        -0        -0        -0        -0        -0        -0        -0        -0        -0        -0        -0        -0        -0        -0        -0        -0        -0        -0        -0        -0        -0        -0        -0
-0.323717 -0.342558  0.957187   1.38016  0.245121    1.9914   2.89714    2.8763   0.77366 0.0119891  0.518155 -0.174931   2.50644   1.08057  0.327148  0.489808  0.051806   1.20863  0.722996  0.253704   2.87488   2.19243   2.26862    0.1251   1.35153        -0        -0        -0        -0        -0        -0        -0        -0        -0        -0        -0        -0        -0        -0        -0        -0        -0        -0        -0        -0        -0        -0        -0        -0        -0
  2.96208  0.783985 0.0325075   2.76256   1.92251  0.363236 -0.561157   2.57995   2.32042   1.81901 -0.174931   1.31182    2.5116 -0.324853   1.00452   1.73012   1.66104   1.03914  0.395769   2.84252   0.30477   2.95175  0.221221    1.5313   1.99566        -0        -0        -0        -0        -0        -0        -0        -0        -0        -0        -0        -0        -0        -0        -0        -0        -0        -0        -0        -0        -0        -0        -0        -0        -0
 0.649423 -0.391376   1.16869   1.21874   1.79995  0.115858   1.18082 -0.416064   1.14837  0.943379   2.50644    2.5116   1.38222   1.07732  0.545819 -0.814765 -0.892627    2.6146   2.16051   2.81421 -0.118947   2.17777   1.80426   2.88865   2.82733        -0        -0        -0        -0        -0        -0        -0        -0        -0        -0        -0        -0        -0        -0        -0        -0        -0        -0        -0        -0        -0        -0        -0        -0        -0
  2.22574   2.58137   1.11981 -0.971664   1.67199  0.390598  0.677759   2.28062   2.55929    2.8965   1.08057 -0.324853   1.07732    1.6645 -0.392235 -0.855036   2.46782 -0.615276   1.32024 -0.406754   2.02117   2.70868   1.48698   0.79657  0.841704        -0        -0        -0        -0        -0        -0        -0        -0        -0        -0        -0        -0        -0        -0        -0        -0        -0        -0        -0        -0        -0        -0        -0        -0        -0
  0.781623    2.54031    2.16706  -0.386019    2.07379    1.49412    2.83972    1.65516  -0.386077    2.86806   0.327148    1.00452   0.545819  -0.392235   0.563809    2.34404    1.89704    2.63123    2.39023   0.345244 -0.0234716    2.46499    1.26244   0.569816   0.766835         -0         -0         -0         -0         -0         -0         -0         -0         -0         -0         -0         -0         -0         -0         -0         -0         -0         -0         -0         -0         -0         -0         -0         -0         -0
-0.218886 -0.435278  0.547413  0.949906   1.87571 0.0689457   2.73153   1.41602 -0.763999 -0.654489  0.489808   1.73012 -0.814765 -0.855036   2.34404 -0.946704 -0.547116   2.99044 -0.650834   2.43087   1.50138   2.97778   1.29848   2.62776 -0.036929        -0        -0        -0        -0        -0        -0        -0        -0        -0        -0        -0        -0        -0        -0        -0        -0        -0        -0        -0        -0        -0        -0        -0        -0        -0
   1.12104    1.21379    1.10142   0.644823   0.611377  -0.955321    1.42594     1.1761   0.592091  -0.624157   0.051806    1.66104  -0.892627    2.46782    1.89704  -0.547116 -0.0423682    0.43653   -0.47113    1.31624  -0.725129    2.58355   0.679415  0.0651917     1.9668         -0         -0         -0         -0         -0         -0         -0         -0         -0         -0         -0         -0         -0         -0         -0         -0         -0         -0         -0         -0         -0         -0         -0         -0         -0
-0.345415  0.232128  0.331966  0.422794   1.38345   2.89304   2.54384 -0.402752   0.99446   0.18866   1.20863   1.03914    2.6146 -0.615276   2.63123   2.99044   0.43653   1.29227  0.429368   1.74101 -0.180953 -0.230242   1.21418   1.79104 -0.701867        -0        -0        -0        -0        -0        -0        -0        -0        -0        -0        -0        -0        -0        -0        -0        -0        -0        -0        -0        -0        -0        -0        -0        -0        -0
  1.96458   2.78766   0.88023  0.539289   1.10741  -0.82924   1.19387   2.33954  0.502726   2.61667  0.722996  0.395769   2.16051   1.32024   2.39023 -0.650834  -0.47113  0.429368   2.96376   1.59138   1.31559 -0.141166  0.476255   1.43203 -0.148279        -0        -0        -0        -0        -0        -0        -0        -0        -0        -0        -0        -0        -0        -0        -0        -0        -0        -0        -0        -0        -0        -0        -0        -0        -0
  2.25448 -0.457829 -0.397287  0.116462   2.35863  0.791528 -0.918957   2.14629   2.67176  0.620332  0.253704   2.84252   2.81421 -0.406754  0.345244   2.43087   1.31624   1.74101   1.59138 -0.363514 -0.131883   1.60472  0.388093   2.55217 -0.236626        -0        -0        -0        -0        -0        -0        -0        -0        -0        -0        -0        -0        -0        -0        -0        -0        -0        -0        -0        -0        -0        -0        -0        -0        -0
   1.07895  -0.378793    1.85851  -0.570928    2.97407    1.91053    2.68355  -0.483755    2.51324   -0.19999    2.87488    0.30477  -0.118947    2.02117 -0.0234716    1.50138  -0.725129  -0.180953    1.31559  -0.131883    1.16429   0.746287   0.679172  0.0534743   0.867949         -0         -0         -0         -0         -0         -0         -0         -0         -0         -0         -0         -0         -0         -0         -0         -0         -0         -0         -0         -0         -0         -0         -0         -0         -0
   2.82084    2.03654    2.27839 -0.0137993    1.59715     1.1827    2.06515    2.21836   0.041217    2.49422    2.19243    2.95175    2.17777    2.70868    2.46499    2.97778    2.58355  -0.230242  -0.141166    1.60472   0.746287    2.36022   0.454036   -0.26949  -0.520517         -0         -0         -0         -0         -0         -0         -0         -0         -0         -0         -0         -0         -0         -0         -0         -0         -0         -0         -0         -0         -0         -0         -0         -0         -0
   2.74771  -0.270377    2.42228    1.93207   0.634926    2.76012    1.75291  -0.328531    2.03852    2.73911    2.26862   0.221221    1.80426    1.48698    1.26244    1.29848   0.679415    1.21418   0.476255   0.388093   0.679172   0.454036 -0.0283519    0.23159   0.828566         -0         -0         -0         -0         -0         -0         -0         -0         -0         -0         -0         -0         -0         -0         -0         -0         -0         -0         -0         -0         -0         -0         -0         -0         -0
  2.57637 -0.804782  0.673089   1.45596   1.76055    2.3489   1.20367   2.49017   1.77118  0.135738    0.1251    1.5313   2.88865   0.79657  0.569816   2.62776 0.0651917   1.79104   1.43203   2.55217 0.0534743  -0.26949   0.23159   2.26766 -0.341015        -0        -0        -0        -0        -0        -0        -0        -0        -0        -0        -0        -0        -0        -0        -0        -0        -0        -0        -0        -0        -0        -0        -0        -0        -0
  1.61968 -0.053169    2.6608   2.59133   2.39576  0.973672    2.1677   2.59098   2.64676  0.623662   1.35153   1.99566   2.82733  0.841704  0.766835 -0.036929    1.9668 -0.701867 -0.148279 -0.236626  0.867949 -0.520517  0.828566 -0.341015   1.91151        -0        -0        -0        -0        -0        -0        -0        -0        -0        -0        -0        -0        -0        -0        -0        -0        -0        -0        -0        -0        -0        -0        -0        -0        -0
       -0        -0        -0        -0        -0        -0        -0        -0        -0        -0        -0        -0        -0        -0        -0        -0        -0        -0        -0        -0        -0        -0        -0        -0        -0 -0.400376  -1.00986  -2.17839 -0.802063 -0.485825  -2.97238 -0.732393 -0.992621 -0.826563  -0.51698  0.323717  -2.96208 -0.649423  -2.22574 -0.781623  0.218886  -1.12104  0.345415  -1.96458  -2.25448  -1.07895  -2.82084  -2.74771  -2.57637  -1.61968
       -0        -0        -0        -0        -0        -0        -0        -0        -0        -0        -0        -0        -0        -0        -0        -0        -0        -0        -0        -0        -0        -0        -0        -0        -0  -1.00986  -0.74294 -0.651397  -2.46942 -0.995576  -2.37853   -2.3028  0.377371  -2.01385  -1.63118  0.342558 -0.783985  0.391376  -2.58137  -2.54031  0.435278  -1.21379 -0.232128  -2.78766  0.457829  0.378793  -2.03654  0.270377  0.804782  0.053169
        -0         -0         -0         -0         -0         -0         -0         -0         -0         -0         -0         -0         -0         -0         -0         -0         -0         -0         -0         -0         -0         -0         -0         -0         -0   -2.17839  -0.651397   -2.48464  0.0697672   -1.12988  -0.441251   -2.69943   -2.40229   -2.08004   -1.78226  -0.957187 -0.0325075   -1.16869   -1.11981   -2.16706  -0.547413   -1.10142  -0.331966   -0.88023   0.397287   -1.85851   -2.27839   -2.42228  -0.673089    -2.6608
       -0        -0        -0        -0        -0        -0        -0        -0        -0        -0        -0        -0        -0        -0        -0        -0        -0        -0        -0        -0        -0        -0        -0        -0        -0 -0.802063  -2.46942 0.0697672  0.332559   -0.4587   -2.3691  -2.83027    -1.844  0.783597 -0.114845  -1.38016  -2.76256  -1.21874  0.971664  0.386019 -0.949906 -0.644823 -0.422794 -0.539289 -0.116462  0.570928 0.0137993  -1.93207  -1.45596  -2.59133
        -0         -0         -0         -0         -0         -0         -0         -0         -0         -0         -0         -0         -0         -0         -0         -0         -0         -0         -0         -0         -0         -0         -0         -0         -0  -0.485825  -0.995576   -1.12988    -0.4587   -1.17476   0.370581    0.64793 -0.0825945  -0.579645  -0.641852  -0.245121   -1.92251   -1.79995   -1.67199   -2.07379   -1.87571  -0.611377   -1.38345   -1.10741   -2.35863   -2.97407   -1.59715  -0.634926   -1.76055   -2.39576
        -0         -0         -0         -0         -0         -0         -0         -0         -0         -0         -0         -0         -0         -0         -0         -0         -0         -0         -0         -0         -0         -0         -0         -0         -0   -2.97238   -2.37853  -0.441251    -2.3691   0.370581   -2.74917  -0.905275  -0.021827  -0.773957   0.554985    -1.9914  -0.363236  -0.115858  -0.390598   -1.49412 -0.0689457   0.955321   -2.89304    0.82924  -0.791528   -1.91053    -1.1827   -2.76012    -2.3489  -0.973672
       -0        -0        -0        -0        -0        -0        -0        -0        -0        -0        -0        -0        -0        -0        -0        -0        -0        -0        -0        -0        -0        -0        -0        -0        -0 -0.732393   -2.3028  -2.69943  -2.83027   0.64793 -0.905275  -2.80265   0.42361  -1.20902  -1.94141  -2.89714  0.561157  -1.18082 -0.677759  -2.83972  -2.73153  -1.42594  -2.54384  -1.19387  0.918957  -2.68355  -2.06515  -1.75291  -1.20367   -2.1677
