50
1
50
 -0.0387524    0.127305   0.0506414   0.0965503   0.0158733    0.170513   -0.298607   -0.111013  -0.0412189   0.0767548   -0.195417    0.314585   -0.243536   0.0741338   0.0709965   -0.199607   -0.178633   -0.207181   0.0141124   0.0789547    0.015253    0.190937   -0.138257  0.00105886  0.00979412    0.110379   -0.123318   0.0734556   0.0920338    0.127336    0.129668    -0.18538   -0.248221  -0.0658617     0.11797    0.229155  -0.0323668   0.0435491  -0.0565322    0.119293   -0.108698  -0.0625522   0.0330363   -0.140654    0.197264     0.20151 -0.00384478  -0.0643453   0.0705084    0.247667
-96.6627 -31.2385 -42.0959 -51.1743 -45.5845 -39.7417  -48.773 -58.7201 -52.7344 -43.1417 -41.0655 -48.0079 -46.5324 -50.7321 -24.8358 -47.4638 -35.0327   -39.61 -39.4945 -18.8613 -48.4938 -39.0771 -35.4551 -45.1222 -47.8482 -53.6347 -36.9167  -38.217 -37.5216 -41.1594 -50.5293 -34.4792 -30.4557 -32.3132 -27.1134 -26.0828 -52.9243 -34.0484 -31.6198 -41.0485 -39.2956 -41.3873 -23.7112 -53.7634 -36.2309 -48.8654 -37.9003 -44.6613 -34.5687 -53.7697
-31.2385 -90.3318 -38.7176 -30.1779 -51.2727  -37.969 -27.0995 -48.7954 -63.8071 -35.1786 -44.4813 -34.6901 -58.5252 -34.2655 -55.1849 -51.6683  -48.014 -22.3885 -52.4386 -39.1742 -45.6869 -49.1224 -40.2726 -51.9026  -35.425   -34.16 -35.1139 -32.5811 -43.8612 -36.2416 -46.4736  -49.804 -36.3822  -61.181 -27.6922 -56.7101 -62.1788 -26.9563 -42.4789 -60.6124 -38.5069 -48.5997 -34.2939  -61.371 -37.4196 -32.8887  -18.885 -65.6864 -22.8667 -44.9319
-42.0959 -38.7176  -129.15 -53.5428 -63.6347  -38.211 -60.3266 -44.8486 -46.3124  -59.099 -26.9408 -46.5749 -65.8212  -76.471 -40.8606 -66.2739 -49.1097 -60.5327 -56.2435 -50.1577 -53.0764 -45.5328 -55.2226 -59.9376 -61.2775 -69.5694 -49.8109 -48.7453 -51.3346 -46.0513  -51.002 -75.6229 -51.1769 -69.3194 -39.4062   -66.65 -78.7634 -41.4578  -78.124 -70.3915 -59.0936 -44.5075 -43.5634 -75.6276  -66.868 -47.1303 -31.6344 -54.7805  -38.745  -53.206
-51.1743 -30.1779 -53.5428 -114.008 -81.1936 -53.9844 -60.0497 -53.7909 -62.1338 -48.3142 -45.4731 -52.2687 -65.9131 -55.3541 -41.3132 -60.8667 -41.5749  -49.636 -55.8009 -39.7801 -57.1784 -66.3304 -33.7795 -42.8349 -55.5721 -62.5138 -53.1836 -31.8045 -49.1422 -51.6248 -38.9111 -58.3361 -52.4454 -30.4798 -44.3695 -57.4395 -58.3153 -33.3227 -66.0522 -66.5337 -43.1327 -44.3358 -48.0477 -81.4473  -52.086  -32.675 -26.3088  -53.524 -47.2941 -47.1436
-45.5845 -51.2727 -63.6347 -81.1936 -146.344 -58.5987 -59.8966 -99.5651   -89.39 -61.7322 -63.7698 -72.8342 -97.2066 -75.2592 -76.3298 -69.0032 -67.5076 -72.6648 -60.4469  -67.229 -60.0226 -96.7127 -47.3486 -74.4603 -72.4105 -74.1751 -65.8719 -36.6426 -75.5614 -49.1228 -56.2067 -70.1286 -81.5102 -64.5466 -91.5772 -67.2321 -57.7007 -37.4554 -72.0873 -85.9789  -52.985 -50.4899 -75.2817 -98.5119 -64.5341 -59.1509 -39.4118 -84.9457 -52.7385 -55.5551
-39.7417  -37.969  -38.211 -53.9844 -58.5987 -114.565 -38.5394  -40.232 -58.3296 -21.8076 -48.8954 -49.8969 -80.9661 -47.9736  -36.899 -61.6973 -48.7727 -39.0827 -46.9171 -30.2716 -51.2808 -50.2213 -41.8244 -47.8553  -56.083 -44.2632 -54.6804 -29.3587 -52.8441 -37.7796 -31.5128 -30.7007 -51.8505 -51.6798 -31.8581 -42.2389 -59.9713 -17.2943 -42.5371  -41.058 -38.1972  -39.162 -33.4211 -66.9868  -52.781 -40.8934 -22.4285 -53.5021   -30.37 -41.7036
 -48.773 -27.0995 -60.3266 -60.0497 -59.8966 -38.5394 -115.469 -61.1989  -47.244 -44.4221 -26.0345 -40.3252   -50.49 -59.1996 -31.2424 -57.4489   -36.29 -45.4255 -46.9345 -41.6548 -54.1577 -41.6628 -58.0687 -39.3329 -44.1952 -65.4643 -50.7549 -29.9704 -60.4987 -68.1605  -45.536 -55.8543 -60.4147 -42.5111 -44.2178 -54.6547 -67.4622 -25.9005 -56.2333 -58.5003 -28.5328 -46.8645 -50.6142  -89.662 -60.9915 -28.2862  -46.035 -57.5058 -63.6104 -66.3842
-58.7201 -48.7954 -44.8486 -53.7909 -99.5651  -40.232 -61.1989 -144.988 -81.6075 -52.4349 -71.4757 -65.9273 -77.4508  -72.311 -66.4735 -67.2031 -59.1367 -66.3581 -61.5357 -64.1423 -60.5682 -79.4563 -43.5212 -68.5973 -45.8201 -50.0608 -80.3774 -24.0572 -66.2848 -42.1103 -53.7643 -61.3357 -78.7005 -63.9602 -75.8607 -48.9037 -62.4277 -41.4726 -56.8119 -69.1951 -48.6965 -60.9101 -55.6765 -73.0279 -64.6479 -51.7515  -50.248 -74.2249 -54.2038 -63.8853
-52.7344 -63.8071 -46.3124 -62.1338   -89.39 -58.3296  -47.244 -81.6075 -123.485 -53.2067 -63.4519 -55.8079 -92.8833 -53.9292 -58.2385  -62.271 -51.6704 -55.5658 -56.0957 -63.0397 -47.8947 -70.1766 -34.5841 -68.6757 -49.7632  -55.958 -62.9841 -36.7151 -53.8947  -43.893 -59.2778 -45.4718 -58.4888 -55.5015 -52.3993 -54.1705 -70.2075 -35.8786 -59.0802 -63.1804  -48.223 -55.2246 -46.0607 -70.6284 -56.7796 -44.1456 -42.1854 -84.1807 -29.7258 -48.6682
-43.1417 -35.1786  -59.099 -48.3142 -61.7322 -21.8076 -44.4221 -52.4349 -53.2067 -90.8667 -33.3309 -42.8743 -46.8552 -57.7194 -32.5459 -44.0722 -37.1507 -46.1089 -37.7598 -45.9056 -55.0441 -54.6694 -44.1622 -42.7677 -39.8609 -53.5283 -48.8738 -32.7764 -32.0618 -32.9631  -37.971 -69.9472 -51.0812  -36.158 -51.6206 -36.4646 -51.1302 -36.5192 -56.3944 -48.1963 -43.4934 -41.6034 -36.2746  -62.744 -58.9155 -33.7561 -37.8384 -31.9635 -38.7633 -37.2767
-41.0655 -44.4813 -26.9408 -45.4731 -63.7698 -48.8954 -26.0345 -71.4757 -63.4519 -33.3309 -107.179 -54.1717 -76.7241 -54.6216 -40.6145 -53.4911 -44.3466 -54.6601 -48.2412 -49.9466 -32.5022 -70.9608  -33.092  -48.019 -34.0991 -37.9584 -50.0178 -27.0452   -47.19 -34.6481 -52.8263  -61.575 -60.6307 -49.6547 -39.6702  -62.409 -66.7349 -20.4107 -62.9826 -55.9723 -47.9655 -53.2522 -52.7915 -48.1438 -67.5563 -37.6948 -23.6321 -47.3813 -33.5643 -30.6058
-48.0079 -34.6901 -46.5749 -52.2687 -72.8342 -49.8969 -40.3252 -65.9273 -55.8079 -42.8743 -54.1717 -105.491 -74.5236 -63.0533  -48.614 -59.2768 -49.4404 -54.0758 -45.3425 -45.1635 -46.8868 -70.1501 -49.0091 -64.9958 -70.1542 -66.3839 -64.6838 -23.7738 -51.6666 -45.0972 -40.3037 -53.9286 -64.9939 -61.5657 -52.3978  -49.892 -60.8597 -37.3691 -60.0668 -63.5241 -46.1869 -59.2994 -40.3222 -69.8613 -49.6318 -45.1756  -49.822 -58.1672 -42.9183 -60.2362
-46.5324 -58.5252 -65.8212 -65.9131 -97.2066 -80.9661   -50.49 -77.4508 -92.8833 -46.8552 -76.7241 -74.5236 -154.877 -68.0507 -57.1633 -103.732  -64.274 -63.7655 -74.7363 -62.1802 -46.6462 -83.9305 -53.0358 -85.1813 -68.5083 -64.5591 -66.0814 -41.1195 -65.2626 -63.3054 -59.7508 -73.5042 -78.0617 -65.0321 -62.7948 -82.5174 -83.3379 -46.4831 -78.0515  -82.952 -56.6006 -71.2226 -56.0214 -84.6993 -78.0127 -51.1086 -37.9308 -94.6692 -49.5448 -50.3628
-50.7321 -34.2655  -76.471 -55.3541 -75.2592 -47.9736 -59.1996  -72.311 -53.9292 -57.7194 -54.6216 -63.0533 -68.0507  -123.41 -36.1989 -68.3351 -49.9032 -57.2245 -58.9099  -51.123 -60.8155  -53.676 -58.8232 -54.0711 -63.1502  -70.427 -53.0243 -36.1916 -54.7929 -55.4023 -54.9038 -72.6643 -64.1072  -53.582 -51.1287  -59.946 -73.4874 -45.4204 -69.8339 -70.9484 -50.4147 -52.4962 -46.5503 -77.8356 -58.9482 -52.2719 -45.6495 -52.2833 -55.0557 -71.5444
-24.8358 -55.1849 -40.8606 -41.3132 -76.3298  -36.899 -31.2424 -66.4735 -58.2385 -32.5459 -40.6145  -48.614 -57.1633 -36.1989 -97.2287 -42.3971 -52.8056 -38.8389 -37.5083 -53.0035 -52.2917 -52.8658 -34.6484 -51.0067 -43.2969 -44.5763  -35.555 -37.4943  -34.323 -21.5123 -39.4332 -37.2742 -44.8779 -46.4516 -41.7972 -57.5636 -45.6244 -32.8943 -48.7242 -44.9184 -32.6968 -33.9086  -42.535 -60.6622 -32.5335 -54.6899 -23.7405 -58.0704 -38.5312 -53.3776
-47.4638 -51.6683 -66.2739 -60.8667 -69.0032 -61.6973 -57.4489 -67.2031  -62.271 -44.0722 -53.4911 -59.2768 -103.732 -68.3351 -42.3971 -138.193 -70.0676 -48.8113 -53.7882 -44.7019 -64.7167 -66.2712  -62.639 -78.0052 -57.7952 -46.7735 -81.3979 -36.6416 -60.4553 -65.4136 -51.8832 -61.1169 -50.7327 -64.6595 -47.6273 -68.8596 -75.6536 -40.1336 -80.4919 -73.6938 -69.4605 -59.8403 -50.5324 -84.6172 -77.1764 -50.1999  -39.508 -90.6532 -54.9758 -63.1046
-35.0327  -48.014 -49.1097 -41.5749 -67.5076 -48.7727   -36.29 -59.1367 -51.6704 -37.1507 -44.3466 -49.4404  -64.274 -49.9032 -52.8056 -70.0676 -101.609 -41.7075 -67.8215 -58.3263 -52.0152 -49.8419 -40.8057 -57.4642 -43.2221 -50.3579  -54.161 -29.3183 -48.7057 -45.6526 -44.8486 -47.1291 -40.7308 -60.1372 -55.2558 -41.2693 -46.8963 -35.6969 -71.0753 -55.8008 -62.8645 -52.2355 -62.2672 -56.1654 -46.1975 -42.6776 -28.9107 -65.6083 -38.2158 -42.3984
  -39.61 -22.3885 -60.5327  -49.636 -72.6648 -39.0827 -45.4255 -66.3581 -55.5658 -46.1089 -54.6601 -54.0758 -63.7655 -57.2245 -38.8389 -48.8113 -41.7075 -115.464 -49.4091 -41.0329 -52.8234 -72.8914 -45.4024 -56.4711 -57.7638 -57.3135 -54.1666 -26.5237 -64.7645 -44.1779 -42.5528 -64.1484 -65.5883 -48.1796 -54.3901 -46.5498 -65.6561  -39.821 -43.6507 -59.6469 -36.4302 -57.3556 -55.8097 -52.3896 -73.1504 -46.9111 -22.7044 -55.8614 -43.5594 -46.7376
-39.4945 -52.4386 -56.2435 -55.8009 -60.4469 -46.9171 -46.9345 -61.5357 -56.0957 -37.7598 -48.2412 -45.3425 -74.7363 -58.9099 -37.5083 -53.7882 -67.8215 -49.4091 -133.128 -47.6809 -55.2097 -50.9967 -49.8686 -51.0277 -52.2567 -56.1929 -50.6524 -30.9564 -63.3606 -48.1155 -44.2461 -61.1821 -53.3864 -70.6084 -48.1518 -58.4426 -55.6611 -45.9391 -65.5727 -70.5814  -58.181 -68.3671 -47.2633 -72.4788 -51.1233 -46.8874 -19.0848  -71.441 -52.3818 -40.5583
-18.8613 -39.1742 -50.1577 -39.7801  -67.229 -30.2716 -41.6548 -64.1423 -63.0397 -45.9056 -49.9466 -45.1635 -62.1802  -51.123 -53.0035 -44.7019 -58.3263 -41.0329 -47.6809 -96.0545 -45.2926 -60.7208 -30.0352 -40.8769 -32.8419 -48.9535 -61.8845 -18.6777 -56.1704  -35.412 -54.5918 -59.6649 -51.2809   -51.31 -36.5969 -50.5723 -48.1769 -29.3001  -76.123 -49.4653 -49.8867 -42.2112 -49.3342 -51.1304 -68.0591 -31.1127 -39.3029 -46.4339  -42.947 -32.5731
-48.4938 -45.6869 -53.0764 -57.1784 -60.0226 -51.2808 -54.1577 -60.5682 -47.8947 -55.0441 -32.5022 -46.8868 -46.6462 -60.8155 -52.2917 -64.7167 -52.0152 -52.8234 -55.2097 -45.2926 -120.829 -54.4711 -59.2323 -53.9057 -53.2192 -57.0865 -53.0803 -43.3496 -39.1181 -36.6416 -33.2241 -49.5354 -49.9907 -53.0535 -47.8608 -48.3101 -48.8769   -44.41 -51.7351 -49.3595 -40.1799 -47.6043 -39.7693 -75.4761 -63.7528 -42.0967 -33.8758 -53.3429 -60.2401 -59.4496
-39.0771 -49.1224 -45.5328 -66.3304 -96.7127 -50.2213 -41.6628 -79.4563 -70.1766 -54.6694 -70.9608 -70.1501 -83.9305  -53.676 -52.8658 -66.2712 -49.8419 -72.8914 -50.9967 -60.7208 -54.4711 -130.043 -35.3357 -69.7666 -59.9433 -52.4996 -73.4138 -25.0008 -68.6033 -53.2154  -52.523 -64.7205 -75.9276 -71.0619 -62.4384 -75.5646 -60.0358 -25.1219 -62.8002 -76.9343 -54.9469 -43.7908 -52.7319 -85.5082 -77.0869 -47.4953 -49.7536 -60.1205 -47.4994 -45.6307
-35.4551 -40.2726 -55.2226 -33.7795 -47.3486 -41.8244 -58.0687 -43.5212 -34.5841 -44.1622  -33.092 -49.0091 -53.0358 -58.8232 -34.6484  -62.639 -40.8057 -45.4024 -49.8686 -30.0352 -59.2323 -35.3357 -109.395 -48.3858 -50.2298  -50.569 -44.2969 -23.9371 -49.1811 -38.8084 -42.7914 -46.1421 -44.8488 -49.4803 -43.5743 -26.1164 -65.7709 -40.5789 -44.4844  -43.201 -29.4999 -56.0235 -46.3969 -54.0584 -49.7883 -38.6187 -17.9097 -59.2772 -52.8475 -47.1425
-45.1222 -51.9026 -59.9376 -42.8349 -74.4603 -47.8553 -39.3329 -68.5973 -68.6757 -42.7677  -48.019 -64.9958 -85.1813 -54.0711 -51.0067 -78.0052 -57.4642 -56.4711 -51.0277 -40.8769 -53.9057 -69.7666 -48.3858 -121.306 -54.7906 -48.5041 -58.1281 -27.3088 -46.2525 -35.5974 -72.1777 -57.6888  -55.223 -76.5594 -63.1144  -50.436 -54.9398 -46.9083 -68.6553 -52.7862 -38.9473 -49.1295    -48.1 -81.9797 -62.6494   -52.46 -39.8537 -71.5007  -30.622 -63.3759
-47.8482  -35.425 -61.2775 -55.5721 -72.4105  -56.083 -44.1952 -45.8201 -49.7632 -39.8609 -34.0991 -70.1542 -68.5083 -63.1502 -43.2969 -57.7952 -43.2221 -57.7638 -52.2567 -32.8419 -53.2192 -59.9433 -50.2298 -54.7906 -119.197 -91.3105 -47.7277 -36.5819 -68.6562 -51.4387 -32.9517 -56.1165 -51.2213 -53.8413 -48.3531 -45.2257 -65.2761 -42.3771 -69.6654 -76.4257 -33.2192 -44.6839 -36.6117 -76.5686 -37.7007 -44.2091 -39.6406 -62.8559 -47.8444 -57.9173
-53.6347   -34.16 -69.5694 -62.5138 -74.1751 -44.2632 -65.4643 -50.0608  -55.958 -53.5283 -37.9584 -66.3839 -64.5591  -70.427 -44.5763 -46.7735 -50.3579 -57.3135 -56.1929 -48.9535 -57.0865 -52.4996  -50.569 -48.5041 -91.3105 -139.885  -45.753 -40.0371   -66.59 -76.9838 -44.2967 -68.7585  -59.788 -58.4812 -55.7827 -64.4596 -68.2232 -46.2447 -62.4388 -60.0758 -53.7802 -50.2149 -68.0852 -84.9924 -45.0336 -39.4648 -44.3682 -62.4094 -50.6303 -71.1627
-36.9167 -35.1139 -49.8109 -53.1836 -65.8719 -54.6804 -50.7549 -80.3774 -62.9841 -48.8738 -50.0178 -64.6838 -66.0814 -53.0243  -35.555 -81.3979  -54.161 -54.1666 -50.6524 -61.8845 -53.0803 -73.4138 -44.2969 -58.1281 -47.7277  -45.753 -135.286 -11.9266 -81.8708 -49.2858 -63.2947 -53.9479 -57.4221 -70.4248 -49.6618 -41.3433  -62.988 -33.8617 -78.1481 -52.9913 -70.4732 -51.9278 -37.3081 -65.3348 -83.3784 -49.7206 -43.8306 -77.2721 -51.9143 -50.3225
 -38.217 -32.5811 -48.7453 -31.8045 -36.6426 -29.3587 -29.9704 -24.0572 -36.7151 -32.7764 -27.0452 -23.7738 -41.1195 -36.1916 -37.4943 -36.6416 -29.3183 -26.5237 -30.9564 -18.6777 -43.3496 -25.0008 -23.9371 -27.3088 -36.5819 -40.0371 -11.9266   -82.39 -21.3566 -24.2621 -17.5053 -31.5518 -13.8037 -45.4007 -32.8451 -44.0042 -49.4014 -25.9502 -26.7056 -29.9751 -30.3652 -18.1677 -22.0111 -45.9347 -37.7693 -44.7719 -3.97005 -28.1278 -29.0662 -24.9611
-37.5216 -43.8612 -51.3346 -49.1422 -75.5614 -52.8441 -60.4987 -66.2848 -53.8947 -32.0618   -47.19 -51.6666 -65.2626 -54.7929  -34.323 -60.4553 -48.7057 -64.7645 -63.3606 -56.1704 -39.1181 -68.6033 -49.1811 -46.2525 -68.6562   -66.59 -81.8708 -21.3566  -137.33 -57.1937  -50.912 -76.8608 -62.0529 -62.8332 -54.6025 -48.1179 -69.7689  -40.728 -60.8421 -67.8052 -52.9381 -37.0597 -56.7254 -83.2976  -85.628 -34.1467 -30.2156  -69.938 -63.4226 -48.2835
-41.1594 -36.2416 -46.0513 -51.6248 -49.1228 -37.7796 -68.1605 -42.1103  -43.893 -32.9631 -34.6481 -45.0972 -63.3054 -55.4023 -21.5123 -65.4136 -45.6526 -44.1779 -48.1155  -35.412 -36.6416 -53.2154 -38.8084 -35.5974 -51.4387 -76.9838 -49.2858 -24.2621 -57.1937 -116.532 -39.4704 -54.4713 -47.6301 -52.3963 -29.3448 -70.4787 -68.9065 -45.2698 -52.0913 -62.7782 -58.2849  -59.353 -52.2577 -82.6401 -53.2186 -25.0754 -48.6531 -54.1183  -51.838 -52.5747
-50.5293 -46.4736  -51.002 -38.9111 -56.2067 -31.5128  -45.536 -53.7643 -59.2778  -37.971 -52.8263 -40.3037 -59.7508 -54.9038 -39.4332 -51.8832 -44.8486 -42.5528 -44.2461 -54.5918 -33.2241  -52.523 -42.7914 -72.1777 -32.9517 -44.2967 -63.2947 -17.5053  -50.912 -39.4704 -116.378 -41.6834  -30.894 -52.1254 -25.5602 -46.1099 -48.7888 -36.2279 -76.6528 -46.2662 -35.2515 -50.5961 -39.0171 -55.6139 -54.5431 -51.1911 -33.0792 -55.2357 -25.3823 -53.1023
-34.4792  -49.804 -75.6229 -58.3361 -70.1286 -30.7007 -55.8543 -61.3357 -45.4718 -69.9472  -61.575 -53.9286 -73.5042 -72.6643 -37.2742 -61.1169 -47.1291 -64.1484 -61.1821 -59.6649 -49.5354 -64.7205 -46.1421 -57.6888 -56.1165 -68.7585 -53.9479 -31.5518 -76.8608 -54.4713 -41.6834 -136.961 -70.5247 -63.1047 -59.6706 -69.9094  -86.245 -46.5737 -76.0649 -76.9269 -50.8037 -64.2429 -69.7438 -86.5634 -97.4104 -28.9606 -29.0647 -47.1572 -62.2284  -54.159
-30.4557 -36.3822 -51.1769 -52.4454 -81.5102 -51.8505 -60.4147 -78.7005 -58.4888 -51.0812 -60.6307 -64.9939 -78.0617 -64.1072 -44.8779 -50.7327 -40.7308 -65.5883 -53.3864 -51.2809 -49.9907 -75.9276 -44.8488  -55.223 -51.2213  -59.788 -57.4221 -13.8037 -62.0529 -47.6301  -30.894 -70.5247 -116.671 -55.0184 -51.0143 -64.4878 -62.1071 -29.2951 -53.2892 -72.4387  -44.061 -50.6793 -55.9005 -75.7627 -63.2825 -38.7681 -36.8765 -45.5141 -49.7368 -68.2034
-32.3132  -61.181 -69.3194 -30.4798 -64.5466 -51.6798 -42.5111 -63.9602 -55.5015  -36.158 -49.6547 -61.5657 -65.0321  -53.582 -46.4516 -64.6595 -60.1372 -48.1796 -70.6084   -51.31 -53.0535 -71.0619 -49.4803 -76.5594 -53.8413 -58.4812 -70.4248 -45.4007 -62.8332 -52.3963 -52.1254 -63.1047 -55.0184 -133.344 -51.3635 -63.8478 -64.5993 -25.8493 -54.9678  -61.597 -65.5661 -54.3238  -52.413 -81.5316 -70.8308 -55.3518 -30.2032 -64.5048 -34.4577 -57.5172
-27.1134 -27.6922 -39.4062 -44.3695 -91.5772 -31.8581 -44.2178 -75.8607 -52.3993 -51.6206 -39.6702 -52.3978 -62.7948 -51.1287 -41.7972 -47.6273 -55.2558 -54.3901 -48.1518 -36.5969 -47.8608 -62.4384 -43.5743 -63.1144 -48.3531 -55.7827 -49.6618 -32.8451 -54.6025 -29.3448 -25.5602 -59.6706 -51.0143 -51.3635 -119.053 -28.1127 -39.8757 -40.3775 -42.3582 -46.1009 -23.0662 -40.7053 -68.5759  -69.015 -53.6203 -26.5156 -24.4613 -49.0213 -46.0859 -29.5455
-26.0828 -56.7101   -66.65 -57.4395 -67.2321 -42.2389 -54.6547 -48.9037 -54.1705 -36.4646  -62.409  -49.892 -82.5174  -59.946 -57.5636 -68.8596 -41.2693 -46.5498 -58.4426 -50.5723 -48.3101 -75.5646 -26.1164  -50.436 -45.2257 -64.4596 -41.3433 -44.0042 -48.1179 -70.4787 -46.1099 -69.9094 -64.4878 -63.8478 -28.1127 -123.334 -76.4211 -31.3307 -70.4163 -75.3925 -65.4197 -49.1845 -45.0993 -95.7884 -70.0465  -41.788 -40.1817  -54.596 -49.6023 -55.6032
-52.9243 -62.1788 -78.7634 -58.3153 -57.7007 -59.9713 -67.4622 -62.4277 -70.2075 -51.1302 -66.7349 -60.8597 -83.3379 -73.4874 -45.6244 -75.6536 -46.8963 -65.6561 -55.6611 -48.1769 -48.8769 -60.0358 -65.7709 -54.9398 -65.2761 -68.2232  -62.988 -49.4014 -69.7689 -68.9065 -48.7888  -86.245 -62.1071 -64.5993 -39.8757 -76.4211 -133.225 -43.8972 -71.2195 -67.9955 -59.8057 -63.5421 -56.7058 -78.2708 -81.0186 -34.8142 -31.6141 -69.9489 -55.3546 -61.6629
-34.0484 -26.9563 -41.4578 -33.3227 -37.4554 -17.2943 -25.9005 -41.4726 -35.8786 -36.5192 -20.4107 -37.3691 -46.4831 -45.4204 -32.8943 -40.1336 -35.6969  -39.821 -45.9391 -29.3001   -44.41 -25.1219 -40.5789 -46.9083 -42.3771 -46.2447 -33.8617 -25.9502  -40.728 -45.2698 -36.2279 -46.5737 -29.2951 -25.8493 -40.3775 -31.3307 -43.8972 -81.2292  -46.486  -35.276 -28.9074 -48.2468 -25.4049 -41.9461 -41.9417 -38.2433 -24.1038 -32.0184 -42.9711 -29.5694
-31.6198 -42.4789  -78.124 -66.0522 -72.0873 -42.5371 -56.2333 -56.8119 -59.0802 -56.3944 -62.9826 -60.0668 -78.0515 -69.8339 -48.7242 -80.4919 -71.0753 -43.6507 -65.5727  -76.123 -51.7351 -62.8002 -44.4844 -68.6553 -69.6654 -62.4388 -78.1481 -26.7056 -60.8421 -52.0913 -76.6528 -76.0649 -53.2892 -54.9678 -42.3582 -70.4163 -71.2195  -46.486 -151.401 -83.3594 -66.7284 -60.3809 -46.9925 -79.2845 -76.3221 -41.6492 -51.2294 -65.1511 -55.8548 -58.5912
-41.0485 -60.6124 -70.3915 -66.5337 -85.9789  -41.058 -58.5003 -69.1951 -63.1804 -48.1963 -55.9723 -63.5241  -82.952 -70.9484 -44.9184 -73.6938 -55.8008 -59.6469 -70.5814 -49.4653 -49.3595 -76.9343  -43.201 -52.7862 -76.4257 -60.0758 -52.9913 -29.9751 -67.8052 -62.7782 -46.2662 -76.9269 -72.4387  -61.597 -46.1009 -75.3925 -67.9955  -35.276 -83.3594 -126.681 -48.1288 -75.1012 -47.9803   -84.42 -58.9672 -44.2115 -38.3756 -74.4112 -42.1827 -68.3513
-39.2956 -38.5069 -59.0936 -43.1327  -52.985 -38.1972 -28.5328 -48.6965  -48.223 -43.4934 -47.9655 -46.1869 -56.6006 -50.4147 -32.6968 -69.4605 -62.8645 -36.4302  -58.181 -49.8867 -40.1799 -54.9469 -29.4999 -38.9473 -33.2192 -53.7802 -70.4732 -30.3652 -52.9381 -58.2849 -35.2515 -50.8037  -44.061 -65.5661 -23.0662 -65.4197 -59.8057 -28.9074 -66.7284 -48.1288 -111.314 -37.8376 -35.0164 -60.5667 -59.0907 -45.2068 -37.5901 -63.3047 -40.0976 -41.2814
-41.3873 -48.5997 -44.5075 -44.3358 -50.4899  -39.162 -46.8645 -60.9101 -55.2246 -41.6034 -53.2522 -59.2994 -71.2226 -52.4962 -33.9086 -59.8403 -52.2355 -57.3556 -68.3671 -42.2112 -47.6043 -43.7908 -56.0235 -49.1295 -44.6839 -50.2149 -51.9278 -18.1677 -37.0597  -59.353 -50.5961 -64.2429 -50.6793 -54.3238 -40.7053 -49.1845 -63.5421 -48.2468 -60.3809 -75.1012 -37.8376 -110.315 -46.4369 -51.1393 -54.2097 -39.0025 -28.5818 -61.8503 -44.9878  -57.489
-23.7112 -34.2939 -43.5634 -48.0477 -75.2817 -33.4211 -50.6142 -55.6765 -46.0607 -36.2746 -52.7915 -40.3222 -56.0214 -46.5503  -42.535 -50.5324 -62.2672 -55.8097 -47.2633 -49.3342 -39.7693 -52.7319 -46.3969    -48.1 -36.6117 -68.0852 -37.3081 -22.0111 -56.7254 -52.2577 -39.0171 -69.7438 -55.9005  -52.413 -68.5759 -45.0993 -56.7058 -25.4049 -46.9925 -47.9803 -35.0164 -46.4369 -110.939 -66.3481 -49.3912 -18.6901 -7.83032 -41.9761 -33.0459  -45.134
-53.7634  -61.371 -75.6276 -81.4473 -98.5119 -66.9868  -89.662 -73.0279 -70.6284  -62.744 -48.1438 -69.8613 -84.6993 -77.8356 -60.6622 -84.6172 -56.1654 -52.3896 -72.4788 -51.1304 -75.4761 -85.5082 -54.0584 -81.9797 -76.5686 -84.9924 -65.3348 -45.9347 -83.2976 -82.6401 -55.6139 -86.5634 -75.7627 -81.5316  -69.015 -95.7884 -78.2708 -41.9461 -79.2845   -84.42 -60.5667 -51.1393 -66.3481 -155.439 -82.1926 -45.3034  -60.255 -66.9953 -69.9365 -77.9294
-36.2309 -37.4196  -66.868  -52.086 -64.5341  -52.781 -60.9915 -64.6479 -56.7796 -58.9155 -67.5563 -49.6318 -78.0127 -58.9482 -32.5335 -77.1764 -46.1975 -73.1504 -51.1233 -68.0591 -63.7528 -77.0869 -49.7883 -62.6494 -37.7007 -45.0336 -83.3784 -37.7693  -85.628 -53.2186 -54.5431 -97.4104 -63.2825 -70.8308 -53.6203 -70.0465 -81.0186 -41.9417 -76.3221 -58.9672 -59.0907 -54.2097 -49.3912 -82.1926 -143.397 -40.6499 -37.2182 -52.5079 -70.4523 -36.9038
-48.8654 -32.8887 -47.1303  -32.675 -59.1509 -40.8934 -28.2862 -51.7515 -44.1456 -33.7561 -37.6948 -45.1756 -51.1086 -52.2719 -54.6899 -50.1999 -42.6776 -46.9111 -46.8874 -31.1127 -42.0967 -47.4953 -38.6187   -52.46 -44.2091 -39.4648 -49.7206 -44.7719 -34.1467 -25.0754 -51.1911 -28.9606 -38.7681 -55.3518 -26.5156  -41.788 -34.8142 -38.2433 -41.6492 -44.2115 -45.2068 -39.0025 -18.6901 -45.3034 -40.6499 -101.624  -18.569 -51.6436  -36.395 -57.0204
-37.9003  -18.885 -31.6344 -26.3088 -39.4118 -22.4285  -46.035  -50.248 -42.1854 -37.8384 -23.6321  -49.822 -37.9308 -45.6495 -23.7405  -39.508 -28.9107 -22.7044 -19.0848 -39.3029 -33.8758 -49.7536 -17.9097 -39.8537 -39.6406 -44.3682 -43.8306 -3.97005 -30.2156 -48.6531 -33.0792 -29.0647 -36.8765 -30.2032 -24.4613 -40.1817 -31.6141 -24.1038 -51.2294 -38.3756 -37.5901 -28.5818 -7.83032  -60.255 -37.2182  -18.569 -78.8065  -36.502 -36.8666  -35.427
-44.6613 -65.6864 -54.7805  -53.524 -84.9457 -53.5021 -57.5058 -74.2249 -84.1807 -31.9635 -47.3813 -58.1672 -94.6692 -52.2833 -58.0704 -90.6532 -65.6083 -55.8614  -71.441 -46.4339 -53.3429 -60.1205 -59.2772 -71.5007 -62.8559 -62.4094 -77.2721 -28.1278  -69.938 -54.1183 -55.2357 -47.1572 -45.5141 -64.5048 -49.0213  -54.596 -69.9489 -32.0184 -65.1511 -74.4112 -63.3047 -61.8503 -41.9761 -66.9953 -52.5079 -51.6436  -36.502  -143.44 -49.4802 -59.8963
-34.5687 -22.8667  -38.745 -47.2941 -52.7385   -30.37 -63.6104 -54.2038 -29.7258 -38.7633 -33.5643 -42.9183 -49.5448 -55.0557 -38.5312 -54.9758 -38.2158 -43.5594 -52.3818  -42.947 -60.2401 -47.4994 -52.8475  -30.622 -47.8444 -50.6303 -51.9143 -29.0662 -63.4226  -51.838 -25.3823 -62.2284 -49.7368 -34.4577 -46.0859 -49.6023 -55.3546 -42.9711 -55.8548 -42.1827 -40.0976 -44.9878 -33.0459 -69.9365 -70.4523  -36.395 -36.8666 -49.4802 -94.0711 -48.9072
-53.7697 -44.9319  -53.206 -47.1436 -55.5551 -41.7036 -66.3842 -63.8853 -48.6682 -37.2767 -30.6058 -60.2362 -50.3628 -71.5444 -53.3776 -63.1046 -42.3984 -46.7376 -40.5583 -32.5731 -59.4496 -45.6307 -47.1425 -63.3759 -57.9173 -71.1627 -50.3225 -24.9611 -48.2835 -52.5747 -53.1023  -54.159 -68.2034 -57.5172 -29.5455 -55.6032 -61.6629 -29.5694 -58.5912 -68.3513 -41.2814  -57.489  -45.134 -77.9294 -36.9038 -57.0204  -35.427 -59.8963 -48.9072 -131.897
  2.34829  0.624688  0.403424  -0.59374 -0.240041 -0.581976 -0.445211   2.88453   2.75201   2.26924 -0.822279 -0.892678 0.0787288  0.334469 -0.638401   2.36641   2.57542 -0.331813   2.34278   2.36338   1.04686   1.70323  0.923157 -0.526401 -0.640981        -0        -0        -0        -0        -0        -0        -0        -0        -0        -0        -0        -0        -0        -0        -0        -0        -0        -0        -0        -0        -0        -0        -0        -0        -0
 0.624688 -0.596848 0.0299226 -0.166553 -0.320116 0.0366002 -0.354356 -0.378785 -0.923984  0.503078   2.43736 -0.150757   1.19372  -0.33558  0.544482   1.50036   2.44445 -0.106519   2.91707   1.69555   1.49301 -0.639226 -0.259875   2.78232  0.545642        -0        -0        -0        -0        -0        -0        -0        -0        -0        -0        -0        -0        -0        -0        -0        -0        -0        -0        -0        -0        -0        -0        -0        -0        -0
 0.403424 0.0299226   2.78966 -0.398285 -0.158636   2.83037  0.367134 -0.313083  0.154045    2.6853  0.966816 -0.119857 -0.247195   2.97593  0.839068  0.114007   2.02963  0.958781   2.53983   2.82116  0.375411 -0.498775 -0.447553   2.96647   2.99462        -0        -0        -0        -0        -0        -0        -0        -0        -0        -0        -0        -0        -0        -0        -0        -0        -0        -0        -0        -0        -0        -0        -0        -0        -0
  -0.59374  -0.166553  -0.398285     2.7388  -0.103582  -0.781832   0.705848   -0.04996   0.935852     1.6094    2.52451    2.78026    2.74248  -0.493579    1.51381  0.0466578 -0.0772036    2.00816     1.7105    1.43313     2.4038    2.78805   0.362029   0.103851    2.70481         -0         -0         -0         -0         -0         -0         -0         -0         -0         -0         -0         -0         -0         -0         -0         -0         -0         -0         -0         -0         -0         -0         -0         -0         -0
-0.240041 -0.320116 -0.158636 -0.103582  0.823431   2.83395   2.69605  0.201076 0.0175914   2.18467   2.76296   1.55377 -0.487036 -0.872943   2.09352   1.81377   2.93917  0.318436   1.14359 -0.307259 -0.249055  0.549071   2.98254  0.771665   2.45884        -0        -0        -0        -0        -0        -0        -0        -0        -0        -0        -0        -0        -0        -0        -0        -0        -0        -0        -0        -0        -0        -0        -0        -0        -0
 -0.581976  0.0366002    2.83037  -0.781832    2.83395   0.708876    1.49522   -0.62965  -0.852925  -0.751287   0.460647    1.34989 -0.0163143   0.661184    1.30922   0.926884  -0.322445    2.73603   -0.83374  -0.200562    1.65482  -0.527205   0.354493    1.93925  -0.683946         -0         -0         -0         -0         -0         -0         -0         -0         -0         -0         -0         -0         -0         -0         -0         -0         -0         -0         -0         -0         -0         -0         -0         -0         -0
-0.445211 -0.354356  0.367134  0.705848   2.69605   1.49522   1.12387  0.504829  0.820386   1.36141   1.79375   2.95799    2.8498  0.585149   2.84827  0.408257 -0.710794   1.58358   2.37869  0.775912   1.76717  0.834913 -0.934737   2.02701 -0.821596        -0        -0        -0        -0        -0        -0        -0        -0        -0        -0        -0        -0        -0        -0        -0        -0        -0        -0        -0        -0        -0        -0        -0        -0        -0
  2.88453 -0.378785 -0.313083  -0.04996  0.201076  -0.62965  0.504829   0.84672  0.638806   2.26069  0.266041  0.991134  0.362207   1.32077   2.75794 -0.641749   1.43953 -0.237111   2.03707 -0.390193    2.4465 -0.957918 -0.656685   1.51179   2.24116        -0        -0        -0        -0        -0        -0        -0        -0        -0        -0        -0        -0        -0        -0        -0        -0        -0        -0        -0        -0        -0        -0        -0        -0        -0
  2.75201 -0.923984  0.154045  0.935852 0.0175914 -0.852925  0.820386  0.638806 -0.166007  0.402757   0.14595 -0.683296  0.863829   1.41399   1.28514   2.76595  0.791562   1.76566   1.12504 -0.660734   1.47599  0.848206  0.855718   2.49169 -0.717472        -0        -0        -0        -0        -0        -0        -0        -0        -0        -0        -0        -0        -0        -0        -0        -0        -0        -0        -0        -0        -0        -0        -0        -0        -0
  2.26924  0.503078    2.6853    1.6094   2.18467 -0.751287   1.36141   2.26069  0.402757 -0.702736  0.403149    2.4825   2.63006  0.327626 -0.645305   2.92206  0.335864   2.50638   1.38685 -0.513588  0.200307  0.238712   2.85331 -0.610963  0.282256        -0        -0        -0        -0        -0        -0        -0        -0        -0        -0        -0        -0        -0        -0        -0        -0        -0        -0        -0        -0        -0        -0        -0        -0        -0
-0.822279   2.43736  0.966816   2.52451   2.76296  0.460647   1.79375  0.266041   0.14595  0.403149 -0.549284  0.754098   2.91598   1.83374   2.88499   2.45177  0.253299 -0.297939 -0.644495   1.75339  -0.86076 -0.206973  0.892387   1.49433 0.0128234        -0        -0        -0        -0        -0        -0        -0        -0        -0        -0        -0        -0        -0        -0        -0        -0        -0        -0        -0        -0        -0        -0        -0        -0        -0
-0.892678 -0.150757 -0.119857   2.78026   1.55377   1.34989   2.95799  0.991134 -0.683296    2.4825  0.754098  0.777351 -0.786284   2.39768   2.94633   1.07517   2.71845   2.44321  0.861067 -0.494474   2.27542 -0.496973   1.32851 -0.153812   2.22178        -0        -0        -0        -0        -0        -0        -0        -0        -0        -0        -0        -0        -0        -0        -0        -0        -0        -0        -0        -0        -0        -0        -0        -0        -0
 0.0787288    1.19372  -0.247195    2.74248  -0.487036 -0.0163143     2.8498   0.362207   0.863829    2.63006    2.91598  -0.786284    2.58805   0.177426   0.939845    2.77034    1.74412    2.79558  -0.029572     2.8651    1.97622  -0.994114   0.688227  -0.545699  -0.690736         -0         -0         -0         -0         -0         -0         -0         -0         -0         -0         -0         -0         -0         -0         -0         -0         -0         -0         -0         -0         -0         -0         -0         -0         -0
 0.334469  -0.33558   2.97593 -0.493579 -0.872943  0.661184  0.585149   1.32077   1.41399  0.327626   1.83374   2.39768  0.177426 -0.804055   1.20577    2.2097   0.61155   2.14159  0.118394  0.790463 -0.250953 -0.760474  0.934469   1.83765   2.52461        -0        -0        -0        -0        -0        -0        -0        -0        -0        -0        -0        -0        -0        -0        -0        -0        -0        -0        -0        -0        -0        -0        -0        -0        -0
-0.638401  0.544482  0.839068   1.51381   2.09352   1.30922   2.84827   2.75794   1.28514 -0.645305   2.88499   2.94633  0.939845   1.20577   1.36032 -0.639687    2.4844  0.234775 -0.373275   1.63057   2.61469   1.97901 -0.823281   1.70191   1.71347        -0        -0        -0        -0        -0        -0        -0        -0        -0        -0        -0        -0        -0        -0        -0        -0        -0        -0        -0        -0        -0        -0        -0        -0        -0
  2.36641   1.50036  0.114007 0.0466578   1.81377  0.926884  0.408257 -0.641749   2.76595   2.92206   2.45177   1.07517   2.77034    2.2097 -0.639687 -0.874967   1.66618  0.131449 -0.523193   1.25194   2.46263  0.206193   1.92694 -0.692385 -0.301698        -0        -0        -0        -0        -0        -0        -0        -0        -0        -0        -0        -0        -0        -0        -0        -0        -0        -0        -0        -0        -0        -0        -0        -0        -0
   2.57542    2.44445    2.02963 -0.0772036    2.93917  -0.322445  -0.710794    1.43953   0.791562   0.335864   0.253299    2.71845    1.74412    0.61155     2.4844    1.66618  0.0633174   -0.60511   0.820455    1.14597    2.50244  -0.621235     1.7275  -0.269967    1.01894         -0         -0         -0         -0         -0         -0         -0         -0         -0         -0         -0         -0         -0         -0         -0         -0         -0         -0         -0         -0         -0         -0         -0         -0         -0
-0.331813 -0.106519  0.958781   2.00816  0.318436   2.73603   1.58358 -0.237111   1.76566   2.50638 -0.297939   2.44321   2.79558   2.14159  0.234775  0.131449  -0.60511 -0.046779 -0.930062 -0.508367 -0.879784   1.25444 -0.320254 0.0304184   2.55966        -0        -0        -0        -0        -0        -0        -0        -0        -0        -0        -0        -0        -0        -0        -0        -0        -0        -0        -0        -0        -0        -0        -0        -0        -0
  2.34278   2.91707   2.53983    1.7105   1.14359  -0.83374   2.37869   2.03707   1.12504   1.38685 -0.644495  0.861067 -0.029572  0.118394 -0.373275 -0.523193  0.820455 -0.930062 -0.727609   2.22237   2.32773 -0.817587   1.93282  0.995842  0.152602        -0        -0        -0        -0        -0        -0        -0        -0        -0        -0        -0        -0        -0        -0        -0        -0        -0        -0        -0        -0        -0        -0        -0        -0        -0
  2.36338   1.69555   2.82116   1.43313 -0.307259 -0.200562  0.775912 -0.390193 -0.660734 -0.513588   1.75339 -0.494474    2.8651  0.790463   1.63057   1.25194   1.14597 -0.508367   2.22237   2.26436  0.292904  0.127812   1.96702    1.6645 -0.143409        -0        -0        -0        -0        -0        -0        -0        -0        -0        -0        -0        -0        -0        -0        -0        -0        -0        -0        -0        -0        -0        -0        -0        -0        -0
  1.04686   1.49301  0.375411    2.4038 -0.249055   1.65482   1.76717    2.4465   1.47599  0.200307  -0.86076   2.27542   1.97622 -0.250953   2.61469   2.46263   2.50244 -0.879784   2.32773  0.292904   1.75078  0.869127   2.65876  0.207137   1.26156        -0        -0        -0        -0        -0        -0        -0        -0        -0        -0        -0        -0        -0        -0        -0        -0        -0        -0        -0        -0        -0        -0        -0        -0        -0
  1.70323 -0.639226 -0.498775   2.78805  0.549071 -0.527205  0.834913 -0.957918  0.848206  0.238712 -0.206973 -0.496973 -0.994114 -0.760474   1.97901  0.206193 -0.621235   1.25444 -0.817587  0.127812  0.869127   2.64504 -0.860982 -0.077219  0.460217        -0        -0        -0        -0        -0        -0        -0        -0        -0        -0        -0        -0        -0        -0        -0        -0        -0        -0        -0        -0        -0        -0        -0        -0        -0
 0.923157 -0.259875 -0.447553  0.362029   2.98254  0.354493 -0.934737 -0.656685  0.855718   2.85331  0.892387   1.32851  0.688227  0.934469 -0.823281   1.92694    1.7275 -0.320254   1.93282   1.96702   2.65876 -0.860982   2.34579  0.391998  0.586624        -0        -0        -0        -0        -0        -0        -0        -0        -0        -0        -0        -0        -0        -0        -0        -0        -0        -0        -0        -0        -0        -0        -0        -0        -0
-0.526401   2.78232   2.96647  0.103851  0.771665   1.93925   2.02701   1.51179   2.49169 -0.610963   1.49433 -0.153812 -0.545699   1.83765   1.70191 -0.692385 -0.269967 0.0304184  0.995842    1.6645  0.207137 -0.077219  0.391998  0.886883   2.29198        -0        -0        -0        -0        -0        -0        -0        -0        -0        -0        -0        -0        -0        -0        -0        -0        -0        -0        -0        -0        -0        -0        -0        -0        -0
-0.640981  0.545642   2.99462   2.70481   2.45884 -0.683946 -0.821596   2.24116 -0.717472  0.282256 0.0128234   2.22178 -0.690736   2.52461   1.71347 -0.301698   1.01894   2.55966  0.152602 -0.143409   1.26156  0.460217  0.586624   2.29198   2.45606        -0        -0        -0        -0        -0        -0        -0        -0        -0        -0        -0        -0        -0        -0        -0        -0        -0        -0        -0        -0        -0        -0        -0        -0        -0
        -0         -0         -0         -0         -0         -0         -0         -0         -0         -0         -0         -0         -0         -0         -0         -0         -0         -0         -0         -0         -0         -0         -0         -0         -0   -2.34829  -0.624688  -0.403424    0.59374   0.240041   0.581976   0.445211   -2.88453   -2.75201   -2.26924   0.822279   0.892678 -0.0787288  -0.334469   0.638401   -2.36641   -2.57542   0.331813   -2.34278   -2.36338   -1.04686   -1.70323  -0.923157   0.526401   0.640981
        -0         -0         -0         -0         -0         -0         -0         -0         -0         -0         -0         -0         -0         -0         -0         -0         -0         -0         -0         -0         -0         -0         -0         -0         -0  -0.624688   0.596848 -0.0299226   0.166553   0.320116 -0.0366002   0.354356   0.378785   0.923984  -0.503078   -2.43736   0.150757   -1.19372    0.33558  -0.544482   -1.50036   -2.44445   0.106519   -2.91707   -1.69555   -1.49301   0.639226   0.259875   -2.78232  -0.545642
        -0         -0         -0         -0         -0         -0         -0         -0         -0         -0         -0         -0         -0         -0         -0         -0         -0         -0         -0         -0         -0         -0         -0         -0         -0  -0.403424 -0.0299226   -2.78966   0.398285   0.158636   -2.83037  -0.367134   0.313083  -0.154045    -2.6853  -0.966816   0.119857   0.247195   -2.97593  -0.839068  -0.114007   -2.02963  -0.958781   -2.53983   -2.82116  -0.375411   0.498775   0.447553   -2.96647   -2.99462
        -0         -0         -0         -0         -0         -0         -0         -0         -0         -0         -0         -0         -0         -0         -0         -0         -0         -0         -0         -0         -0         -0         -0         -0         -0    0.59374   0.166553   0.398285    -2.7388   0.103582   0.781832  -0.705848    0.04996  -0.935852    -1.6094   -2.52451   -2.78026   -2.74248   0.493579   -1.51381 -0.0466578  0.0772036   -2.00816    -1.7105   -1.43313    -2.4038   -2.78805  -0.362029  -0.103851   -2.70481
        -0         -0         -0         -0         -0         -0         -0         -0         -0         -0         -0         -0         -0         -0         -0         -0         -0         -0         -0         -0         -0         -0         -0         -0         -0   0.240041   0.320116   0.158636   0.103582  -0.823431   -2.83395   -2.69605  -0.201076 -0.0175914   -2.18467   -2.76296   -1.55377   0.487036   0.872943   -2.09352   -1.81377   -2.93917  -0.318436   -1.14359   0.307259   0.249055  -0.549071   -2.98254  -0.771665   -2.45884
        -0         -0         -0         -0         -0         -0         -0         -0         -0         -0         -0         -0         -0         -0         -0         -0         -0         -0         -0         -0         -0         -0         -0         -0         -0   0.581976 -0.0366002   -2.83037   0.781832   -2.83395  -0.708876   -1.49522    0.62965   0.852925   0.751287  -0.460647   -1.34989  0.0163143  -0.661184   -1.30922  -0.926884   0.322445   -2.73603    0.83374   0.200562   -1.65482   0.527205  -0.354493   -1.93925   0.683946
       -0        -0        -0        -0        -0        -0        -0        -0        -0        -0        -0        -0        -0        -0        -0        -0        -0        -0        -0        -0        -0        -0        -0        -0        -0  0.445211  0.354356 -0.367134 -0.705848  -2.69605  -1.49522  -1.12387 -0.504829 -0.820386  -1.36141  -1.79375  -2.95799   -2.8498 -0.585149  -2.84827 -0.408257  0.710794  -1.58358  -2.37869 -0.775912  -1.76717 -0.834913  0.934737  -2.02701  0.821596
