50
1
50
  0.0501905  0.00804954   -0.107734    0.208217      0.0966   0.0781945    0.194603  -0.0321271    0.164419  -0.0631643   -0.115706  -0.0687911  0.00983583   0.0792299   -0.245168   -0.388077   -0.248785 -0.00263543    0.135838   -0.335088  0.00880621   0.0289239  -0.0261642   0.0294499   0.0734098   -0.168675   -0.161153   -0.101769    0.150024   0.0822937  -0.0563289  -0.0221481  -0.0879973   -0.253498   0.0224074   0.0685012    0.222237  -0.0596327    0.166849  -0.0635498   -0.107521  -0.0340591    0.160513  -0.0185097    0.174649  0.00227617   -0.100729   -0.181964    0.197164   -0.100884
 -127.18 -48.5165 -62.3841 -57.2806 -43.3203 -73.7606 -60.7793 -60.1665 -21.8918 -78.5286 -71.7489 -52.1927 -65.5147 -45.8473 -65.9092 -59.4615 -62.8469 -57.3476 -47.2004 -64.0127 -40.8994 -60.1218 -53.7287  -35.456 -79.2101 -59.1912 -45.0866 -59.4621 -44.7319 -73.1355 -49.6304 -65.5006 -62.0873  -67.978 -47.2753 -63.3314 -48.8813 -37.1354 -44.9363  -53.183 -59.5964 -58.9565 -36.5957 -50.0909 -40.6991 -73.8203 -60.7113 -77.0525 -47.7938  -47.699
-48.5165 -132.731 -32.4096 -50.4745   -62.63 -48.1898 -56.9111 -35.3792 -39.6995 -44.1277 -66.4827 -22.3036 -23.2717 -46.2386 -66.8615  -77.127 -50.3843 -69.4032 -22.9643 -36.9139  -44.795 -47.8435 -50.5062 -49.1742 -62.8261 -52.5755 -45.1437 -37.1555 -49.0336 -50.6445 -57.4425 -69.1597 -43.8547 -45.4693 -43.0527 -71.7859 -51.7922 -41.6353 -37.6698 -67.3628  -58.703  -48.418 -63.0465  -35.177 -38.0856 -56.2456 -47.4064 -67.6477 -54.5865 -47.1801
-62.3841 -32.4096 -104.417 -64.5613 -35.5242 -45.0575 -45.0279 -55.0167  -37.142 -70.3341 -59.4834  -34.354 -55.7276   -36.85   -44.05 -60.3283 -70.3308 -56.3634 -49.8822 -62.3699 -33.7907 -32.6631 -43.4185 -36.6438  -65.929 -68.1789 -56.3957 -61.8084  -55.954  -61.641 -61.7415 -65.2668 -66.6807 -48.9056  -43.344  -66.595 -41.8338 -54.4518  -66.981 -53.8238  -62.491 -48.8351 -48.8064 -47.8973 -32.1407 -58.9108 -54.4978 -66.1645 -46.9962 -47.8827
-57.2806 -50.4745 -64.5613 -125.764 -44.7586 -62.0177 -54.7308 -34.8264 -49.9112 -54.4235 -63.4365 -43.8718 -52.7633 -47.1147 -52.3795 -74.2814 -72.6013 -68.5733 -53.1103 -58.5572 -27.4567 -39.5135 -40.5262 -58.3728 -54.4031 -67.6044 -46.0843 -54.7454 -57.5864   -57.59 -55.4259  -58.405 -69.1776 -47.1131 -46.9519 -70.9788 -39.2604 -50.9985 -35.3309 -60.8696 -62.4923 -38.9669 -45.9268  -48.932 -38.4905 -65.5592 -69.7837 -71.3039 -64.0213 -46.5949
-43.3203   -62.63 -35.5242 -44.7586 -105.845 -54.5768 -33.0351 -56.6892 -37.7572 -50.7687 -50.5072  -38.866 -47.4861 -48.0073 -58.3721 -63.6529 -61.7412 -68.3778 -25.2788 -39.0661 -45.7626 -49.4551 -37.3859 -40.4673 -43.5978 -65.4365 -33.7279 -38.3771 -51.4253  -53.357 -52.7785 -57.0236    -43.9 -30.0397  -56.336 -58.1216 -59.8712 -38.5911 -39.0266 -44.3688 -43.4506  -54.896 -50.8778 -46.7137   -27.67 -56.7394 -37.2516 -57.9544  -64.881 -39.8617
-73.7606 -48.1898 -45.0575 -62.0177 -54.5768 -123.342 -42.0962 -47.3196 -39.0258 -59.7247 -48.6283 -26.3443 -52.0579 -51.0603 -40.1538 -76.3487 -47.8348 -40.0551 -38.3068 -53.4661 -25.1668 -57.9641 -46.7369 -29.1693 -70.2577  -63.133 -18.9894 -59.1178  -52.382 -56.4777 -27.2091 -60.9275 -79.2978 -45.8607 -30.1651 -55.6466  -47.375 -50.6483 -38.5615 -71.6552 -41.6195 -38.0778 -38.3219 -46.1899 -37.2388 -45.3322 -67.9823 -62.1559  -59.247 -39.8097
-60.7793 -56.9111 -45.0279 -54.7308 -33.0351 -42.0962 -106.324 -30.4043 -29.1212 -50.8645 -62.2491 -27.0919 -47.2448  -17.643 -51.8703 -54.8912 -65.3805  -48.605 -31.6987 -31.9332 -27.1839 -25.6194  -27.857 -43.9781 -74.6568 -41.3532 -43.1131 -53.0361 -45.6434 -47.9771 -41.8681 -64.1179 -45.6166 -39.7669 -26.4595 -53.8306 -32.7988 -28.6498 -29.6943 -49.2149 -42.8579  -38.493 -44.2867 -24.1285  -38.806 -52.3698 -47.1196 -47.2585 -47.6645 -56.7691
-60.1665 -35.3792 -55.0167 -34.8264 -56.6892 -47.3196 -30.4043 -112.449 -40.0643 -53.3882 -41.6987 -22.7942 -40.3203 -32.5232 -54.2435 -42.5841 -47.8767 -51.0742 -22.9272 -49.0777 -60.2036 -46.2347 -24.4386 -47.6438 -66.5252 -56.0375 -46.9314 -52.3177 -45.3912 -50.3457 -48.9218 -63.0481 -38.7011 -41.4725 -58.3546  -50.042 -51.4174 -26.4664 -39.2537 -43.2417 -48.9845  -56.537 -39.7196 -47.0232 -25.0195  -48.426 -35.1593 -44.8011 -47.8312 -27.8582
-21.8918 -39.6995  -37.142 -49.9112 -37.7572 -39.0258 -29.1212 -40.0643 -98.9079 -33.4953 -50.5717 -25.4169 -36.9715 -32.7506 -48.5935  -40.841 -50.7709 -36.1817 -23.4014 -40.3537 -29.8271 -30.3538 -26.7096 -37.4621 -46.8699 -36.4991 -31.8463 -49.5444 -58.0923 -38.1602 -36.9579 -41.0304 -41.8444 -24.5034 -33.1339 -31.8211 -35.1561 -38.8637 -57.4134 -40.2687 -26.9955 -20.5286 -52.3488 -40.6938 -9.33829 -46.4575 -44.9322 -36.6899 -52.4162 -35.9796
-78.5286 -44.1277 -70.3341 -54.4235 -50.7687 -59.7247 -50.8645 -53.3882 -33.4953 -133.674 -65.7494 -45.1482 -70.1938 -61.1815 -75.6802 -64.4894 -78.2914 -43.1544 -52.3274 -50.2454 -38.8794 -67.3442 -51.2154 -27.8936 -69.4599 -78.8664  -54.543 -56.6042 -62.2165 -79.2831 -62.6429 -58.0199 -61.1364 -71.5622  -45.465 -64.0835 -63.2997 -49.6348 -61.6333 -40.5877 -44.9386 -61.3158 -49.4537 -53.2813  -36.654 -82.8592 -76.0019 -80.5121 -61.4157 -52.2583
-71.7489 -66.4827 -59.4834 -63.4365 -50.5072 -48.6283 -62.2491 -41.6987 -50.5717 -65.7494 -142.068 -30.4197 -60.7245  -52.595 -74.3627 -63.2413 -82.6225 -63.0489 -57.6642 -59.3701 -39.6544 -68.9427 -67.2448 -54.4366 -71.4886 -56.6981 -66.6906 -57.7998 -52.5925  -72.808 -63.6983 -71.2524 -48.7459 -50.9815 -70.9798 -53.0881  -43.987 -64.2199 -57.8717  -72.769 -64.7129 -63.9037 -64.2577 -55.3596 -50.3927 -94.3228 -60.9613 -84.1757 -63.7871 -81.1401
-52.1927 -22.3036  -34.354 -43.8718  -38.866 -26.3443 -27.0919 -22.7942 -25.4169 -45.1482 -30.4197 -82.9387 -38.5245 -46.6022 -41.3453 -39.1993 -61.0145 -46.8138 -26.5644   -23.75 -23.7585 -38.4959 -26.2708 -29.0594 -23.9216 -41.5504 -19.7707 -31.8378 -43.0487 -34.6193 -43.7375 -43.3931 -32.8991 -42.2971 -30.4083 -43.1262 -33.9368 -27.6817 -42.1752 -10.7041 -23.2873 -32.7108 -27.4573 -39.1227 -13.6611 -46.0873 -35.9683 -45.0602 -19.0765 -24.8521
-65.5147 -23.2717 -55.7276 -52.7633 -47.4861 -52.0579 -47.2448 -40.3203 -36.9715 -70.1938 -60.7245 -38.5245 -132.631 -50.7016 -39.3388 -47.1476 -75.8986 -40.6036 -45.1313 -63.0254 -31.2883 -47.3982 -34.6192  -36.671 -56.8783 -41.2763 -44.9788 -51.9959 -71.7252 -53.8005 -51.8445 -31.7786 -46.6521 -50.8785 -54.6667 -43.3493 -52.8359 -35.3139  -34.865 -33.8127 -37.8604  -37.068 -50.3277 -35.8646 -8.50277 -71.3611 -45.8771 -69.8743 -44.9737 -37.6766
-45.8473 -46.2386   -36.85 -47.1147 -48.0073 -51.0603  -17.643 -32.5232 -32.7506 -61.1815  -52.595 -46.6022 -50.7016 -111.299 -60.2114 -70.3901 -51.6571 -37.5788 -26.1572 -38.7428 -24.1694 -63.7976 -40.6818 -34.2563 -44.5588 -60.8152 -39.2326 -35.5515 -51.0173 -54.7557 -49.4945 -52.4317  -48.088 -38.6291 -36.5809 -56.1602 -48.1081 -34.5571 -60.5158 -43.4243 -42.4053 -55.1262 -55.2463 -49.6781 -28.0775  -51.643 -56.2763 -74.7412  -46.174 -34.7839
-65.9092 -66.8615   -44.05 -52.3795 -58.3721 -40.1538 -51.8703 -54.2435 -48.5935 -75.6802 -74.3627 -41.3453 -39.3388 -60.2114 -126.096 -62.9079 -57.5214 -38.1486 -30.4192 -42.0623 -51.2313 -68.1814 -40.8358  -38.374 -73.2699 -68.5631 -43.6396 -59.9959 -57.9609 -84.2467 -71.8988 -56.7225   -35.63 -70.0037 -46.4001 -58.8879 -58.9206 -39.9165 -56.9957 -44.1403 -61.7793 -58.9052 -66.7777 -45.6229 -33.5451 -78.8747 -58.6996  -87.177 -62.0348 -59.5214
-59.4615  -77.127 -60.3283 -74.2814 -63.6529 -76.3487 -54.8912 -42.5841  -40.841 -64.4894 -63.2413 -39.1993 -47.1476 -70.3901 -62.9079 -144.541 -62.7853 -56.7298  -37.926 -56.3311 -25.1303 -58.0015 -54.7948 -35.5831 -71.8893 -90.0746 -54.6478 -46.0542 -60.5289 -66.8636 -37.4918 -79.4018 -53.6368 -54.9228 -43.6024 -65.4486 -38.8398 -45.2398 -53.8541 -56.8345   -64.81 -35.9223 -66.0292 -54.5728 -39.7955 -54.6253 -61.5225 -73.1246  -64.845 -56.0907
-62.8469 -50.3843 -70.3308 -72.6013 -61.7412 -47.8348 -65.3805 -47.8767 -50.7709 -78.2914 -82.6225 -61.0145 -75.8986 -51.6571 -57.5214 -62.7853 -145.455 -67.3839 -44.8033  -56.432 -29.9284 -49.1018 -54.7676 -63.2968 -57.4654 -73.8968 -58.4385  -62.481 -71.9702   -62.64 -70.2042 -79.2144 -49.1054 -45.2855 -70.1053 -66.9406 -48.3934 -56.1861 -49.3312 -45.0541 -53.6706 -65.7246 -64.6044 -46.4826 -46.5736 -80.1236 -65.3649 -78.5602 -66.3773 -56.5515
-57.3476 -69.4032 -56.3634 -68.5733 -68.3778 -40.0551  -48.605 -51.0742 -36.1817 -43.1544 -63.0489 -46.8138 -40.6036 -37.5788 -38.1486 -56.7298 -67.3839 -130.314  -30.509 -38.9064 -42.9537 -42.7258 -58.4301 -49.4515 -41.3777 -40.9036 -43.4375 -47.4404 -42.0789 -45.1302 -50.0182 -75.5651 -64.9114 -28.0396 -55.9196 -69.7539 -58.9076 -30.8864 -46.0404 -64.4204 -59.6912 -56.7698 -50.2697 -41.5972 -46.4145 -60.9332 -47.2397 -62.7702 -43.3159  -42.993
-47.2004 -22.9643 -49.8822 -53.1103 -25.2788 -38.3068 -31.6987 -22.9272 -23.4014 -52.3274 -57.6642 -26.5644 -45.1313 -26.1572 -30.4192  -37.926 -44.8033  -30.509 -93.9782 -46.9182 -7.98578 -24.6541 -47.9605 -17.7861 -34.5379 -33.9649 -52.7237 -25.5208 -40.5483 -49.3051 -48.2783 -35.3397 -29.5726 -42.3432 -28.7652 -50.5171  -24.082 -28.5657 -38.6935 -48.1301 -32.5379 -34.7161 -30.9314 -49.9544 -8.62368 -49.7811 -51.6321 -52.7417  -42.731 -43.3028
-64.0127 -36.9139 -62.3699 -58.5572 -39.0661 -53.4661 -31.9332 -49.0777 -40.3537 -50.2454 -59.3701   -23.75 -63.0254 -38.7428 -42.0623 -56.3311  -56.432 -38.9064 -46.9182 -109.759 -22.0973 -54.5466 -47.1094 -18.6114 -60.5561 -61.3782 -44.6675 -54.8827  -53.017 -62.2346 -52.5718 -40.3028 -40.9427 -48.6815 -52.9869 -53.7176 -27.3086  -52.776 -34.2459 -63.0778 -60.9479 -54.1076 -36.6149 -48.0177 -25.8779 -49.4032 -45.6231 -62.2102 -57.3625 -55.7933
-40.8994  -44.795 -33.7907 -27.4567 -45.7626 -25.1668 -27.1839 -60.2036 -29.8271 -38.8794 -39.6544 -23.7585 -31.2883 -24.1694 -51.2313 -25.1303 -29.9284 -42.9537 -7.98578 -22.0973 -76.1696 -40.1337 -11.4619 -48.1353 -55.8271 -35.5654 -25.2976 -38.7547 -39.6811 -42.2135 -47.7246 -41.2618 -33.7836 -40.2472  -46.276 -31.1407 -45.8083 -32.0898 -35.7827 -29.1103 -28.3686 -35.3349 -50.0032 -18.7147 -10.6555 -54.3014 -17.8773 -38.8297 -41.2777 -28.0828
-60.1218 -47.8435 -32.6631 -39.5135 -49.4551 -57.9641 -25.6194 -46.2347 -30.3538 -67.3442 -68.9427 -38.4959 -47.3982 -63.7976 -68.1814 -58.0015 -49.1018 -42.7258 -24.6541 -54.5466 -40.1337 -110.839  -37.245 -19.6295 -68.8672 -60.9891 -41.3125 -57.4122 -44.6067 -60.9762 -47.4745 -56.0371 -42.9532 -66.4955 -48.3412 -37.8834 -48.0029 -48.8393 -34.4377 -49.0024 -46.1821 -51.0042 -46.8121  -48.216 -44.4867 -67.2901 -53.0898 -60.9097 -45.1312 -50.7686
-53.7287 -50.5062 -43.4185 -40.5262 -37.3859 -46.7369  -27.857 -24.4386 -26.7096 -51.2154 -67.2448 -26.2708 -34.6192 -40.6818 -40.8358 -54.7948 -54.7676 -58.4301 -47.9605 -47.1094 -11.4619  -37.245 -95.4749 -13.2413 -33.3017 -39.3979 -42.9539 -36.9711 -36.3367 -46.6101 -37.2315 -57.1048 -34.8846 -41.6163 -57.1422 -51.2219 -49.4243 -30.5127 -51.7448 -57.9726  -38.109 -43.6758 -40.9948 -48.5443 -31.7732 -51.2361 -51.0515 -54.6521 -38.6528 -50.5875
 -35.456 -49.1742 -36.6438 -58.3728 -40.4673 -29.1693 -43.9781 -47.6438 -37.4621 -27.8936 -54.4366 -29.0594  -36.671 -34.2563  -38.374 -35.5831 -63.2968 -49.4515 -17.7861 -18.6114 -48.1353 -19.6295 -13.2413 -97.1868 -39.8829 -46.9889 -30.1064 -35.3982 -49.0667 -28.5275 -42.6316 -45.7032 -42.8403 -10.6888 -47.3718 -38.1923 -39.2431 -38.1052 -24.0907 -28.5039 -45.0345 -26.3388 -47.2933 -36.2945 -23.0639 -56.4818 -26.6424 -45.5209 -43.9777 -21.9458
-79.2101 -62.8261  -65.929 -54.4031 -43.5978 -70.2577 -74.6568 -66.5252 -46.8699 -69.4599 -71.4886 -23.9216 -56.8783 -44.5588 -73.2699 -71.8893 -57.4654 -41.3777 -34.5379 -60.5561 -55.8271 -68.8672 -33.3017 -39.8829 -131.418 -70.6469 -57.9631 -64.4729 -54.5549 -73.9849 -60.4524 -83.9026 -63.8681  -61.839 -41.0862  -51.649 -46.8645 -51.8218  -48.837 -68.6828 -63.6117 -39.1787 -58.8942 -41.0205 -37.6508 -72.4913 -60.0877 -75.7887 -65.4948 -74.4337
-59.1912 -52.5755 -68.1789 -67.6044 -65.4365  -63.133 -41.3532 -56.0375 -36.4991 -78.8664 -56.6981 -41.5504 -41.2763 -60.8152 -68.5631 -90.0746 -73.8968 -40.9036 -33.9649 -61.3782 -35.5654 -60.9891 -39.3979 -46.9889 -70.6469 -136.328 -58.6811  -64.728 -61.4448 -58.2435 -66.5397 -82.8318 -63.5267 -60.1499 -52.6127 -61.5832 -42.3605 -68.4651 -40.3587 -46.7533 -59.7277 -46.9135 -43.6845 -60.8903 -41.6783 -63.8909 -58.3032  -74.216 -67.6836 -42.3708
-45.0866 -45.1437 -56.3957 -46.0843 -33.7279 -18.9894 -43.1131 -46.9314 -31.8463  -54.543 -66.6906 -19.7707 -44.9788 -39.2326 -43.6396 -54.6478 -58.4385 -43.4375 -52.7237 -44.6675 -25.2976 -41.3125 -42.9539 -30.1064 -57.9631 -58.6811 -113.438 -39.9472 -46.3067 -55.5995 -46.7872 -61.7735 -38.0344 -52.5643 -64.9184 -48.1551  -38.537 -36.4366 -42.1308 -46.0424 -42.0099 -38.0081 -61.8753 -55.4061 -28.0758  -43.418 -36.8957 -49.3544 -44.4444 -33.4223
-59.4621 -37.1555 -61.8084 -54.7454 -38.3771 -59.1178 -53.0361 -52.3177 -49.5444 -56.6042 -57.7998 -31.8378 -51.9959 -35.5515 -59.9959 -46.0542  -62.481 -47.4404 -25.5208 -54.8827 -38.7547 -57.4122 -36.9711 -35.3982 -64.4729  -64.728 -39.9472 -114.878 -47.5323 -54.3218 -49.2058  -60.161 -66.6366 -67.0242 -49.0264 -43.3937  -56.282 -57.2875 -60.2086 -59.7555 -50.2176  -41.103 -48.4025 -45.4787 -47.8169 -54.3977 -50.2873  -62.157  -56.181 -40.8232
-44.7319 -49.0336  -55.954 -57.5864 -51.4253  -52.382 -45.6434 -45.3912 -58.0923 -62.2165 -52.5925 -43.0487 -71.7252 -51.0173 -57.9609 -60.5289 -71.9702 -42.0789 -40.5483  -53.017 -39.6811 -44.6067 -36.3367 -49.0667 -54.5549 -61.4448 -46.3067 -47.5323 -114.914 -60.9041 -58.4814 -48.0289 -42.9672 -54.8913 -45.5796 -54.7201 -53.7065 -45.6309 -45.0959 -33.0325  -41.801 -44.9128 -66.2486 -50.0917 -7.33793 -55.0145 -60.2513 -58.1034 -64.9997 -44.5631
-73.1355 -50.6445  -61.641   -57.59  -53.357 -56.4777 -47.9771 -50.3457 -38.1602 -79.2831  -72.808 -34.6193 -53.8005 -54.7557 -84.2467 -66.8636   -62.64 -45.1302 -49.3051 -62.2346 -42.2135 -60.9762 -46.6101 -28.5275 -73.9849 -58.2435 -55.5995 -54.3218 -60.9041 -118.369 -55.4638 -52.6308 -48.3684 -69.4946 -42.1881 -67.9475 -46.2678 -48.2252 -58.9914 -50.8963  -54.536 -61.6761 -63.6004 -37.7169 -31.5621 -79.0503 -61.8666 -82.7908 -78.3066  -58.742
-49.6304 -57.4425 -61.7415 -55.4259 -52.7785 -27.2091 -41.8681 -48.9218 -36.9579 -62.6429 -63.6983 -43.7375 -51.8445 -49.4945 -71.8988 -37.4918 -70.2042 -50.0182 -48.2783 -52.5718 -47.7246 -47.4745 -37.2315 -42.6316 -60.4524 -66.5397 -46.7872 -49.2058 -58.4814 -55.4638 -111.844 -68.7892 -37.8356 -49.2265 -54.9962 -76.4744 -50.3918 -55.8737 -54.5257 -56.5051 -50.2546 -66.4139 -66.8056 -55.7213 -18.9923 -79.9567 -51.8576 -77.8345 -50.6488  -59.562
-65.5006 -69.1597 -65.2668  -58.405 -57.0236 -60.9275 -64.1179 -63.0481 -41.0304 -58.0199 -71.2524 -43.3931 -31.7786 -52.4317 -56.7225 -79.4018 -79.2144 -75.5651 -35.3397 -40.3028 -41.2618 -56.0371 -57.1048 -45.7032 -83.9026 -82.8318 -61.7735  -60.161 -48.0289 -52.6308 -68.7892 -140.442 -60.5293 -37.7425 -59.9088 -77.7661 -45.6421 -57.9793 -60.9221 -66.8814  -53.159 -56.4219 -49.9558 -58.1754 -54.1545 -68.0509 -62.1483 -58.3366  -53.124 -52.5903
-62.0873 -43.8547 -66.6807 -69.1776    -43.9 -79.2978 -45.6166 -38.7011 -41.8444 -61.1364 -48.7459 -32.8991 -46.6521  -48.088   -35.63 -53.6368 -49.1054 -64.9114 -29.5726 -40.9427 -33.7836 -42.9532 -34.8846 -42.8403 -63.8681 -63.5267 -38.0344 -66.6366 -42.9672 -48.3684 -37.8356 -60.5293 -107.505  -33.766 -31.4649 -45.4005  -50.413 -56.2495 -54.5971 -65.7011 -44.2177 -32.9103 -33.9359 -39.5709 -37.1382 -55.0225  -57.356 -58.9921 -53.9018 -30.7588
 -67.978 -45.4693 -48.9056 -47.1131 -30.0397 -45.8607 -39.7669 -41.4725 -24.5034 -71.5622 -50.9815 -42.2971 -50.8785 -38.6291 -70.0037 -54.9228 -45.2855 -28.0396 -42.3432 -48.6815 -40.2472 -66.4955 -41.6163 -10.6888  -61.839 -60.1499 -52.5643 -67.0242 -54.8913 -69.4946 -49.2265 -37.7425  -33.766 -125.059 -42.7246 -60.3874 -41.7075 -28.0046 -50.9224 -31.8584 -33.6908 -40.0143 -56.3539 -35.2389 -15.7474 -53.3738 -55.5777 -65.1004 -41.0956 -41.4198
-47.2753 -43.0527  -43.344 -46.9519  -56.336 -30.1651 -26.4595 -58.3546 -33.1339  -45.465 -70.9798 -30.4083 -54.6667 -36.5809 -46.4001 -43.6024 -70.1053 -55.9196 -28.7652 -52.9869  -46.276 -48.3412 -57.1422 -47.3718 -41.0862 -52.6127 -64.9184 -49.0264 -45.5796 -42.1881 -54.9962 -59.9088 -31.4649 -42.7246 -116.531 -39.9986 -54.1242 -40.6779 -47.0198 -53.0598 -48.1276 -43.4923 -55.7397 -55.3673 -25.4715 -58.1258 -22.1742 -55.2902 -50.3069 -44.3006
-63.3314 -71.7859  -66.595 -70.9788 -58.1216 -55.6466 -53.8306  -50.042 -31.8211 -64.0835 -53.0881 -43.1262 -43.3493 -56.1602 -58.8879 -65.4486 -66.9406 -69.7539 -50.5171 -53.7176 -31.1407 -37.8834 -51.2219 -38.1923  -51.649 -61.5832 -48.1551 -43.3937 -54.7201 -67.9475 -76.4744 -77.7661 -45.4005 -60.3874 -39.9986 -133.781 -52.0928 -48.2019 -60.9284 -58.0315 -62.0172 -80.4303 -79.0972 -59.3472 -42.5525 -59.5864 -69.1466 -76.5533 -50.0166  -38.091
-48.8813 -51.7922 -41.8338 -39.2604 -59.8712  -47.375 -32.7988 -51.4174 -35.1561 -63.2997  -43.987 -33.9368 -52.8359 -48.1081 -58.9206 -38.8398 -48.3934 -58.9076  -24.082 -27.3086 -45.8083 -48.0029 -49.4243 -39.2431 -46.8645 -42.3605  -38.537  -56.282 -53.7065 -46.2678 -50.3918 -45.6421  -50.413 -41.7075 -54.1242 -52.0928 -97.5911 -44.1473 -53.6428 -40.7659 -41.8358 -48.4464 -59.4262 -53.1386  -27.023 -52.4609 -43.3409 -55.9375 -46.1273 -25.2947
-37.1354 -41.6353 -54.4518 -50.9985 -38.5911 -50.6483 -28.6498 -26.4664 -38.8637 -49.6348 -64.2199 -27.6817 -35.3139 -34.5571 -39.9165 -45.2398 -56.1861 -30.8864 -28.5657  -52.776 -32.0898 -48.8393 -30.5127 -38.1052 -51.8218 -68.4651 -36.4366 -57.2875 -45.6309 -48.2252 -55.8737 -57.9793 -56.2495 -28.0046 -40.6779 -48.2019 -44.1473 -107.159 -40.7967 -47.1272 -43.9562 -42.4021 -47.8733 -45.1549 -37.8405  -64.244 -41.4712 -46.0323 -47.4498 -32.4336
-44.9363 -37.6698  -66.981 -35.3309 -39.0266 -38.5615 -29.6943 -39.2537 -57.4134 -61.6333 -57.8717 -42.1752  -34.865 -60.5158 -56.9957 -53.8541 -49.3312 -46.0404 -38.6935 -34.2459 -35.7827 -34.4377 -51.7448 -24.0907  -48.837 -40.3587 -42.1308 -60.2086 -45.0959 -58.9914 -54.5257 -60.9221 -54.5971 -50.9224 -47.0198 -60.9284 -53.6428 -40.7967 -123.371 -55.1527 -45.7615  -48.896  -70.597  -59.453 -22.3252 -52.5403 -49.1252 -64.3281 -43.4167 -50.0497
 -53.183 -67.3628 -53.8238 -60.8696 -44.3688 -71.6552 -49.2149 -43.2417 -40.2687 -40.5877  -72.769 -10.7041 -33.8127 -43.4243 -44.1403 -56.8345 -45.0541 -64.4204 -48.1301 -63.0778 -29.1103 -49.0024 -57.9726 -28.5039 -68.6828 -46.7533 -46.0424 -59.7555 -33.0325 -50.8963 -56.5051 -66.8814 -65.7011 -31.8584 -53.0598 -58.0315 -40.7659 -47.1272 -55.1527  -117.26 -64.0445   -52.87 -48.2359 -45.4065 -45.9882 -49.3092 -55.5492 -76.1268 -51.2849 -64.2463
-59.5964  -58.703  -62.491 -62.4923 -43.4506 -41.6195 -42.8579 -48.9845 -26.9955 -44.9386 -64.7129 -23.2873 -37.8604 -42.4053 -61.7793   -64.81 -53.6706 -59.6912 -32.5379 -60.9479 -28.3686 -46.1821  -38.109 -45.0345 -63.6117 -59.7277 -42.0099 -50.2176  -41.801  -54.536 -50.2546  -53.159 -44.2177 -33.6908 -48.1276 -62.0172 -41.8358 -43.9562 -45.7615 -64.0445 -102.162 -58.3711 -50.2977 -49.8909 -50.6846 -51.7187 -44.7495 -77.2808  -42.974 -52.3267
-58.9565  -48.418 -48.8351 -38.9669  -54.896 -38.0778  -38.493  -56.537 -20.5286 -61.3158 -63.9037 -32.7108  -37.068 -55.1262 -58.9052 -35.9223 -65.7246 -56.7698 -34.7161 -54.1076 -35.3349 -51.0042 -43.6758 -26.3388 -39.1787 -46.9135 -38.0081  -41.103 -44.9128 -61.6761 -66.4139 -56.4219 -32.9103 -40.0143 -43.4923 -80.4303 -48.4464 -42.4021  -48.896   -52.87 -58.3711 -119.438 -52.6321 -35.7835 -39.9825 -57.1411 -54.2247 -51.6146 -49.7155 -38.2723
-36.5957 -63.0465 -48.8064 -45.9268 -50.8778 -38.3219 -44.2867 -39.7196 -52.3488 -49.4537 -64.2577 -27.4573 -50.3277 -55.2463 -66.7777 -66.0292 -64.6044 -50.2697 -30.9314 -36.6149 -50.0032 -46.8121 -40.9948 -47.2933 -58.8942 -43.6845 -61.8753 -48.4025 -66.2486 -63.6004 -66.8056 -49.9558 -33.9359 -56.3539 -55.7397 -79.0972 -59.4262 -47.8733  -70.597 -48.2359 -50.2977 -52.6321 -141.989 -54.5837 -24.9051 -60.1145 -55.4688 -63.7726 -58.4966  -47.332
-50.0909  -35.177 -47.8973  -48.932 -46.7137 -46.1899 -24.1285 -47.0232 -40.6938 -53.2813 -55.3596 -39.1227 -35.8646 -49.6781 -45.6229 -54.5728 -46.4826 -41.5972 -49.9544 -48.0177 -18.7147  -48.216 -48.5443 -36.2945 -41.0205 -60.8903 -55.4061 -45.4787 -50.0917 -37.7169 -55.7213 -58.1754 -39.5709 -35.2389 -55.3673 -59.3472 -53.1386 -45.1549  -59.453 -45.4065 -49.8909 -35.7835 -54.5837 -114.227 -34.1054   -49.67 -47.4715 -55.2312 -39.7149 -42.8393
-40.6991 -38.0856 -32.1407 -38.4905   -27.67 -37.2388  -38.806 -25.0195 -9.33829  -36.654 -50.3927 -13.6611 -8.50277 -28.0775 -33.5451 -39.7955 -46.5736 -46.4145 -8.62368 -25.8779 -10.6555 -44.4867 -31.7732 -23.0639 -37.6508 -41.6783 -28.0758 -47.8169 -7.33793 -31.5621 -18.9923 -54.1545 -37.1382 -15.7474 -25.4715 -42.5525  -27.023 -37.8405 -22.3252 -45.9882 -50.6846 -39.9825 -24.9051 -34.1054 -75.3803  -31.455 -33.5083 -44.9967 -25.8668 -29.5192
-73.8203 -56.2456 -58.9108 -65.5592 -56.7394 -45.3322 -52.3698  -48.426 -46.4575 -82.8592 -94.3228 -46.0873 -71.3611  -51.643 -78.8747 -54.6253 -80.1236 -60.9332 -49.7811 -49.4032 -54.3014 -67.2901 -51.2361 -56.4818 -72.4913 -63.8909  -43.418 -54.3977 -55.0145 -79.0503 -79.9567 -68.0509 -55.0225 -53.3738 -58.1258 -59.5864 -52.4609  -64.244 -52.5403 -49.3092 -51.7187 -57.1411 -60.1145   -49.67  -31.455 -129.158 -59.4313   -81.91 -69.6521 -60.1792
-60.7113 -47.4064 -54.4978 -69.7837 -37.2516 -67.9823 -47.1196 -35.1593 -44.9322 -76.0019 -60.9613 -35.9683 -45.8771 -56.2763 -58.6996 -61.5225 -65.3649 -47.2397 -51.6321 -45.6231 -17.8773 -53.0898 -51.0515 -26.6424 -60.0877 -58.3032 -36.8957 -50.2873 -60.2513 -61.8666 -51.8576 -62.1483  -57.356 -55.5777 -22.1742 -69.1466 -43.3409 -41.4712 -49.1252 -55.5492 -44.7495 -54.2247 -55.4688 -47.4715 -33.5083 -59.4313 -114.163 -54.6939 -53.4968 -46.4901
-77.0525 -67.6477 -66.1645 -71.3039 -57.9544 -62.1559 -47.2585 -44.8011 -36.6899 -80.5121 -84.1757 -45.0602 -69.8743 -74.7412  -87.177 -73.1246 -78.5602 -62.7702 -52.7417 -62.2102 -38.8297 -60.9097 -54.6521 -45.5209 -75.7887  -74.216 -49.3544  -62.157 -58.1034 -82.7908 -77.8345 -58.3366 -58.9921 -65.1004 -55.2902 -76.5533 -55.9375 -46.0323 -64.3281 -76.1268 -77.2808 -51.6146 -63.7726 -55.2312 -44.9967   -81.91 -54.6939 -146.316 -66.8182 -65.7869
-47.7938 -54.5865 -46.9962 -64.0213  -64.881  -59.247 -47.6645 -47.8312 -52.4162 -61.4157 -63.7871 -19.0765 -44.9737  -46.174 -62.0348  -64.845 -66.3773 -43.3159  -42.731 -57.3625 -41.2777 -45.1312 -38.6528 -43.9777 -65.4948 -67.6836 -44.4444  -56.181 -64.9997 -78.3066 -50.6488  -53.124 -53.9018 -41.0956 -50.3069 -50.0166 -46.1273 -47.4498 -43.4167 -51.2849  -42.974 -49.7155 -58.4966 -39.7149 -25.8668 -69.6521 -53.4968 -66.8182  -117.51  -52.717
 -47.699 -47.1801 -47.8827 -46.5949 -39.8617 -39.8097 -56.7691 -27.8582 -35.9796 -52.2583 -81.1401 -24.8521 -37.6766 -34.7839 -59.5214 -56.0907 -56.5515  -42.993 -43.3028 -55.7933 -28.0828 -50.7686 -50.5875 -21.9458 -74.4337 -42.3708 -33.4223 -40.8232 -44.5631  -58.742  -59.562 -52.5903 -30.7588 -41.4198 -44.3006  -38.091 -25.2947 -32.4336 -50.0497 -64.2463 -52.3267 -38.2723  -47.332 -42.8393 -29.5192 -60.1792 -46.4901 -65.7869  -52.717 -107.446
  0.971899  -0.121438    2.68108    2.90421    2.63415   0.748584    1.17682  -0.555822    1.37215    0.37647    2.17688  -0.557873   0.350715   0.443761   0.389752    2.55753    1.58747    1.26966 -0.0246608   0.499176    2.97946    1.48798   0.890318    2.36035    1.87095         -0         -0         -0         -0         -0         -0         -0         -0         -0         -0         -0         -0         -0         -0         -0         -0         -0         -0         -0         -0         -0         -0         -0         -0         -0
  -0.121438     2.85215     0.89723    0.527247   -0.893384     1.21695     2.00902     1.54872    0.571897     1.30356  -0.0838048      2.5303 0.000742006    0.185973     1.35079     0.21241   -0.428829     2.67461    0.197887     2.05645   0.0930671     2.99195     2.37207   -0.772756   0.0968868          -0          -0          -0          -0          -0          -0          -0          -0          -0          -0          -0          -0          -0          -0          -0          -0          -0          -0          -0          -0          -0          -0          -0          -0          -0
  2.68108   0.89723  0.828043   1.12392  0.674294     1.613 -0.776781   2.99373    2.5015 -0.380831  0.715878   1.95054   1.49055  0.107586   2.77377 -0.161646   2.06889  0.919118  0.187843   2.18405   1.21079  0.274496  -0.55473  0.438698   1.21465        -0        -0        -0        -0        -0        -0        -0        -0        -0        -0        -0        -0        -0        -0        -0        -0        -0        -0        -0        -0        -0        -0        -0        -0        -0
  2.90421  0.527247   1.12392 -0.863803   1.38446    2.8735   1.35895 -0.720993 -0.365045   2.82338 -0.244932 -0.708209   1.11349   2.95023   2.13455   2.11887   2.71639  0.489064   2.76275   1.55478   2.94515   2.58445   1.60186   0.61904 -0.675532        -0        -0        -0        -0        -0        -0        -0        -0        -0        -0        -0        -0        -0        -0        -0        -0        -0        -0        -0        -0        -0        -0        -0        -0        -0
   2.63415  -0.893384   0.674294    1.38446    1.64805    1.34664    1.53046  -0.129994    1.46307    1.98998   0.927165   0.621609 -0.0219554   0.143784    -0.8597  -0.419751    2.72708    1.32523    2.80029     1.8067    1.67924    2.30947  -0.509532    2.16982  -0.718694         -0         -0         -0         -0         -0         -0         -0         -0         -0         -0         -0         -0         -0         -0         -0         -0         -0         -0         -0         -0         -0         -0         -0         -0         -0
  0.748584    1.21695      1.613     2.8735    1.34664    2.53267    2.75386   0.942619  -0.483567     2.9535  -0.437737    1.21205    2.73063    2.43979   0.439739    2.40682    1.23388 -0.0434361     2.2835  -0.144228     1.4892     2.5679    0.88411  -0.110132  -0.650466         -0         -0         -0         -0         -0         -0         -0         -0         -0         -0         -0         -0         -0         -0         -0         -0         -0         -0         -0         -0         -0         -0         -0         -0         -0
  1.17682   2.00902 -0.776781   1.35895   1.53046   2.75386 -0.892467   1.45582 0.0791335   1.19554   1.13154   2.46867   1.55562  0.300946 -0.421685 -0.491377   2.27392 -0.923471   1.03241   2.53012  0.444328   2.56391   0.08984   2.50936   2.68482        -0        -0        -0        -0        -0        -0        -0        -0        -0        -0        -0        -0        -0        -0        -0        -0        -0        -0        -0        -0        -0        -0        -0        -0        -0
 -0.555822    1.54872    2.99373  -0.720993  -0.129994   0.942619    1.45582    2.87902  0.0117911  -0.438127  -0.769279     1.5378   -0.49166    1.14453   0.326272    1.93104 -0.0605137    1.89641     2.4749  -0.995411   0.735688  -0.597463  -0.517584    1.54189   -0.49145         -0         -0         -0         -0         -0         -0         -0         -0         -0         -0         -0         -0         -0         -0         -0         -0         -0         -0         -0         -0         -0         -0         -0         -0         -0
  1.37215  0.571897    2.5015 -0.365045   1.46307 -0.483567 0.0791335 0.0117911 -0.489836   2.45499  0.181432   2.92793   1.68117  0.930336   1.54732   2.18059   2.07224 -0.974544  0.202617   1.04361  0.673258  0.778688   2.15861  0.335138  0.788232        -0        -0        -0        -0        -0        -0        -0        -0        -0        -0        -0        -0        -0        -0        -0        -0        -0        -0        -0        -0        -0        -0        -0        -0        -0
  0.37647   1.30356 -0.380831   2.82338   1.98998    2.9535   1.19554 -0.438127   2.45499   1.83049  0.954922 -0.776259   1.84741   2.41444 -0.471454   2.64318   1.39279   2.79292   2.52147   2.29286   2.99911   2.50906 -0.325707   1.11121   0.30386        -0        -0        -0        -0        -0        -0        -0        -0        -0        -0        -0        -0        -0        -0        -0        -0        -0        -0        -0        -0        -0        -0        -0        -0        -0
   2.17688 -0.0838048   0.715878  -0.244932   0.927165  -0.437737    1.13154  -0.769279   0.181432   0.954922     2.2207   -0.53503    1.12995    2.12257    1.47006    2.07134   0.519735    1.62348   0.800133    2.80488   -0.45761    2.08178    2.79189    2.03236    2.67837         -0         -0         -0         -0         -0         -0         -0         -0         -0         -0         -0         -0         -0         -0         -0         -0         -0         -0         -0         -0         -0         -0         -0         -0         -0
-0.557873    2.5303   1.95054 -0.708209  0.621609   1.21205   2.46867    1.5378   2.92793 -0.776259  -0.53503 -0.509811  -0.10678  0.660964  0.987111 -0.379669   1.47906   1.25934   1.15918  0.327113   1.52903 -0.732107   1.72651   2.21925    1.6781        -0        -0        -0        -0        -0        -0        -0        -0        -0        -0        -0        -0        -0        -0        -0        -0        -0        -0        -0        -0        -0        -0        -0        -0        -0
   0.350715 0.000742006     1.49055     1.11349  -0.0219554     2.73063     1.55562    -0.49166     1.68117     1.84741     1.12995    -0.10678     1.31608    0.970054    0.829493   -0.778507     1.90141     2.06684       2.598    0.325271     2.52922   -0.046607   -0.761795     2.20105   -0.186782          -0          -0          -0          -0          -0          -0          -0          -0          -0          -0          -0          -0          -0          -0          -0          -0          -0          -0          -0          -0          -0          -0          -0          -0          -0
 0.443761  0.185973  0.107586   2.95023  0.143784   2.43979  0.300946   1.14453  0.930336   2.41444   2.12257  0.660964  0.970054   2.63091 -0.385419 -0.602385 -0.549222   2.56297 -0.303461   2.27977 -0.453021 -0.182535 -0.805577   2.51478   1.22027        -0        -0        -0        -0        -0        -0        -0        -0        -0        -0        -0        -0        -0        -0        -0        -0        -0        -0        -0        -0        -0        -0        -0        -0        -0
 0.389752   1.35079   2.77377   2.13455   -0.8597  0.439739 -0.421685  0.326272   1.54732 -0.471454   1.47006  0.987111  0.829493 -0.385419   2.91745   2.16766  0.659648  0.331572   1.18464   1.52973 -0.427356  0.941151 -0.494804   1.37785 -0.986762        -0        -0        -0        -0        -0        -0        -0        -0        -0        -0        -0        -0        -0        -0        -0        -0        -0        -0        -0        -0        -0        -0        -0        -0        -0
   2.55753    0.21241  -0.161646    2.11887  -0.419751    2.40682  -0.491377    1.93104    2.18059    2.64318    2.07134  -0.379669  -0.778507  -0.602385    2.16766  -0.249961    1.54459   0.459627    2.39092  -0.153259    1.82209 -0.0475004    2.74727    2.87535    1.92443         -0         -0         -0         -0         -0         -0         -0         -0         -0         -0         -0         -0         -0         -0         -0         -0         -0         -0         -0         -0         -0         -0         -0         -0         -0
   1.58747  -0.428829    2.06889    2.71639    2.72708    1.23388    2.27392 -0.0605137    2.07224    1.39279   0.519735    1.47906    1.90141  -0.549222   0.659648    1.54459    2.52212  0.0827035    2.32002   0.079908  -0.648145   0.359854     2.2762    2.30666   0.252629         -0         -0         -0         -0         -0         -0         -0         -0         -0         -0         -0         -0         -0         -0         -0         -0         -0         -0         -0         -0         -0         -0         -0         -0         -0
   1.26966    2.67461   0.919118   0.489064    1.32523 -0.0434361  -0.923471    1.89641  -0.974544    2.79292    1.62348    1.25934    2.06684    2.56297   0.331572   0.459627  0.0827035    2.81063  -0.556027  -0.311088   0.899757   -0.52982  -0.226911   0.104362    2.23248         -0         -0         -0         -0         -0         -0         -0         -0         -0         -0         -0         -0         -0         -0         -0         -0         -0         -0         -0         -0         -0         -0         -0         -0         -0
-0.0246608   0.197887   0.187843    2.76275    2.80029     2.2835    1.03241     2.4749   0.202617    2.52147   0.800133    1.15918      2.598  -0.303461    1.18464    2.39092    2.32002  -0.556027    1.45775  -0.555259  -0.852641  -0.518276  -0.299337  -0.886448    1.12548         -0         -0         -0         -0         -0         -0         -0         -0         -0         -0         -0         -0         -0         -0         -0         -0         -0         -0         -0         -0         -0         -0         -0         -0         -0
 0.499176   2.05645   2.18405   1.55478    1.8067 -0.144228   2.53012 -0.995411   1.04361   2.29286   2.80488  0.327113  0.325271   2.27977   1.52973 -0.153259  0.079908 -0.311088 -0.555259  0.776447   2.63163  0.906833 -0.906336   2.50109 -0.232594        -0        -0        -0        -0        -0        -0        -0        -0        -0        -0        -0        -0        -0        -0        -0        -0        -0        -0        -0        -0        -0        -0        -0        -0        -0
  2.97946 0.0930671   1.21079   2.94515   1.67924    1.4892  0.444328  0.735688  0.673258   2.99911  -0.45761   1.52903   2.52922 -0.453021 -0.427356   1.82209 -0.648145  0.899757 -0.852641   2.63163 -0.570512 0.0428239   1.71424  0.609558  0.610338        -0        -0        -0        -0        -0        -0        -0        -0        -0        -0        -0        -0        -0        -0        -0        -0        -0        -0        -0        -0        -0        -0        -0        -0        -0
   1.48798    2.99195   0.274496    2.58445    2.30947     2.5679    2.56391  -0.597463   0.778688    2.50906    2.08178  -0.732107  -0.046607  -0.182535   0.941151 -0.0475004   0.359854   -0.52982  -0.518276   0.906833  0.0428239    2.30381   0.653163    2.86082    1.00083         -0         -0         -0         -0         -0         -0         -0         -0         -0         -0         -0         -0         -0         -0         -0         -0         -0         -0         -0         -0         -0         -0         -0         -0         -0
 0.890318   2.37207  -0.55473   1.60186 -0.509532   0.88411   0.08984 -0.517584   2.15861 -0.325707   2.79189   1.72651 -0.761795 -0.805577 -0.494804   2.74727    2.2762 -0.226911 -0.299337 -0.906336   1.71424  0.653163  0.453519   1.77728 -0.925932        -0        -0        -0        -0        -0        -0        -0        -0        -0        -0        -0        -0        -0        -0        -0        -0        -0        -0        -0        -0        -0        -0        -0        -0        -0
  2.36035 -0.772756  0.438698   0.61904   2.16982 -0.110132   2.50936   1.54189  0.335138   1.11121   2.03236   2.21925   2.20105   2.51478   1.37785   2.87535   2.30666  0.104362 -0.886448   2.50109  0.609558   2.86082   1.77728   1.38265    1.7147        -0        -0        -0        -0        -0        -0        -0        -0        -0        -0        -0        -0        -0        -0        -0        -0        -0        -0        -0        -0        -0        -0        -0        -0        -0
  1.87095 0.0968868   1.21465 -0.675532 -0.718694 -0.650466   2.68482  -0.49145  0.788232   0.30386   2.67837    1.6781 -0.186782   1.22027 -0.986762   1.92443  0.252629   2.23248   1.12548 -0.232594  0.610338   1.00083 -0.925932    1.7147   1.11438        -0        -0        -0        -0        -0        -0        -0        -0        -0        -0        -0        -0        -0        -0        -0        -0        -0        -0        -0        -0        -0        -0        -0        -0        -0
       -0        -0        -0        -0        -0        -0        -0        -0        -0        -0        -0        -0        -0        -0        -0        -0        -0        -0        -0        -0        -0        -0        -0        -0        -0 -0.971899  0.121438  -2.68108  -2.90421  -2.63415 -0.748584  -1.17682  0.555822  -1.37215  -0.37647  -2.17688  0.557873 -0.350715 -0.443761 -0.389752  -2.55753  -1.58747  -1.26966 0.0246608 -0.499176  -2.97946  -1.48798 -0.890318  -2.36035  -1.87095
          -0           -0           -0           -0           -0           -0           -0           -0           -0           -0           -0           -0           -0           -0           -0           -0           -0           -0           -0           -0           -0           -0           -0           -0           -0     0.121438     -2.85215     -0.89723    -0.527247     0.893384     -1.21695     -2.00902     -1.54872    -0.571897     -1.30356    0.0838048      -2.5303 -0.000742006    -0.185973     -1.35079     -0.21241     0.428829     -2.67461    -0.197887     -2.05645   -0.0930671     -2.99195     -2.37207     0.772756   -0.0968868
       -0        -0        -0        -0        -0        -0        -0        -0        -0        -0        -0        -0        -0        -0        -0        -0        -0        -0        -0        -0        -0        -0        -0        -0        -0  -2.68108  -0.89723 -0.828043  -1.12392 -0.674294    -1.613  0.776781  -2.99373   -2.5015  0.380831 -0.715878  -1.95054  -1.49055 -0.107586  -2.77377  0.161646  -2.06889 -0.919118 -0.187843  -2.18405  -1.21079 -0.274496   0.55473 -0.438698  -1.21465
       -0        -0        -0        -0        -0        -0        -0        -0        -0        -0        -0        -0        -0        -0        -0        -0        -0        -0        -0        -0        -0        -0        -0        -0        -0  -2.90421 -0.527247  -1.12392  0.863803  -1.38446   -2.8735  -1.35895  0.720993  0.365045  -2.82338  0.244932  0.708209  -1.11349  -2.95023  -2.13455  -2.11887  -2.71639 -0.489064  -2.76275  -1.55478  -2.94515  -2.58445  -1.60186  -0.61904  0.675532
       -0        -0        -0        -0        -0        -0        -0        -0        -0        -0        -0        -0        -0        -0        -0        -0        -0        -0        -0        -0        -0        -0        -0        -0        -0  -2.63415  0.893384 -0.674294  -1.38446  -1.64805  -1.34664  -1.53046  0.129994  -1.46307  -1.98998 -0.927165 -0.621609 0.0219554 -0.143784    0.8597  0.419751  -2.72708  -1.32523  -2.80029   -1.8067  -1.67924  -2.30947  0.509532  -2.16982  0.718694
       -0        -0        -0        -0        -0        -0        -0        -0        -0        -0        -0        -0        -0        -0        -0        -0        -0        -0        -0        -0        -0        -0        -0        -0        -0 -0.748584  -1.21695    -1.613   -2.8735  -1.34664  -2.53267  -2.75386 -0.942619  0.483567   -2.9535  0.437737  -1.21205  -2.73063  -2.43979 -0.439739  -2.40682  -1.23388 0.0434361   -2.2835  0.144228   -1.4892   -2.5679  -0.88411  0.110132  0.650466
