50
1
50
   0.242334   0.0523426    0.076385   0.0216013   0.0775208 -0.00769083   -0.132018   -0.162623    0.100298   0.0878787  -0.0562372   -0.103127   -0.149478    0.225045   -0.108205   -0.121053   -0.129649   0.0807103   -0.207075   0.0654053   -0.172532  -0.0266559   -0.162936   -0.308828    0.162121    0.243668    0.383148   0.0451252    0.109315  -0.0714444   0.0128536   0.0308622  -0.0415079   -0.167242   -0.256515     0.19198   0.0206285  -0.0624668  -0.0281633  -0.0734183    0.176658   -0.167276   -0.116527    0.096985  -0.0503693    0.028458    0.216363   0.0149844   0.0186233  0.00665748
-124.469 -44.5436 -41.0912 -43.1799 -48.0432 -52.4488 -51.6785 -43.0973 -68.9836 -46.9611 -58.3056 -56.6999  -35.217 -66.0843 -52.0544 -51.5825 -55.5135 -68.2766 -38.1151 -63.7682 -67.4361 -51.2864 -73.4888  -45.781 -50.5098 -31.0371 -47.8854 -57.6354 -53.9236 -26.3861  -63.261 -56.0176 -31.3918 -77.8966 -73.9424 -35.8989 -77.6109  -69.422  -46.525 -55.4663 -97.9391 -49.8356 -46.2354 -55.8607 -47.1369 -67.1512 -72.7278 -58.9533 -59.1001 -52.0713
-44.5436 -100.876 -33.2582 -28.6531 -26.3086  -28.006 -34.5554  -23.617 -35.4515 -57.8606 -38.7094  -56.822 -31.6377 -29.2578  -56.257 -32.1177 -46.4825 -39.0055 -41.8543  -49.129 -46.6204 -39.7227 -54.8373 -30.5366 -54.9967 -37.5844 -42.5377 -48.0323 -46.6867 -27.3945 -25.4834 -16.5201  -35.125 -58.6871 -21.9319 -29.9329 -43.7577 -60.9586 -22.8592 -36.7303 -53.4745 -34.9387 -20.8819 -44.5649 -23.2928 -34.1566 -50.9461 -33.8704 -31.0909 -44.6157
-41.0912 -33.2582 -120.473 -51.3763 -59.2839 -39.1389 -73.1635 -54.1118 -55.9834  -80.759 -53.0491 -61.4148 -29.0014 -62.7241  -48.091 -50.0331 -52.2405 -45.6259 -40.6534 -69.3871 -73.4931 -66.2821 -79.3181 -56.5919 -93.8673 -47.6093 -44.8242 -61.0714 -60.2024 -34.1023 -48.5818 -19.8613  -53.429 -72.3873 -56.6678 -49.5295 -77.8745 -72.0454 -53.6721  -47.472 -90.3734  -59.244 -45.5369 -42.7221 -28.8268  -71.347 -79.1546 -47.0725 -48.8779 -47.4921
-43.1799 -28.6531 -51.3763 -119.111 -35.5681 -46.4221 -64.6044 -42.9404 -44.9379 -49.1837  -42.896 -45.4435 -31.6207 -52.0612 -35.5465 -45.5352 -43.0171 -52.7908 -30.7714  -59.411 -62.4359 -38.8611  -72.677 -31.9761 -69.0008 -60.2354  -42.987 -70.5753 -51.1076 -57.0961  -63.214  -18.991 -54.3586  -59.298 -49.3401  -45.532 -65.4081 -69.8274 -51.4836  -46.943 -74.6052 -47.7151 -49.0079 -41.9949 -22.7488 -65.4817 -67.3786 -39.0648 -51.8414 -47.1801
-48.0432 -26.3086 -59.2839 -35.5681 -126.647 -47.2996 -42.8803 -33.3134  -65.016 -65.8489 -46.5085 -63.4198 -52.5615 -43.0522 -45.4709 -62.1283 -51.5557 -52.1013  -28.684 -48.8861 -47.9913 -66.6971  -80.835 -56.6019 -79.5808 -54.3722 -55.5725 -62.1058 -61.2784  -39.875 -59.9056 -38.2331  -44.179 -72.6101 -56.3661 -38.5216 -85.6984 -80.3889 -37.0531  -54.209 -76.9572 -48.4481  -55.192 -54.9814 -58.9171 -71.7913 -66.1777 -51.1189 -59.6041  -57.682
-52.4488  -28.006 -39.1389 -46.4221 -47.2996 -91.5876 -39.7113 -30.7072 -44.4744  -36.288 -42.9222 -40.6775 -37.3775  -51.043 -30.7587 -52.1805 -39.0865 -34.8121 -40.1486 -49.0523 -41.4266 -43.9005 -58.0602 -29.1926 -57.4001 -57.7789 -34.2596  -63.703 -47.9336 -30.9647 -44.0281 -40.2709 -25.8862    -56.5 -53.7753 -35.1968 -58.5235 -54.6105 -31.2554  -41.821 -68.6856 -39.6594 -34.9115 -47.8392 -25.9149 -65.4591 -55.0829 -51.1993 -40.5663 -48.8751
-51.6785 -34.5554 -73.1635 -64.6044 -42.8803 -39.7113 -110.627 -42.4082 -54.3748 -65.3558 -52.8019 -58.0047  -32.078 -58.9571 -31.1795  -52.227 -55.1584  -48.975 -34.8005 -56.3644 -63.0074 -42.7258 -84.7614 -62.2352 -76.5823  -39.155 -39.4762 -65.7179 -38.1222 -39.7374 -65.8478 -15.3185 -52.6214 -59.4523 -50.7149 -46.7669 -67.3389 -57.8751 -42.2073 -50.9059 -75.2361 -40.9834 -34.1665 -46.2181 -20.9593 -52.4605 -73.6613 -34.4896 -47.8746 -63.8178
-43.0973  -23.617 -54.1118 -42.9404 -33.3134 -30.7072 -42.4082 -120.429 -37.8818 -43.1727 -46.2943 -57.3849 -32.8554 -65.2711 -51.1381 -47.1891 -50.2189 -65.0565 -40.7457 -54.5183 -62.1924  -56.913 -63.8729 -50.1551 -89.0029 -41.5105 -48.5224 -58.8306 -39.8292 -38.0981 -51.2277  -31.018 -67.9008 -70.3016 -49.3923 -58.0264 -76.3082 -67.5883 -50.4757 -29.5131 -73.9389 -66.8941 -39.5714 -57.4835 -25.1759 -46.3865 -64.9251 -35.0835 -46.2221 -64.5879
-68.9836 -35.4515 -55.9834 -44.9379  -65.016 -44.4744 -54.3748 -37.8818 -105.885 -52.5517 -39.8503  -50.933  -21.181 -41.0753 -46.2886 -40.1711 -62.5667  -55.394 -37.9238 -54.5717 -63.0912 -54.6551 -68.5547 -65.1623 -60.3483    -51.3 -44.0995 -59.8084 -64.6429 -25.5417 -53.5086 -36.9802  -42.918  -81.233 -68.8887 -41.7241  -90.064  -77.929 -57.3573 -60.3972 -85.6522 -57.2853 -45.7515 -52.5617 -49.1202 -65.2287 -56.6506 -39.4926 -41.5305 -60.2459
-46.9611 -57.8606  -80.759 -49.1837 -65.8489  -36.288 -65.3558 -43.1727 -52.5517 -137.819   -51.38 -91.5284 -45.0418 -41.0828 -57.3128 -55.8748 -62.0116  -56.859 -53.9602 -56.7042 -78.9798 -70.1244 -89.4992 -66.6272 -103.183 -72.2391 -61.7811 -70.0116 -45.3587 -36.5675 -44.8045 -17.5866 -45.3224 -90.4874  -64.664 -67.3508 -61.8014 -81.6991 -53.9722 -51.9511 -80.8166  -56.984 -44.3906   -69.41 -52.3658 -84.9713 -90.7339 -36.4983 -44.3902 -61.4274
-58.3056 -38.7094 -53.0491  -42.896 -46.5085 -42.9222 -52.8019 -46.2943 -39.8503   -51.38 -116.056 -41.1144  -45.091 -51.3006 -41.8943 -37.7556 -50.9114 -52.4441 -48.6586 -51.1837 -75.3748 -54.1383 -65.7731 -48.5235 -67.7864 -50.7877 -30.7579 -59.2911 -32.0844 -38.5346 -40.2214 -24.6497 -53.7586 -82.6071 -49.6124 -35.3725 -73.7688 -44.7993 -37.3796 -26.4439 -70.1495 -26.8997 -47.1448 -50.6866  -18.162 -56.4142 -86.2168 -42.9033 -31.9079 -58.4815
-56.6999  -56.822 -61.4148 -45.4435 -63.4198 -40.6775 -58.0047 -57.3849  -50.933 -91.5284 -41.1144 -150.078 -56.3869 -55.3677  -64.119 -74.3364  -66.376 -64.3058 -43.2984 -53.6894 -63.4689 -69.2799 -103.151 -61.3367 -102.925 -77.9666 -74.3392 -69.9104 -56.7766 -50.9899 -68.5887 -41.1816  -46.818 -82.6587 -67.6468 -63.1391 -72.8412 -87.6997  -45.491 -48.5821 -112.635 -56.3696 -51.0905 -55.6479 -43.2548 -71.5989 -94.3725 -58.7429 -59.7437  -69.286
 -35.217 -31.6377 -29.0014 -31.6207 -52.5615 -37.3775  -32.078 -32.8554  -21.181 -45.0418  -45.091 -56.3869 -106.219 -39.5681 -38.6559 -47.2877 -27.4366  -27.129 -46.8867 -35.7556 -38.8315  -47.337 -64.1969 -36.3094 -63.2544 -35.5845 -39.0935 -66.6819 -42.5021 -41.6793   -43.74 -32.4846 -43.8383  -71.485 -52.7364 -27.2742 -52.5964 -58.5811 -8.25734 -47.2669 -60.2524 -39.7602 -34.4231 -49.4294 -14.1683 -51.0806 -64.6399 -57.4203 -45.5425 -56.6611
-66.0843 -29.2578 -62.7241 -52.0612 -43.0522  -51.043 -58.9571 -65.2711 -41.0753 -41.0828 -51.3006 -55.3677 -39.5681 -127.319 -35.0167 -62.5572 -45.7107 -42.4969 -43.6358 -68.5897 -57.8395 -59.3414 -78.8137 -60.6777 -75.1312 -52.4055 -37.5746 -70.7137 -76.1889  -47.246 -44.9642 -39.9428 -53.8935 -66.8087 -66.0671 -50.3088 -72.7221 -76.2104 -52.1801 -52.4415 -95.3534    -49.7 -51.7616 -36.9127 -25.5246 -53.2059 -66.9677 -53.3402 -62.7933 -60.6934
-52.0544  -56.257  -48.091 -35.5465 -45.4709 -30.7587 -31.1795 -51.1381 -46.2886 -57.3128 -41.8943  -64.119 -38.6559 -35.0167 -102.727 -40.4605 -68.3113 -46.6211 -40.8375 -65.1694  -60.577 -54.0949 -70.5148 -40.7756 -64.3594 -63.0784 -53.5428 -52.8825  -46.189 -38.4301 -48.7909 -22.8064 -32.3157 -59.6252 -63.8159 -32.4261 -79.3943 -70.1371 -34.8728 -30.5226 -77.6743 -57.5732 -40.1516 -49.0242 -21.6868 -59.4748 -61.1455 -50.4189 -44.9397 -36.0449
-51.5825 -32.1177 -50.0331 -45.5352 -62.1283 -52.1805  -52.227 -47.1891 -40.1711 -55.8748 -37.7556 -74.3364 -47.2877 -62.5572 -40.4605 -129.724 -41.4141 -29.2781 -29.5656 -51.2766 -57.2202 -61.9545 -75.0382 -51.5908 -68.6151 -77.0147 -39.6924 -53.5803 -49.0303 -48.5215 -51.2665 -59.7579 -35.9802 -55.7571 -66.0537 -65.0595 -65.6258 -80.7021 -41.4326 -40.5727 -74.2082 -51.9315 -42.2709 -49.9065  -31.156 -80.9605 -66.7896  -66.488 -68.2596 -49.3646
-55.5135 -46.4825 -52.2405 -43.0171 -51.5557 -39.0865 -55.1584 -50.2189 -62.5667 -62.0116 -50.9114  -66.376 -27.4366 -45.7107 -68.3113 -41.4141 -125.154  -46.886 -24.8536 -65.9024  -68.025 -47.5896 -60.3043 -52.5059 -62.1462 -71.6086 -49.9442 -45.8353 -51.3119 -40.4846  -47.871 -20.8178 -53.5651 -57.0046 -54.6897 -46.8106 -79.1194  -68.649 -62.4244 -46.6487 -79.9329 -55.2986  -44.777 -55.7078 -20.8591 -47.3128 -61.7604 -49.8733 -44.8448 -25.3047
-68.2766 -39.0055 -45.6259 -52.7908 -52.1013 -34.8121  -48.975 -65.0565  -55.394  -56.859 -52.4441 -64.3058  -27.129 -42.4969 -46.6211 -29.2781  -46.886 -121.725 -33.8676 -56.1588 -70.2436  -55.167 -78.1675 -39.8617 -73.5979 -33.6005 -70.0231 -63.3806 -30.9013 -44.1375 -54.0201 -30.7426 -49.5342  -66.297 -47.8614 -55.9057  -72.851 -52.9548 -46.5342 -43.8666 -84.6749 -54.6005 -54.8968 -43.7684 -41.1528 -48.2748 -75.3439 -30.8062 -42.0871 -66.0728
-38.1151 -41.8543 -40.6534 -30.7714  -28.684 -40.1486 -34.8005 -40.7457 -37.9238 -53.9602 -48.6586 -43.2984 -46.8867 -43.6358 -40.8375 -29.5656 -24.8536 -33.8676 -100.123 -32.6015 -40.1449  -54.245 -69.4506 -39.8188 -66.9634 -33.1785 -34.9487 -54.1107 -36.6532 -28.4523 -33.0902 -19.6902 -25.1529 -81.6351 -49.9859 -31.4273 -49.6807 -64.9022 -29.3474 -39.4816 -57.3302 -42.0095 -23.6805 -63.3622 -15.8773 -53.8898 -71.9099 -26.0137 -37.0231 -55.1105
-63.7682  -49.129 -69.3871  -59.411 -48.8861 -49.0523 -56.3644 -54.5183 -54.5717 -56.7042 -51.1837 -53.6894 -35.7556 -68.5897 -65.1694 -51.2766 -65.9024 -56.1588 -32.6015 -113.878 -68.8453 -54.9888 -81.4865  -40.066 -82.3588 -63.5758 -64.3626 -79.5671 -60.6797 -47.6952 -59.7849 -41.2153  -53.189 -68.3238 -64.8694 -32.2923 -76.3988 -85.2409 -51.7506 -43.3902 -100.129 -57.0938 -54.9724 -56.3641 -42.4809 -66.2649 -79.5993 -48.1047 -49.3893 -42.8601
-67.4361 -46.6204 -73.4931 -62.4359 -47.9913 -41.4266 -63.0074 -62.1924 -63.0912 -78.9798 -75.3748 -63.4689 -38.8315 -57.8395  -60.577 -57.2202  -68.025 -70.2436 -40.1449 -68.8453 -128.961 -76.8978 -80.6561 -60.6235 -89.9048 -69.7722 -66.2922 -61.5963 -61.3684 -55.7679 -58.5405 -34.2467 -54.8441 -86.9541 -88.3604 -63.7278 -94.0073 -78.7427 -82.1833 -44.8967 -80.2692 -65.6117 -53.3393 -51.8006 -44.6193 -81.9725 -90.6427 -44.8675 -60.6137 -66.8589
-51.2864 -39.7227 -66.2821 -38.8611 -66.6971 -43.9005 -42.7258  -56.913 -54.6551 -70.1244 -54.1383 -69.2799  -47.337 -59.3414 -54.0949 -61.9545 -47.5896  -55.167  -54.245 -54.9888 -76.8978 -136.182 -75.8949 -67.0796 -72.9822 -58.3024 -66.2662 -55.0991  -68.822 -53.0241 -66.1902 -35.6504 -31.7575 -87.6237 -76.6207 -47.1379 -68.5917 -93.2008 -36.6258  -45.512 -86.9249 -59.4112  -61.185 -57.5904 -48.3373 -76.6831 -92.1268  -42.727 -63.0194  -77.429
-73.4888 -54.8373 -79.3181  -72.677  -80.835 -58.0602 -84.7614 -63.8729 -68.5547 -89.4992 -65.7731 -103.151 -64.1969 -78.8137 -70.5148 -75.0382 -60.3043 -78.1675 -69.4506 -81.4865 -80.6561 -75.8949 -163.802 -69.2703 -114.095 -82.6853 -79.3506  -91.805 -72.8672 -59.8431 -82.6547 -38.6055 -54.9715  -98.312 -82.7698 -51.1985 -98.5443 -108.489 -60.9535 -63.2846 -117.478 -67.7443  -62.999 -67.9241 -46.2404  -83.056 -114.335 -68.0508 -73.1233  -83.331
 -45.781 -30.5366 -56.5919 -31.9761 -56.6019 -29.1926 -62.2352 -50.1551 -65.1623 -66.6272 -48.5235 -61.3367 -36.3094 -60.6777 -40.7756 -51.5908 -52.5059 -39.8617 -39.8188  -40.066 -60.6235 -67.0796 -69.2703 -122.773 -76.5216  -62.673 -35.2085 -60.9076 -51.5405 -52.6182 -47.8458 -29.5398 -48.0795 -78.3225 -68.6097 -57.2927 -82.9104 -71.3193 -50.1757 -41.5616 -76.3414 -39.6133 -37.9255 -47.9047 -38.7164 -62.6549 -67.4982 -34.9514 -33.4798 -78.8343
-50.5098 -54.9967 -93.8673 -69.0008 -79.5808 -57.4001 -76.5823 -89.0029 -60.3483 -103.183 -67.7864 -102.925 -63.2544 -75.1312 -64.3594 -68.6151 -62.1462 -73.5979 -66.9634 -82.3588 -89.9048 -72.9822 -114.095 -76.5216 -165.424 -81.8248 -78.2096 -99.2439 -68.5532 -69.0113 -75.7115   -36.58   -81.08 -110.936 -65.6135 -78.4504 -110.939 -103.396 -79.6566 -46.9528 -115.737 -70.5296 -60.9978  -72.848 -55.6839 -92.7235 -111.526 -50.2275 -68.4896 -91.8133
-31.0371 -37.5844 -47.6093 -60.2354 -54.3722 -57.7789  -39.155 -41.5105    -51.3 -72.2391 -50.7877 -77.9666 -35.5845 -52.4055 -63.0784 -77.0147 -71.6086 -33.6005 -33.1785 -63.5758 -69.7722 -58.3024 -82.6853  -62.673 -81.8248 -151.279 -46.0066 -54.6069 -71.9988 -60.1709 -41.4014 -42.3806 -43.8666 -62.9678  -78.205  -80.124 -93.7147  -87.492 -64.7067 -41.2303 -79.2119 -50.5542  -54.051 -58.2446 -30.1036 -77.9708 -63.8401 -49.3992 -53.1041 -57.1037
-47.8854 -42.5377 -44.8242  -42.987 -55.5725 -34.2596 -39.4762 -48.5224 -44.0995 -61.7811 -30.7579 -74.3392 -39.0935 -37.5746 -53.5428 -39.6924 -49.9442 -70.0231 -34.9487 -64.3626 -66.2922 -66.2662 -79.3506 -35.2085 -78.2096 -46.0066 -107.797 -58.4291 -48.8263 -56.8576 -58.9923 -29.5205  -42.178 -62.8244  -62.058 -37.7797 -59.9499 -79.8446 -42.0684 -41.3812 -83.0408 -62.2142 -54.3549  -46.233 -60.2494 -57.1118 -84.8025 -35.3403 -35.2187 -57.5094
-57.6354 -48.0323 -61.0714 -70.5753 -62.1058  -63.703 -65.7179 -58.8306 -59.8084 -70.0116 -59.2911 -69.9104 -66.6819 -70.7137 -52.8825 -53.5803 -45.8353 -63.3806 -54.1107 -79.5671 -61.5963 -55.0991  -91.805 -60.9076 -99.2439 -54.6069 -58.4291 -132.541 -51.4351 -42.8994   -67.53 -32.1753 -71.3588 -96.3554  -65.977 -38.8607 -85.7504 -79.8639 -43.6379 -64.2091 -96.8947  -64.436 -42.8316 -63.3158 -44.0082 -75.8347 -91.9366 -52.1872 -41.8757 -77.0815
-53.9236 -46.6867 -60.2024 -51.1076 -61.2784 -47.9336 -38.1222 -39.8292 -64.6429 -45.3587 -32.0844 -56.7766 -42.5021 -76.1889  -46.189 -49.0303 -51.3119 -30.9013 -36.6532 -60.6797 -61.3684  -68.822 -72.8672 -51.5405 -68.5532 -71.9988 -48.8263 -51.4351 -141.546 -59.9506  -42.393 -26.7934 -38.7514 -79.3861   -75.29 -50.4287 -86.9753 -97.6749 -67.3362 -62.1812 -92.2931 -57.5562  -32.459 -48.1147 -41.2469 -62.4402 -52.1674 -56.5224 -68.4555 -63.1898
-26.3861 -27.3945 -34.1023 -57.0961  -39.875 -30.9647 -39.7374 -38.0981 -25.5417 -36.5675 -38.5346 -50.9899 -41.6793  -47.246 -38.4301 -48.5215 -40.4846 -44.1375 -28.4523 -47.6952 -55.7679 -53.0241 -59.8431 -52.6182 -69.0113 -60.1709 -56.8576 -42.8994 -59.9506 -110.098 -39.0356 -15.5101 -45.0551  -40.235 -52.5563 -43.5401  -67.013 -49.2361 -48.1792  -23.831 -70.5418 -37.7594  -54.481  -34.519 -21.2842 -55.2078 -60.7441 -40.6843 -47.2863 -53.0226
 -63.261 -25.4834 -48.5818  -63.214 -59.9056 -44.0281 -65.8478 -51.2277 -53.5086 -44.8045 -40.2214 -68.5887   -43.74 -44.9642 -48.7909 -51.2665  -47.871 -54.0201 -33.0902 -59.7849 -58.5405 -66.1902 -82.6547 -47.8458 -75.7115 -41.4014 -58.9923   -67.53  -42.393 -39.0356 -110.277 -34.7075 -34.5463 -70.3182 -65.9548 -20.6302 -78.8158 -82.3707 -35.2625  -39.092 -87.7605 -37.7291 -36.3717   -62.11 -35.1223 -61.5936 -76.2043   -43.45 -52.8648 -60.1214
-56.0176 -16.5201 -19.8613  -18.991 -38.2331 -40.2709 -15.3185  -31.018 -36.9802 -17.5866 -24.6497 -41.1816 -32.4846 -39.9428 -22.8064 -59.7579 -20.8178 -30.7426 -19.6902 -41.2153 -34.2467 -35.6504 -38.6055 -29.5398   -36.58 -42.3806 -29.5205 -32.1753 -26.7934 -15.5101 -34.7075 -89.5505  -25.129 -43.1579 -48.6285 -42.1573 -58.7764 -56.5115 -28.7856 -28.5881 -60.6215 -29.8342 -36.9119 -42.0698  -26.778 -50.4288 -41.0632 -33.6393 -54.7967 -44.7117
-31.3918  -35.125  -53.429 -54.3586  -44.179 -25.8862 -52.6214 -67.9008  -42.918 -45.3224 -53.7586  -46.818 -43.8383 -53.8935 -32.3157 -35.9802 -53.5651 -49.5342 -25.1529  -53.189 -54.8441 -31.7575 -54.9715 -48.0795   -81.08 -43.8666  -42.178 -71.3588 -38.7514 -45.0551 -34.5463  -25.129 -112.229 -71.2012 -42.6397  -58.934 -68.5566 -46.2766 -47.7512  -41.821 -70.6857 -56.1917 -40.4865 -47.6421  -31.649 -35.5983  -63.491  -34.588 -38.9266 -60.5332
-77.8966 -58.6871 -72.3873  -59.298 -72.6101    -56.5 -59.4523 -70.3016  -81.233 -90.4874 -82.6071 -82.6587  -71.485 -66.8087 -59.6252 -55.7571 -57.0046  -66.297 -81.6351 -68.3238 -86.9541 -87.6237  -98.312 -78.3225 -110.936 -62.9678 -62.8244 -96.3554 -79.3861  -40.235 -70.3182 -43.1579 -71.2012 -171.486 -82.5254 -52.1354 -98.4971 -109.519 -70.7806 -63.9146  -115.82 -67.7615 -36.9929  -83.396 -59.7175 -107.108 -119.206 -67.4012 -66.6214 -88.8824
-73.9424 -21.9319 -56.6678 -49.3401 -56.3661 -53.7753 -50.7149 -49.3923 -68.8887  -64.664 -49.6124 -67.6468 -52.7364 -66.0671 -63.8159 -66.0537 -54.6897 -47.8614 -49.9859 -64.8694 -88.3604 -76.6207 -82.7698 -68.6097 -65.6135  -78.205  -62.058  -65.977   -75.29 -52.5563 -65.9548 -48.6285 -42.6397 -82.5254 -143.528 -59.7986 -86.4232 -84.9614 -54.5941 -63.5541  -94.369 -60.2755 -54.2126 -73.1707 -46.1158 -88.3891 -78.1988 -59.6691 -39.3251 -64.8348
-35.8989 -29.9329 -49.5295  -45.532 -38.5216 -35.1968 -46.7669 -58.0264 -41.7241 -67.3508 -35.3725 -63.1391 -27.2742 -50.3088 -32.4261 -65.0595 -46.8106 -55.9057 -31.4273 -32.2923 -63.7278 -47.1379 -51.1985 -57.2927 -78.4504  -80.124 -37.7797 -38.8607 -50.4287 -43.5401 -20.6302 -42.1573  -58.934 -52.1354 -59.7986 -124.774 -74.5987 -60.6525 -63.2123 -40.9227 -62.6088 -49.1793 -37.4431 -41.2579 -29.2383 -56.7612 -44.5422 -20.3023 -47.2285 -66.4093
-77.6109 -43.7577 -77.8745 -65.4081 -85.6984 -58.5235 -67.3389 -76.3082  -90.064 -61.8014 -73.7688 -72.8412 -52.5964 -72.7221 -79.3943 -65.6258 -79.1194  -72.851 -49.6807 -76.3988 -94.0073 -68.5917 -98.5443 -82.9104 -110.939 -93.7147 -59.9499 -85.7504 -86.9753  -67.013 -78.8158 -58.7764 -68.5566 -98.4971 -86.4232 -74.5987     -176 -98.4094 -85.0042 -60.6702 -120.132 -64.0033 -63.6046 -68.4042 -30.8739  -85.717 -77.7772 -59.0324 -79.4184  -92.613
 -69.422 -60.9586 -72.0454 -69.8274 -80.3889 -54.6105 -57.8751 -67.5883  -77.929 -81.6991 -44.7993 -87.6997 -58.5811 -76.2104 -70.1371 -80.7021  -68.649 -52.9548 -64.9022 -85.2409 -78.7427 -93.2008 -108.489 -71.3193 -103.396  -87.492 -79.8446 -79.8639 -97.6749 -49.2361 -82.3707 -56.5115 -46.2766 -109.519 -84.9614 -60.6525 -98.4094 -163.223  -68.231 -68.6114 -109.255 -77.1603 -58.7396 -84.9696 -64.0059 -91.7081 -102.275  -56.573  -71.379 -77.6982
 -46.525 -22.8592 -53.6721 -51.4836 -37.0531 -31.2554 -42.2073 -50.4757 -57.3573 -53.9722 -37.3796  -45.491 -8.25734 -52.1801 -34.8728 -41.4326 -62.4244 -46.5342 -29.3474 -51.7506 -82.1833 -36.6258 -60.9535 -50.1757 -79.6566 -64.7067 -42.0684 -43.6379 -67.3362 -48.1792 -35.2625 -28.7856 -47.7512 -70.7806 -54.5941 -63.2123 -85.0042  -68.231 -112.449 -31.3656 -67.5425 -52.4455 -26.9928 -38.1744 -41.5426 -62.6246 -53.1874 -21.5602 -63.7083 -41.9777
-55.4663 -36.7303  -47.472  -46.943  -54.209  -41.821 -50.9059 -29.5131 -60.3972 -51.9511 -26.4439 -48.5821 -47.2669 -52.4415 -30.5226 -40.5727 -46.6487 -43.8666 -39.4816 -43.3902 -44.8967  -45.512 -63.2846 -41.5616 -46.9528 -41.2303 -41.3812 -64.2091 -62.1812  -23.831  -39.092 -28.5881  -41.821 -63.9146 -63.5541 -40.9227 -60.6702 -68.6114 -31.3656 -98.0935 -59.7943 -61.5216 -35.1429 -53.1246 -32.0036 -45.1858 -45.1096 -45.2208  -36.997 -49.5302
-97.9391 -53.4745 -90.3734 -74.6052 -76.9572 -68.6856 -75.2361 -73.9389 -85.6522 -80.8166 -70.1495 -112.635 -60.2524 -95.3534 -77.6743 -74.2082 -79.9329 -84.6749 -57.3302 -100.129 -80.2692 -86.9249 -117.478 -76.3414 -115.737 -79.2119 -83.0408 -96.8947 -92.2931 -70.5418 -87.7605 -60.6215 -70.6857  -115.82  -94.369 -62.6088 -120.132 -109.255 -67.5425 -59.7943  -176.95 -68.3082 -74.9219 -66.3965 -55.2659 -100.825 -120.213 -82.8737 -75.0546 -85.5707
-49.8356 -34.9387  -59.244 -47.7151 -48.4481 -39.6594 -40.9834 -66.8941 -57.2853  -56.984 -26.8997 -56.3696 -39.7602    -49.7 -57.5732 -51.9315 -55.2986 -54.6005 -42.0095 -57.0938 -65.6117 -59.4112 -67.7443 -39.6133 -70.5296 -50.5542 -62.2142  -64.436 -57.5562 -37.7594 -37.7291 -29.8342 -56.1917 -67.7615 -60.2755 -49.1793 -64.0033 -77.1603 -52.4455 -61.5216 -68.3082 -105.617 -33.7318 -46.2521 -46.3834 -57.4531 -68.5339 -46.1106  -54.899 -47.4637
-46.2354 -20.8819 -45.5369 -49.0079  -55.192 -34.9115 -34.1665 -39.5714 -45.7515 -44.3906 -47.1448 -51.0905 -34.4231 -51.7616 -40.1516 -42.2709  -44.777 -54.8968 -23.6805 -54.9724 -53.3393  -61.185  -62.999 -37.9255 -60.9978  -54.051 -54.3549 -42.8316  -32.459  -54.481 -36.3717 -36.9119 -40.4865 -36.9929 -54.2126 -37.4431 -63.6046 -58.7396 -26.9928 -35.1429 -74.9219 -33.7318 -110.036 -33.8895 -35.8069 -57.6332 -62.3088 -35.2467 -36.5526 -48.2052
-55.8607 -44.5649 -42.7221 -41.9949 -54.9814 -47.8392 -46.2181 -57.4835 -52.5617   -69.41 -50.6866 -55.6479 -49.4294 -36.9127 -49.0242 -49.9065 -55.7078 -43.7684 -63.3622 -56.3641 -51.8006 -57.5904 -67.9241 -47.9047  -72.848 -58.2446  -46.233 -63.3158 -48.1147  -34.519   -62.11 -42.0698 -47.6421  -83.396 -73.1707 -41.2579 -68.4042 -84.9696 -38.1744 -53.1246 -66.3965 -46.2521 -33.8895 -117.972 -30.8572 -64.4506 -78.2182 -36.2946 -40.0756  -61.494
-47.1369 -23.2928 -28.8268 -22.7488 -58.9171 -25.9149 -20.9593 -25.1759 -49.1202 -52.3658  -18.162 -43.2548 -14.1683 -25.5246 -21.6868  -31.156 -20.8591 -41.1528 -15.8773 -42.4809 -44.6193 -48.3373 -46.2404 -38.7164 -55.6839 -30.1036 -60.2494 -44.0082 -41.2469 -21.2842 -35.1223  -26.778  -31.649 -59.7175 -46.1158 -29.2383 -30.8739 -64.0059 -41.5426 -32.0036 -55.2659 -46.3834 -35.8069 -30.8572 -95.6266 -56.0752 -58.8565 -16.8464  -23.905 -46.0354
-67.1512 -34.1566  -71.347 -65.4817 -71.7913 -65.4591 -52.4605 -46.3865 -65.2287 -84.9713 -56.4142 -71.5989 -51.0806 -53.2059 -59.4748 -80.9605 -47.3128 -48.2748 -53.8898 -66.2649 -81.9725 -76.6831  -83.056 -62.6549 -92.7235 -77.9708 -57.1118 -75.8347 -62.4402 -55.2078 -61.5936 -50.4288 -35.5983 -107.108 -88.3891 -56.7612  -85.717 -91.7081 -62.6246 -45.1858 -100.825 -57.4531 -57.6332 -64.4506 -56.0752 -142.767 -104.588 -72.1988 -64.3248  -64.006
-72.7278 -50.9461 -79.1546 -67.3786 -66.1777 -55.0829 -73.6613 -64.9251 -56.6506 -90.7339 -86.2168 -94.3725 -64.6399 -66.9677 -61.1455 -66.7896 -61.7604 -75.3439 -71.9099 -79.5993 -90.6427 -92.1268 -114.335 -67.4982 -111.526 -63.8401 -84.8025 -91.9366 -52.1674 -60.7441 -76.2043 -41.0632  -63.491 -119.206 -78.1988 -44.5422 -77.7772 -102.275 -53.1874 -45.1096 -120.213 -68.5339 -62.3088 -78.2182 -58.8565 -104.588 -160.999 -68.7769 -55.3204 -79.0919
-58.9533 -33.8704 -47.0725 -39.0648 -51.1189 -51.1993 -34.4896 -35.0835 -39.4926 -36.4983 -42.9033 -58.7429 -57.4203 -53.3402 -50.4189  -66.488 -49.8733 -30.8062 -26.0137 -48.1047 -44.8675  -42.727 -68.0508 -34.9514 -50.2275 -49.3992 -35.3403 -52.1872 -56.5224 -40.6843   -43.45 -33.6393  -34.588 -67.4012 -59.6691 -20.3023 -59.0324  -56.573 -21.5602 -45.2208 -82.8737 -46.1106 -35.2467 -36.2946 -16.8464 -72.1988 -68.7769 -105.556 -40.7761 -27.4352
-59.1001 -31.0909 -48.8779 -51.8414 -59.6041 -40.5663 -47.8746 -46.2221 -41.5305 -44.3902 -31.9079 -59.7437 -45.5425 -62.7933 -44.9397 -68.2596 -44.8448 -42.0871 -37.0231 -49.3893 -60.6137 -63.0194 -73.1233 -33.4798 -68.4896 -53.1041 -35.2187 -41.8757 -68.4555 -47.2863 -52.8648 -54.7967 -38.9266 -66.6214 -39.3251 -47.2285 -79.4184  -71.379 -63.7083  -36.997 -75.0546  -54.899 -36.5526 -40.0756  -23.905 -64.3248 -55.3204 -40.7761 -129.591 -58.6215
-52.0713 -44.6157 -47.4921 -47.1801  -57.682 -48.8751 -63.8178 -64.5879 -60.2459 -61.4274 -58.4815  -69.286 -56.6611 -60.6934 -36.0449 -49.3646 -25.3047 -66.0728 -55.1105 -42.8601 -66.8589  -77.429  -83.331 -78.8343 -91.8133 -57.1037 -57.5094 -77.0815 -63.1898 -53.0226 -60.1214 -44.7117 -60.5332 -88.8824 -64.8348 -66.4093  -92.613 -77.6982 -41.9777 -49.5302 -85.5707 -47.4637 -48.2052  -61.494 -46.0354  -64.006 -79.0919 -27.4352 -58.6215 -127.203
   1.6827 -0.765652  0.767119  0.991591 -0.558007 -0.454706  0.382385 -0.609615   2.70171 -0.914528 -0.105287 -0.984665   2.21659   1.33649   2.72334   2.16605 -0.389577   2.74383   2.88853   1.04979 -0.717484   1.64024  -0.23309  0.697527 -0.361477        -0        -0        -0        -0        -0        -0        -0        -0        -0        -0        -0        -0        -0        -0        -0        -0        -0        -0        -0        -0        -0        -0        -0        -0        -0
 -0.765652  -0.271134  -0.105269    2.29566   0.709809    0.60382    1.14148     2.3524  -0.267314   0.321032    -0.6877    1.52621    1.64843  -0.914013   -0.96492  -0.327912    1.12697  -0.923948    1.02904   0.752696    2.31751  -0.150288 -0.0512573   0.289434  -0.946653         -0         -0         -0         -0         -0         -0         -0         -0         -0         -0         -0         -0         -0         -0         -0         -0         -0         -0         -0         -0         -0         -0         -0         -0         -0
 0.767119 -0.105269   1.65646  0.369533   2.71322   2.56955  0.489375   2.13411   2.37831  0.950656   1.59923 -0.249646   1.29349 -0.499692   0.82064  0.248649   2.56444  0.176476   1.26054  0.186389   1.85511 -0.516568   1.83097   1.47884  0.700348        -0        -0        -0        -0        -0        -0        -0        -0        -0        -0        -0        -0        -0        -0        -0        -0        -0        -0        -0        -0        -0        -0        -0        -0        -0
  0.991591    2.29566   0.369533      1.162     2.3092  -0.775013   0.889548    1.48229    1.76676  -0.171952    2.01098    1.65974  -0.375081    1.01454    1.79644    1.89282  -0.527525    2.39595  -0.357185    1.67871   -0.60267    2.60302    2.48047 0.00703004    1.77875         -0         -0         -0         -0         -0         -0         -0         -0         -0         -0         -0         -0         -0         -0         -0         -0         -0         -0         -0         -0         -0         -0         -0         -0         -0
 -0.558007   0.709809    2.71322     2.3092  -0.780032    1.74036   0.308886    2.84982    2.54368    2.95144    1.23026   0.479953    1.60184   0.917424    1.92561    1.59337    2.24598 -0.0073861    1.48228    1.63555    2.55249    1.83604  -0.368315    2.42299    2.67757         -0         -0         -0         -0         -0         -0         -0         -0         -0         -0         -0         -0         -0         -0         -0         -0         -0         -0         -0         -0         -0         -0         -0         -0         -0
-0.454706   0.60382   2.56955 -0.775013   1.74036   2.54868 -0.536463   1.99163 -0.170342 -0.990722    2.0712    0.0533   1.18829 -0.503776 -0.470504    1.4011   1.74243   1.21367   2.13076 -0.351696  0.685205  -0.69534   2.87834   2.43068  0.727175        -0        -0        -0        -0        -0        -0        -0        -0        -0        -0        -0        -0        -0        -0        -0        -0        -0        -0        -0        -0        -0        -0        -0        -0        -0
 0.382385   1.14148  0.489375  0.889548  0.308886 -0.536463   1.43484   2.86467   2.15715  -0.47024   2.09646   2.55446 -0.359746  0.231126  0.132935   1.61615   2.63853 -0.993631 -0.613355   1.56724   1.44712   2.88554   1.12071   0.77394 -0.523724        -0        -0        -0        -0        -0        -0        -0        -0        -0        -0        -0        -0        -0        -0        -0        -0        -0        -0        -0        -0        -0        -0        -0        -0        -0
-0.609615    2.3524   2.13411   1.48229   2.84982   1.99163   2.86467  0.991306   1.89608 -0.315876   2.55129  0.792253  0.128049 -0.434145    2.0116   1.62845   2.91807   2.11958   1.55833  -0.33541  0.305188   1.15355  0.481397  -0.62827 -0.032995        -0        -0        -0        -0        -0        -0        -0        -0        -0        -0        -0        -0        -0        -0        -0        -0        -0        -0        -0        -0        -0        -0        -0        -0        -0
  2.70171 -0.267314   2.37831   1.76676   2.54368 -0.170342   2.15715   1.89608   2.96377   2.38759 0.0218604   2.65253   1.93865   1.78972 0.0298046 -0.778265   2.99108  0.778107 -0.692761   1.90884   1.87159   2.15977 -0.638225   1.26165 -0.793988        -0        -0        -0        -0        -0        -0        -0        -0        -0        -0        -0        -0        -0        -0        -0        -0        -0        -0        -0        -0        -0        -0        -0        -0        -0
-0.914528  0.321032  0.950656 -0.171952   2.95144 -0.990722  -0.47024 -0.315876   2.38759   2.29653    2.9245   1.56544       2.3  0.856045   2.14747  0.412594   1.53134 -0.521156   2.78259   2.21006  0.125827  -0.71713  0.723734  0.254409  0.483306        -0        -0        -0        -0        -0        -0        -0        -0        -0        -0        -0        -0        -0        -0        -0        -0        -0        -0        -0        -0        -0        -0        -0        -0        -0
 -0.105287    -0.6877    1.59923    2.01098    1.23026     2.0712    2.09646    2.55129  0.0218604     2.9245    2.50273  -0.977488      1.608    2.16769 -0.0709809    0.55406    1.51144    1.36557    2.55095    2.14687    2.94074   0.706041  -0.682562 0.00341546  -0.610007         -0         -0         -0         -0         -0         -0         -0         -0         -0         -0         -0         -0         -0         -0         -0         -0         -0         -0         -0         -0         -0         -0         -0         -0         -0
 -0.984665    1.52621  -0.249646    1.65974   0.479953     0.0533    2.55446   0.792253    2.65253    1.56544  -0.977488    1.72373    2.99195 -0.0219912   0.526028  -0.248769    1.39218  -0.479459    1.52091     1.0396     2.5199  -0.155023  -0.333565    1.13999    2.63669         -0         -0         -0         -0         -0         -0         -0         -0         -0         -0         -0         -0         -0         -0         -0         -0         -0         -0         -0         -0         -0         -0         -0         -0         -0
  2.21659   1.64843   1.29349 -0.375081   1.60184   1.18829 -0.359746  0.128049   1.93865       2.3     1.608   2.99195   1.85446    1.4963 -0.621399   1.54553  0.147495  -0.88263   2.78896    2.5967   2.69307   1.72999  0.609274   2.37512   2.25725        -0        -0        -0        -0        -0        -0        -0        -0        -0        -0        -0        -0        -0        -0        -0        -0        -0        -0        -0        -0        -0        -0        -0        -0        -0
   1.33649  -0.914013  -0.499692    1.01454   0.917424  -0.503776   0.231126  -0.434145    1.78972   0.856045    2.16769 -0.0219912     1.4963  -0.704258   0.494874  -0.434345   0.139893    1.28364    1.67053   0.705205  -0.394669    2.01123    1.47099    1.48481  -0.238277         -0         -0         -0         -0         -0         -0         -0         -0         -0         -0         -0         -0         -0         -0         -0         -0         -0         -0         -0         -0         -0         -0         -0         -0         -0
   2.72334   -0.96492    0.82064    1.79644    1.92561  -0.470504   0.132935     2.0116  0.0298046    2.14747 -0.0709809   0.526028  -0.621399   0.494874  -0.684256   0.781036    1.61391  -0.488376  -0.700983    1.34684    1.42874    2.71657    2.82621    1.50176   0.898338         -0         -0         -0         -0         -0         -0         -0         -0         -0         -0         -0         -0         -0         -0         -0         -0         -0         -0         -0         -0         -0         -0         -0         -0         -0
  2.16605 -0.327912  0.248649   1.89282   1.59337    1.4011   1.61615   1.62845 -0.778265  0.412594   0.55406 -0.248769   1.54553 -0.434345  0.781036  0.693003   1.56009   1.64871 -0.732197   2.37929   1.90313   2.85581  0.892144  0.098855 -0.488344        -0        -0        -0        -0        -0        -0        -0        -0        -0        -0        -0        -0        -0        -0        -0        -0        -0        -0        -0        -0        -0        -0        -0        -0        -0
-0.389577   1.12697   2.56444 -0.527525   2.24598   1.74243   2.63853   2.91807   2.99108   1.53134   1.51144   1.39218  0.147495  0.139893   1.61391   1.56009   1.69395 -0.204921  0.036098  0.256152    2.7522   1.95197 -0.822972   1.80225  0.765139        -0        -0        -0        -0        -0        -0        -0        -0        -0        -0        -0        -0        -0        -0        -0        -0        -0        -0        -0        -0        -0        -0        -0        -0        -0
   2.74383  -0.923948   0.176476    2.39595 -0.0073861    1.21367  -0.993631    2.11958   0.778107  -0.521156    1.36557  -0.479459   -0.88263    1.28364  -0.488376    1.64871  -0.204921     1.9038  -0.180442  -0.132247  -0.531655    2.23647  -0.328816     2.1682  -0.961672         -0         -0         -0         -0         -0         -0         -0         -0         -0         -0         -0         -0         -0         -0         -0         -0         -0         -0         -0         -0         -0         -0         -0         -0         -0
  2.88853   1.02904   1.26054 -0.357185   1.48228   2.13076 -0.613355   1.55833 -0.692761   2.78259   2.55095   1.52091   2.78896   1.67053 -0.700983 -0.732197  0.036098 -0.180442 -0.614827   2.16825   1.49983   2.54888 -0.377869   1.70813   2.88678        -0        -0        -0        -0        -0        -0        -0        -0        -0        -0        -0        -0        -0        -0        -0        -0        -0        -0        -0        -0        -0        -0        -0        -0        -0
  1.04979  0.752696  0.186389   1.67871   1.63555 -0.351696   1.56724  -0.33541   1.90884   2.21006   2.14687    1.0396    2.5967  0.705205   1.34684   2.37929  0.256152 -0.132247   2.16825   2.92668  0.457407    2.5573   2.18826  0.273238 -0.750048        -0        -0        -0        -0        -0        -0        -0        -0        -0        -0        -0        -0        -0        -0        -0        -0        -0        -0        -0        -0        -0        -0        -0        -0        -0
-0.717484   2.31751   1.85511  -0.60267   2.55249  0.685205   1.44712  0.305188   1.87159  0.125827   2.94074    2.5199   2.69307 -0.394669   1.42874   1.90313    2.7522 -0.531655   1.49983  0.457407   1.81519  0.665209 -0.612245   1.99441   1.54009        -0        -0        -0        -0        -0        -0        -0        -0        -0        -0        -0        -0        -0        -0        -0        -0        -0        -0        -0        -0        -0        -0        -0        -0        -0
   1.64024  -0.150288  -0.516568    2.60302    1.83604   -0.69534    2.88554    1.15355    2.15977   -0.71713   0.706041  -0.155023    1.72999    2.01123    2.71657    2.85581    1.95197    2.23647    2.54888     2.5573   0.665209    1.45201  -0.522056  -0.399727 -0.0143684         -0         -0         -0         -0         -0         -0         -0         -0         -0         -0         -0         -0         -0         -0         -0         -0         -0         -0         -0         -0         -0         -0         -0         -0         -0
  -0.23309 -0.0512573    1.83097    2.48047  -0.368315    2.87834    1.12071   0.481397  -0.638225   0.723734  -0.682562  -0.333565   0.609274    1.47099    2.82621   0.892144  -0.822972  -0.328816  -0.377869    2.18826  -0.612245  -0.522056    1.14023   0.450266     2.0522         -0         -0         -0         -0         -0         -0         -0         -0         -0         -0         -0         -0         -0         -0         -0         -0         -0         -0         -0         -0         -0         -0         -0         -0         -0
  0.697527   0.289434    1.47884 0.00703004    2.42299    2.43068    0.77394   -0.62827    1.26165   0.254409 0.00341546    1.13999    2.37512    1.48481    1.50176   0.098855    1.80225     2.1682    1.70813   0.273238    1.99441  -0.399727   0.450266    2.66559   0.708291         -0         -0         -0         -0         -0         -0         -0         -0         -0         -0         -0         -0         -0         -0         -0         -0         -0         -0         -0         -0         -0         -0         -0         -0         -0
 -0.361477  -0.946653   0.700348    1.77875    2.67757   0.727175  -0.523724  -0.032995  -0.793988   0.483306  -0.610007    2.63669    2.25725  -0.238277   0.898338  -0.488344   0.765139  -0.961672    2.88678  -0.750048    1.54009 -0.0143684     2.0522   0.708291    2.69376         -0         -0         -0         -0         -0         -0         -0         -0         -0         -0         -0         -0         -0         -0         -0         -0         -0         -0         -0         -0         -0         -0         -0         -0         -0
       -0        -0        -0        -0        -0        -0        -0        -0        -0        -0        -0        -0        -0        -0        -0        -0        -0        -0        -0        -0        -0        -0        -0        -0        -0   -1.6827  0.765652 -0.767119 -0.991591  0.558007  0.454706 -0.382385  0.609615  -2.70171  0.914528  0.105287  0.984665  -2.21659  -1.33649  -2.72334  -2.16605  0.389577  -2.74383  -2.88853  -1.04979  0.717484  -1.64024   0.23309 -0.697527  0.361477
       -0        -0        -0        -0        -0        -0        -0        -0        -0        -0        -0        -0        -0        -0        -0        -0        -0        -0        -0        -0        -0        -0        -0        -0        -0  0.765652  0.271134  0.105269  -2.29566 -0.709809  -0.60382  -1.14148   -2.3524  0.267314 -0.321032    0.6877  -1.52621  -1.64843  0.914013   0.96492  0.327912  -1.12697  0.923948  -1.02904 -0.752696  -2.31751  0.150288 0.0512573 -0.289434  0.946653
       -0        -0        -0        -0        -0        -0        -0        -0        -0        -0        -0        -0        -0        -0        -0        -0        -0        -0        -0        -0        -0        -0        -0        -0        -0 -0.767119  0.105269  -1.65646 -0.369533  -2.71322  -2.56955 -0.489375  -2.13411  -2.37831 -0.950656  -1.59923  0.249646  -1.29349  0.499692  -0.82064 -0.248649  -2.56444 -0.176476  -1.26054 -0.186389  -1.85511  0.516568  -1.83097  -1.47884 -0.700348
         -0          -0          -0          -0          -0          -0          -0          -0          -0          -0          -0          -0          -0          -0          -0          -0          -0          -0          -0          -0          -0          -0          -0          -0          -0   -0.991591    -2.29566   -0.369533      -1.162     -2.3092    0.775013   -0.889548    -1.48229    -1.76676    0.171952    -2.01098    -1.65974    0.375081    -1.01454    -1.79644    -1.89282    0.527525    -2.39595    0.357185    -1.67871     0.60267    -2.60302    -2.48047 -0.00703004    -1.77875
       -0        -0        -0        -0        -0        -0        -0        -0        -0        -0        -0        -0        -0        -0        -0        -0        -0        -0        -0        -0        -0        -0        -0        -0        -0  0.558007 -0.709809  -2.71322   -2.3092  0.780032  -1.74036 -0.308886  -2.84982  -2.54368  -2.95144  -1.23026 -0.479953  -1.60184 -0.917424  -1.92561  -1.59337  -2.24598 0.0073861  -1.48228  -1.63555  -2.55249  -1.83604  0.368315  -2.42299  -2.67757
       -0        -0        -0        -0        -0        -0        -0        -0        -0        -0        -0        -0        -0        -0        -0        -0        -0        -0        -0        -0        -0        -0        -0        -0        -0  0.454706  -0.60382  -2.56955  0.775013  -1.74036  -2.54868  0.536463  -1.99163  0.170342  0.990722   -2.0712   -0.0533  -1.18829  0.503776  0.470504   -1.4011  -1.74243  -1.21367  -2.13076  0.351696 -0.685205   0.69534  -2.87834  -2.43068 -0.727175
       -0        -0        -0        -0        -0        -0        -0        -0        -0        -0        -0        -0        -0        -0        -0        -0        -0        -0        -0        -0        -0        -0        -0        -0        -0 -0.382385  -1.14148 -0.489375 -0.889548 -0.308886  0.536463  -1.43484  -2.86467  -2.15715   0.47024  -2.09646  -2.55446  0.359746 -0.231126 -0.132935  -1.61615  -2.63853  0.993631  0.613355  -1.56724  -1.44712  -2.88554  -1.12071  -0.77394  0.523724
