50
1
50
  0.0361115    0.221748    0.169781     0.23434    0.243299   0.0638357   0.0387781    0.105302    0.142856  -0.0144365   0.0647754    0.073525  -0.0181817 -0.00254882  -0.0760391    0.123001  0.00503014   -0.037583   -0.107761  -0.0603132   0.0792745    0.207117   0.0243685    0.287403  0.00284925   0.0731813   -0.270974   -0.146917   -0.183221   0.0549942 -0.00334065    0.107654  0.00205899    0.173798   0.0241445    0.054587   0.0463112   -0.172807   0.0177945     -0.3001   -0.185006   0.0309737 -0.00941341     -0.2032 0.000672142   0.0306451     0.12431    0.202451    0.308486    0.235703
-116.053 -32.0564 -31.5232 -32.2167 -30.6008 -38.9016 -39.8547  -46.145 -35.0408 -36.8316 -56.4892    -48.1  -36.762 -52.8956 -53.3327  -18.189 -55.3089 -27.1993 -61.1555 -60.4381 -32.2427 -14.8371 -23.1726 -65.4259 -35.0284 -33.8492 -24.8317 -43.2354 -48.2053 -30.6856 -32.8097  -23.885 -34.0284 -37.1184 -45.9717 -35.9391 -52.1624 -12.8136 -39.6454 -43.8776 -52.6299  -25.141 -65.1005 -45.8987 -57.4942 -22.1707 -37.8638 -38.8756  -37.662 -42.1258
-32.0564 -85.1957 -33.6711 -29.2499 -15.8178 -40.3194 -29.2679 -20.3724 -24.1232 -20.0236 -23.1387  -41.439 -44.4898 -47.7865 -45.7933 -16.5789 -41.5229 -35.9341 -46.7836 -35.0922 -54.9933 -29.1405 -33.5909 -35.8781 -25.8701 -35.0177 -37.3117 -39.6934 -22.6771 -30.5659 -42.2038 -17.7191 -24.0139  -33.233 -56.6124 -32.0182 -38.1385 -18.9506 -24.2294 -32.1701 -30.6491 -29.2419 -38.5012 -33.6776  -17.863 -31.0151 -32.0954 -38.7445 -33.3691 -30.7083
-31.5232 -33.6711 -101.468 -28.5477 -43.0923 -44.4947 -41.4329  -38.601 -50.9035 -28.0185 -50.5774 -54.0209 -38.3064 -50.1266  -29.899 -35.9525 -53.2484 -24.0644  -52.256 -57.9743 -67.7127 -37.7177 -39.7716 -29.4646 -28.2276 -36.8092  -54.851 -45.9257 -46.6191 -36.2734 -59.1713 -24.9379 -42.3976 -36.9997 -59.1468 -40.4684 -50.0814  -26.437   -55.97 -51.0447 -60.2268 -45.0172 -67.6364 -50.0507 -40.6446 -35.0568 -54.8794 -46.6563 -27.5243 -39.6912
-32.2167 -29.2499 -28.5477 -104.395 -46.8671 -33.2463 -20.1909 -41.5268 -39.6056 -36.1721 -37.4737 -34.4121 -46.8059 -51.2062 -45.7681 -16.2919 -45.7461 -46.1383 -42.3349 -47.6344 -52.5693 -33.1935 -45.1798  -47.776 -32.1616 -52.5416 -57.5977 -40.4515 -33.6126 -19.2161 -60.8837 -38.9315 -45.2582 -47.3372 -54.4873 -41.9831 -44.1673 -19.6251 -34.9135  -57.833 -48.1666  -21.552 -29.3893 -55.6603 -34.7705 -37.9127 -35.9991 -38.5044 -24.9146 -56.2298
-30.6008 -15.8178 -43.0923 -46.8671 -126.938 -35.9858 -51.9504 -51.6789 -44.5099 -38.9741 -46.4344 -47.0843 -51.7916 -44.8694 -41.9896 -40.1649 -78.4195 -42.6019  -49.128 -54.0759 -60.3959 -35.2586 -50.5659 -35.2991 -24.7326  -44.321 -40.8885 -41.3221 -59.8183 -57.0908 -66.7367 -44.1806 -49.9522 -47.2526 -58.1096 -33.8938 -46.5849 -35.2987 -76.1262 -58.7613 -60.1105 -52.7585 -82.4258 -59.5603 -63.5351 -31.0654  -58.295 -63.4748 -60.5997 -39.1058
-38.9016 -40.3194 -44.4947 -33.2463 -35.9858  -107.26 -54.9069 -22.8098 -35.3606 -29.6315 -36.2414 -36.2008 -45.4221 -50.9793 -47.7809 -31.0001 -49.6947 -31.7242 -48.9935 -41.7477 -35.8825 -53.0189 -41.4701 -30.7548  -35.545 -33.2717 -45.4155 -39.1376 -26.7276 -42.5345 -66.8867 -36.8089 -28.1025 -26.8839 -57.3936 -48.0854 -31.2737 -14.3494 -33.5546 -40.7186 -58.8817 -33.6559 -68.8007 -67.8467 -43.4135 -50.8994 -48.2897 -52.2036 -45.6267 -36.0319
-39.8547 -29.2679 -41.4329 -20.1909 -51.9504 -54.9069 -102.115   -23.94 -47.1856 -25.0591 -36.2711 -45.1531 -44.7968 -53.6883 -47.5159 -26.4352 -50.4952 -32.1842   -50.46 -33.3426 -32.3918 -30.3214 -52.1831 -30.1648 -34.8777 -30.7614 -47.7919 -45.2724 -51.0893 -40.0751 -48.3697 -47.2092 -39.4592 -36.1241  -52.793 -44.2792 -34.4566 -14.0784 -57.1826  -53.629 -44.5817  -39.373 -54.6006 -66.1083 -44.4617 -37.9515 -42.1982 -47.2927 -39.4987 -42.5169
 -46.145 -20.3724  -38.601 -41.5268 -51.6789 -22.8098   -23.94 -100.514 -42.1663 -43.9805  -47.751 -36.3257 -38.3851 -54.8225 -52.5335 -40.0759 -52.9515  -38.414 -26.4268 -61.0935 -55.9411 -28.3125 -38.9066 -54.4401 -31.2164 -51.2206 -39.1075 -44.1426  -40.056 -31.1955 -36.9674 -36.4787 -46.8548 -37.1335 -53.0423 -31.8364 -49.1562 -33.9441  -46.611 -60.9382 -38.8127 -38.2675 -37.9939 -58.8647 -52.8623 -48.2323 -61.5093 -47.5745 -42.3647 -44.7237
-35.0408 -24.1232 -50.9035 -39.6056 -44.5099 -35.3606 -47.1856 -42.1663 -106.147 -46.6331 -58.1558 -62.4068 -51.3296 -48.4022  -44.173 -46.8709 -54.7427  -43.444 -58.4577 -41.0391 -62.6675  -50.255 -50.6556 -43.8008 -42.3776 -50.9954 -63.6192  -44.175 -48.0862 -32.9412 -56.2003 -38.8949 -31.7164 -42.3652 -54.6966 -39.9457 -35.7931 -32.3429 -52.8806 -41.6364 -57.7697 -56.9005 -64.8038 -70.6249 -63.1033 -33.3596 -64.3674 -57.3903 -28.5514 -54.5073
-36.8316 -20.0236 -28.0185 -36.1721 -38.9741 -29.6315 -25.0591 -43.9805 -46.6331 -82.2754 -35.6587 -46.3097 -40.9516 -36.0531 -38.5712 -15.5685 -58.1591 -48.5271 -32.0754 -49.1696 -41.0478 -30.7735 -34.5138 -41.9628 -31.3566 -21.8139 -48.6722 -46.0397 -34.6217 -21.5799  -35.063 -30.4081 -41.6028 -38.9875 -40.5664 -27.6425 -35.1774 -24.9909 -34.4424 -29.7647 -43.1523 -27.8716 -32.8692 -45.7939 -49.9539 -40.8703  -34.682 -43.3713 -25.0174 -43.1526
-56.4892 -23.1387 -50.5774 -37.4737 -46.4344 -36.2414 -36.2711  -47.751 -58.1558 -35.6587 -107.433 -60.6682 -62.3269 -52.4421 -51.6889 -28.8237 -62.2627 -42.6133 -57.9805 -67.9283 -68.4942 -40.6419 -42.1692 -41.5753 -42.1184 -39.3227 -51.8866 -59.3061 -34.7309 -37.1248 -44.2072 -32.5795 -48.9284 -44.8597 -50.8198 -43.4519  -54.694 -31.8906 -56.0562 -46.3185 -63.7388 -44.6316 -74.4871 -58.7817  -55.985 -32.3798 -70.4194 -27.8458  -31.584 -33.9961
   -48.1  -41.439 -54.0209 -34.4121 -47.0843 -36.2008 -45.1531 -36.3257 -62.4068 -46.3097 -60.6682 -116.289 -60.9387 -60.2454 -44.7109 -33.0486 -60.5405 -55.5713 -61.2524 -57.8151  -63.068 -50.5244 -53.4721  -45.009 -32.0917 -42.2873 -67.3187 -61.4255 -57.2944 -33.0821 -39.3022 -48.6289 -38.2054 -51.2494 -46.1986 -44.4109 -38.0182 -32.4715 -60.2492 -37.7998 -61.2426 -42.0686 -70.1172 -65.8476 -59.1815 -22.0501 -42.2351 -47.8338 -38.2893 -61.6712
 -36.762 -44.4898 -38.3064 -46.8059 -51.7916 -45.4221 -44.7968 -38.3851 -51.3296 -40.9516 -62.3269 -60.9387 -114.228 -52.9261 -58.6671 -20.6794 -89.8781 -56.9995 -51.6493 -65.8283 -59.4816 -30.2517 -69.9586 -40.5462 -39.2046 -50.4499 -64.0723  -55.019 -32.1042 -29.4521 -53.2728 -34.5467 -40.1202 -40.1748 -54.6082 -36.8256  -45.642   -19.06 -44.6638 -39.2263 -47.1252 -41.4113 -70.9202  -62.483 -47.8572 -48.5785 -55.4899 -53.9279 -42.2348 -41.0788
-52.8956 -47.7865 -50.1266 -51.2062 -44.8694 -50.9793 -53.6883 -54.8225 -48.4022 -36.0531 -52.4421 -60.2454 -52.9261 -110.278 -57.8671 -34.5823 -52.7508 -56.3972 -58.7741 -61.5595 -63.2232 -52.9465 -59.7541 -48.0316 -25.6664  -53.354 -63.0354 -46.7347 -62.7478 -30.1453 -59.3609 -49.0265 -50.1113 -51.3434 -62.3868 -50.5916 -66.5282 -26.7351 -64.5021 -58.9622 -57.1573 -39.6166 -49.0875 -74.1736  -34.719 -43.0395 -58.9753 -43.5364 -50.8999 -67.3623
-53.3327 -45.7933  -29.899 -45.7681 -41.9896 -47.7809 -47.5159 -52.5335  -44.173 -38.5712 -51.6889 -44.7109 -58.6671 -57.8671 -111.039 -30.1726 -64.7399 -50.4951 -62.8246 -48.6572 -70.0722 -38.0815 -38.7827 -73.0831 -58.6104 -49.0036 -45.6266 -59.0964 -46.8962 -51.5138 -45.1611 -40.2874 -47.1376 -39.3245 -68.3433 -29.3352 -59.8776  -28.599 -45.8363 -59.1398 -71.0795 -28.1793 -44.3061  -60.465 -54.3877  -67.622 -53.3165 -60.0167 -45.6104 -57.7747
 -18.189 -16.5789 -35.9525 -16.2919 -40.1649 -31.0001 -26.4352 -40.0759 -46.8709 -15.5685 -28.8237 -33.0486 -20.6794 -34.5823 -30.1726 -86.7548 -28.5421 -42.7226 -31.3377 -32.7376 -44.9812 -37.8906 -20.1451 -51.7656 -29.1745 -30.1109 -48.6948 -24.7293 -42.3662 -41.9063 -29.9097 -33.7886 -18.6906  -23.453 -33.2012 -19.6001 -24.3068 -20.8586 -23.9268 -40.1792 -27.8592 -38.2564  -60.235 -53.8352 -33.9006  -23.964 -57.8855 -51.0464 -35.8838 -43.7561
-55.3089 -41.5229 -53.2484 -45.7461 -78.4195 -49.6947 -50.4952 -52.9515 -54.7427 -58.1591 -62.2627 -60.5405 -89.8781 -52.7508 -64.7399 -28.5421 -137.743 -53.4537 -51.3415 -70.5046 -79.5548 -29.2866 -60.9975 -59.0597 -42.6626 -42.1657 -73.6958 -58.4169 -53.9695 -58.4581 -58.8567 -40.4301 -44.4107 -50.9633  -76.194 -44.2783 -66.5849 -30.0328 -66.0288 -54.1984 -56.7682 -61.3235 -87.6495 -66.4723 -74.4348 -65.5681 -63.9897 -74.8707 -65.3361 -46.9098
-27.1993 -35.9341 -24.0644 -46.1383 -42.6019 -31.7242 -32.1842  -38.414  -43.444 -48.5271 -42.6133 -55.5713 -56.9995 -56.3972 -50.4951 -42.7226 -53.4537 -104.968 -41.1728 -49.9477  -64.843 -43.9013 -48.7631 -57.0933  -42.392 -38.5507 -73.6882 -51.0367 -50.5495 -37.8107 -56.6285 -37.6033 -30.9607 -43.3648 -40.5133 -33.0147  -41.529   -23.01 -40.4221 -46.4681 -42.5632 -38.3655 -39.6165 -58.0312 -40.4261 -34.3984 -52.9168 -43.8558 -38.0603 -64.4381
-61.1555 -46.7836  -52.256 -42.3349  -49.128 -48.9935   -50.46 -26.4268 -58.4577 -32.0754 -57.9805 -61.2524 -51.6493 -58.7741 -62.8246 -31.3377 -51.3415 -41.1728 -111.245  -37.499 -60.4738 -45.1355 -46.4654 -43.9707 -43.3444 -52.6981 -50.4961 -53.7804 -52.5598 -45.7851 -57.4281 -32.7814 -53.4628 -41.9607 -67.1147 -48.2019 -55.3829  -30.946 -58.5033 -55.8901 -64.1972 -43.3166 -71.3734 -69.1333 -51.0236 -41.1108 -59.6397 -48.2192 -39.1056 -59.9277
-60.4381 -35.0922 -57.9743 -47.6344 -54.0759 -41.7477 -33.3426 -61.0935 -41.0391 -49.1696 -67.9283 -57.8151 -65.8283 -61.5595 -48.6572 -32.7376 -70.5046 -49.9477  -37.499 -109.973 -65.1674 -36.8637 -40.0737 -63.8738 -18.9637 -34.2259 -60.3485 -58.3965 -47.0819 -31.6674  -48.444 -42.6184 -43.2361 -56.1159 -51.5404  -43.303 -62.6977 -31.3413 -54.8575 -47.9977 -51.0521 -44.7581 -59.8067 -57.6958 -60.5733  -37.859  -52.796 -37.0154 -37.6616 -40.1755
-32.2427 -54.9933 -67.7127 -52.5693 -60.3959 -35.8825 -32.3918 -55.9411 -62.6675 -41.0478 -68.4942  -63.068 -59.4816 -63.2232 -70.0722 -44.9812 -79.5548  -64.843 -60.4738 -65.1674 -147.882 -66.6855 -54.9455 -65.7991 -42.6287 -63.9605 -95.0229 -80.1543  -60.134 -74.7486 -72.3155 -31.6535 -47.3198 -58.4043 -79.4854  -39.802 -75.2929 -60.3775 -64.1154 -70.0166  -65.598 -59.4494 -66.6588 -74.7596 -58.8008 -50.1606 -72.3423 -70.8524 -60.1848 -53.6211
-14.8371 -29.1405 -37.7177 -33.1935 -35.2586 -53.0189 -30.3214 -28.3125  -50.255 -30.7735 -40.6419 -50.5244 -30.2517 -52.9465 -38.0815 -37.8906 -29.2866 -43.9013 -45.1355 -36.8637 -66.6855  -98.568  -32.363 -31.9713 -35.7796 -46.5233  -65.073 -52.3175 -41.8762 -35.7409 -50.1046  -29.607 -22.1605 -27.6499 -31.5592 -40.4158 -36.9091  -48.455 -41.0909 -32.0984 -53.7225 -46.5236 -41.9628 -71.7077  -45.984 -30.5626 -49.2465 -51.0516 -50.2415 -51.7571
-23.1726 -33.5909 -39.7716 -45.1798 -50.5659 -41.4701 -52.1831 -38.9066 -50.6556 -34.5138 -42.1692 -53.4721 -69.9586 -59.7541 -38.7827 -20.1451 -60.9975 -48.7631 -46.4654 -40.0737 -54.9455  -32.363 -101.235 -16.7828  -26.651 -60.7961 -57.3931 -50.9206 -35.9989 -41.3685  -49.084 -30.7593 -47.9249  -44.543 -59.9347 -45.2172 -24.6792  -17.159 -50.6033 -48.7466 -47.7042 -51.4193 -48.3129 -55.7373 -32.5031 -42.5611 -60.6274 -46.0464 -38.2872 -43.4907
-65.4259 -35.8781 -29.4646  -47.776 -35.2991 -30.7548 -30.1648 -54.4401 -43.8008 -41.9628 -41.5753  -45.009 -40.5462 -48.0316 -73.0831 -51.7656 -59.0597 -57.0933 -43.9707 -63.8738 -65.7991 -31.9713 -16.7828 -121.952 -42.4692 -30.0183  -63.876 -45.4958 -47.6093 -37.2146 -33.9229 -33.9381 -37.6901 -46.2418 -46.8991 -20.2413 -50.9119  -24.547 -40.9639  -45.638 -45.0968 -38.7879 -51.5898 -56.6058  -61.847 -46.3829 -48.6535 -58.1704 -31.4531  -58.854
-35.0284 -25.8701 -28.2276 -32.1616 -24.7326  -35.545 -34.8777 -31.2164 -42.3776 -31.3566 -42.1184 -32.0917 -39.2046 -25.6664 -58.6104 -29.1745 -42.6626  -42.392 -43.3444 -18.9637 -42.6287 -35.7796  -26.651 -42.4692 -90.7278 -44.7727 -34.7998 -39.0433 -29.2036 -35.1154 -43.0239  -22.577 -24.5116 -22.1256  -41.052 -29.4839 -36.3545 -14.3624 -33.4012 -54.1508  -56.194 -33.0259 -50.1255 -47.9419 -44.0298 -40.0557 -39.2379 -55.2189 -27.1599 -60.1653
-33.8492 -35.0177 -36.8092 -52.5416  -44.321 -33.2717 -30.7614 -51.2206 -50.9954 -21.8139 -39.3227 -42.2873 -50.4499  -53.354 -49.0036 -30.1109 -42.1657 -38.5507 -52.6981 -34.2259 -63.9605 -46.5233 -60.7961 -30.0183 -44.7727  -114.85 -52.3572 -46.9463 -43.5108 -46.5783 -57.4473  -21.932 -30.6704 -39.0362 -65.2768 -41.7917 -41.7728 -26.7905 -53.5888  -61.153 -38.8009 -41.9024 -48.3331 -63.0746  -47.065 -32.5809 -46.1183  -54.267 -53.6992 -49.5269
-24.8317 -37.3117  -54.851 -57.5977 -40.8885 -45.4155 -47.7919 -39.1075 -63.6192 -48.6722 -51.8866 -67.3187 -64.0723 -63.0354 -45.6266 -48.6948 -73.6958 -73.6882 -50.4961 -60.3485 -95.0229  -65.073 -57.3931  -63.876 -34.7998 -52.3572 -136.204  -73.341 -55.3336  -58.049 -63.0575 -51.4453 -33.1665  -48.014   -58.01 -47.4803 -52.7966 -41.9137 -50.4189 -68.3239 -44.5023 -46.3433 -63.3824 -83.2246 -66.1716 -42.5563 -68.3292 -54.9657 -32.3983 -69.3501
-43.2354 -39.6934 -45.9257 -40.4515 -41.3221 -39.1376 -45.2724 -44.1426  -44.175 -46.0397 -59.3061 -61.4255  -55.019 -46.7347 -59.0964 -24.7293 -58.4169 -51.0367 -53.7804 -58.3965 -80.1543 -52.3175 -50.9206 -45.4958 -39.0433 -46.9463  -73.341 -102.337 -36.2277 -48.8681 -39.2498 -34.8855 -45.9398 -42.1297 -55.9305 -48.0931 -42.5502 -43.2012 -44.8108 -63.0287 -56.8707 -32.1701 -49.0061 -51.3629 -62.6519 -53.2657 -55.6842 -50.2538 -27.6883 -48.2363
-48.2053 -22.6771 -46.6191 -33.6126 -59.8183 -26.7276 -51.0893  -40.056 -48.0862 -34.6217 -34.7309 -57.2944 -32.1042 -62.7478 -46.8962 -42.3662 -53.9695 -50.5495 -52.5598 -47.0819  -60.134 -41.8762 -35.9989 -47.6093 -29.2036 -43.5108 -55.3336 -36.2277 -102.867 -39.3331 -38.9723 -47.8162 -24.7568 -23.4332 -59.2483 -29.7673 -60.5227  -32.544 -62.9923 -52.8113 -52.4262 -49.0618 -58.9724 -69.8816  -38.257 -22.9506 -50.4134 -61.1307 -50.9373 -63.3906
-30.6856 -30.5659 -36.2734 -19.2161 -57.0908 -42.5345 -40.0751 -31.1955 -32.9412 -21.5799 -37.1248 -33.0821 -29.4521 -30.1453 -51.5138 -41.9063 -58.4581 -37.8107 -45.7851 -31.6674 -74.7486 -35.7409 -41.3685 -37.2146 -35.1154 -46.5783  -58.049 -48.8681 -39.3331 -102.951 -51.4603 -17.7927 -34.1389 -27.0726 -51.8509 -23.9124  -35.767 -25.3638 -45.6993 -55.5584 -49.6735 -42.9965  -70.441 -53.3286 -51.7547 -39.0913  -62.561 -53.8988  -48.492 -27.4159
-32.8097 -42.2038 -59.1713 -60.8837 -66.7367 -66.8867 -48.3697 -36.9674 -56.2003  -35.063 -44.2072 -39.3022 -53.2728 -59.3609 -45.1611 -29.9097 -58.8567 -56.6285 -57.4281  -48.444 -72.3155 -50.1046  -49.084 -33.9229 -43.0239 -57.4473 -63.0575 -39.2498 -38.9723 -51.4603 -128.507 -36.7954 -46.9299 -44.2497 -62.9777 -46.3544 -52.5977  -27.303  -56.837 -66.5266  -63.122 -44.0223 -63.4564 -62.6568 -52.4275 -40.1668 -44.2682 -60.0195 -55.4412 -58.8134
 -23.885 -17.7191 -24.9379 -38.9315 -44.1806 -36.8089 -47.2092 -36.4787 -38.8949 -30.4081 -32.5795 -48.6289 -34.5467 -49.0265 -40.2874 -33.7886 -40.4301 -37.6033 -32.7814 -42.6184 -31.6535  -29.607 -30.7593 -33.9381  -22.577  -21.932 -51.4453 -34.8855 -47.8162 -17.7927 -36.7954 -90.2896  -20.787 -29.2312 -51.5556 -29.4345 -40.3426 -26.5179 -42.5315 -59.4882 -23.4927 -15.3456 -37.8366 -66.5002  -40.315 -34.1861 -25.0151 -39.4541  -29.674 -57.0671
-34.0284 -24.0139 -42.3976 -45.2582 -49.9522 -28.1025 -39.4592 -46.8548 -31.7164 -41.6028 -48.9284 -38.2054 -40.1202 -50.1113 -47.1376 -18.6906 -44.4107 -30.9607 -53.4628 -43.2361 -47.3198 -22.1605 -47.9249 -37.6901 -24.5116 -30.6704 -33.1665 -45.9398 -24.7568 -34.1389 -46.9299  -20.787 -92.3885 -42.1627 -46.6073 -38.5692 -42.5079 -16.8785 -52.0721 -43.1891 -44.9429 -27.2926   -38.49 -36.2681 -34.0078 -51.9137 -46.7835 -32.8463 -30.9168 -38.2128
-37.1184  -33.233 -36.9997 -47.3372 -47.2526 -26.8839 -36.1241 -37.1335 -42.3652 -38.9875 -44.8597 -51.2494 -40.1748 -51.3434 -39.3245  -23.453 -50.9633 -43.3648 -41.9607 -56.1159 -58.4043 -27.6499  -44.543 -46.2418 -22.1256 -39.0362  -48.014 -42.1297 -23.4332 -27.0726 -44.2497 -29.2312 -42.1627 -92.3771 -46.8088 -36.0783  -41.656 -27.0492 -54.6714 -31.5141 -42.3391 -33.3516 -36.9983 -38.6739 -56.2347 -22.6038  -39.244 -29.9376  -43.515 -39.3979
-45.9717 -56.6124 -59.1468 -54.4873 -58.1096 -57.3936  -52.793 -53.0423 -54.6966 -40.5664 -50.8198 -46.1986 -54.6082 -62.3868 -68.3433 -33.2012  -76.194 -40.5133 -67.1147 -51.5404 -79.4854 -31.5592 -59.9347 -46.8991  -41.052 -65.2768   -58.01 -55.9305 -59.2483 -51.8509 -62.9777 -51.5556 -46.6073 -46.8088 -129.829 -59.8108 -67.8788 -41.0283 -48.6721 -61.4453 -54.8672  -55.127 -69.1787 -66.1368 -48.8191 -65.6712 -54.9781 -75.0922 -53.4265 -52.9583
-35.9391 -32.0182 -40.4684 -41.9831 -33.8938 -48.0854 -44.2792 -31.8364 -39.9457 -27.6425 -43.4519 -44.4109 -36.8256 -50.5916 -29.3352 -19.6001 -44.2783 -33.0147 -48.2019  -43.303  -39.802 -40.4158 -45.2172 -20.2413 -29.4839 -41.7917 -47.4803 -48.0931 -29.7673 -23.9124 -46.3544 -29.4345 -38.5692 -36.0783 -59.8108  -82.918 -41.1196 -19.9651 -30.9265 -45.1416 -29.3572 -38.4751 -35.9724 -48.1908 -33.7821 -38.0582 -31.2428 -31.9906 -30.2343 -41.4912
-52.1624 -38.1385 -50.0814 -44.1673 -46.5849 -31.2737 -34.4566 -49.1562 -35.7931 -35.1774  -54.694 -38.0182  -45.642 -66.5282 -59.8776 -24.3068 -66.5849  -41.529 -55.3829 -62.6977 -75.2929 -36.9091 -24.6792 -50.9119 -36.3545 -41.7728 -52.7966 -42.5502 -60.5227  -35.767 -52.5977 -40.3426 -42.5079  -41.656 -67.8788 -41.1196 -112.176 -31.0948 -45.6387 -53.4978 -38.9019 -31.2174 -50.4228 -58.9081 -38.9858 -35.8519 -42.6069 -56.2466  -43.971 -44.8137
-12.8136 -18.9506  -26.437 -19.6251 -35.2987 -14.3494 -14.0784 -33.9441 -32.3429 -24.9909 -31.8906 -32.4715   -19.06 -26.7351  -28.599 -20.8586 -30.0328   -23.01  -30.946 -31.3413 -60.3775  -48.455  -17.159  -24.547 -14.3624 -26.7905 -41.9137 -43.2012  -32.544 -25.3638  -27.303 -26.5179 -16.8785 -27.0492 -41.0283 -19.9651 -31.0948 -72.9092 -29.5364 -31.1421 -34.9053 -38.0388 -21.3612 -33.6291 -44.4703 -27.8892  -34.805 -35.6766 -33.7259 -33.1062
-39.6454 -24.2294   -55.97 -34.9135 -76.1262 -33.5546 -57.1826  -46.611 -52.8806 -34.4424 -56.0562 -60.2492 -44.6638 -64.5021 -45.8363 -23.9268 -66.0288 -40.4221 -58.5033 -54.8575 -64.1154 -41.0909 -50.6033 -40.9639 -33.4012 -53.5888 -50.4189 -44.8108 -62.9923 -45.6993  -56.837 -42.5315 -52.0721 -54.6714 -48.6721 -30.9265 -45.6387 -29.5364 -128.886 -67.9535 -53.8765 -46.1902 -59.1591 -52.5807 -57.0735   -45.26 -69.8196 -35.8429 -51.5368 -48.7947
-43.8776 -32.1701 -51.0447  -57.833 -58.7613 -40.7186  -53.629 -60.9382 -41.6364 -29.7647 -46.3185 -37.7998 -39.2263 -58.9622 -59.1398 -40.1792 -54.1984 -46.4681 -55.8901 -47.9977 -70.0166 -32.0984 -48.7466  -45.638 -54.1508  -61.153 -68.3239 -63.0287 -52.8113 -55.5584 -66.5266 -59.4882 -43.1891 -31.5141 -61.4453 -45.1416 -53.4978 -31.1421 -67.9535 -138.435 -50.1106 -34.3797  -52.691  -70.393 -40.7793 -58.4608 -59.8119 -41.7724 -29.9207 -69.8045
-52.6299 -30.6491 -60.2268 -48.1666 -60.1105 -58.8817 -44.5817 -38.8127 -57.7697 -43.1523 -63.7388 -61.2426 -47.1252 -57.1573 -71.0795 -27.8592 -56.7682 -42.5632 -64.1972 -51.0521  -65.598 -53.7225 -47.7042 -45.0968  -56.194 -38.8009 -44.5023 -56.8707 -52.4262 -49.6735  -63.122 -23.4927 -44.9429 -42.3391 -54.8672 -29.3572 -38.9019 -34.9053 -53.8765 -50.1106 -126.948 -55.9485 -76.0344 -62.3512 -63.6313 -41.6253 -64.9841 -54.8463 -39.0476 -64.9529
 -25.141 -29.2419 -45.0172  -21.552 -52.7585 -33.6559  -39.373 -38.2675 -56.9005 -27.8716 -44.6316 -42.0686 -41.4113 -39.6166 -28.1793 -38.2564 -61.3235 -38.3655 -43.3166 -44.7581 -59.4494 -46.5236 -51.4193 -38.7879 -33.0259 -41.9024 -46.3433 -32.1701 -49.0618 -42.9965 -44.0223 -15.3456 -27.2926 -33.3516  -55.127 -38.4751 -31.2174 -38.0388 -46.1902 -34.3797 -55.9485 -101.357 -61.6476 -60.7447 -46.7064 -34.9155 -69.9262 -52.4517 -44.8488 -45.0034
-65.1005 -38.5012 -67.6364 -29.3893 -82.4258 -68.8007 -54.6006 -37.9939 -64.8038 -32.8692 -74.4871 -70.1172 -70.9202 -49.0875 -44.3061  -60.235 -87.6495 -39.6165 -71.3734 -59.8067 -66.6588 -41.9628 -48.3129 -51.5898 -50.1255 -48.3331 -63.3824 -49.0061 -58.9724  -70.441 -63.4564 -37.8366   -38.49 -36.9983 -69.1787 -35.9724 -50.4228 -21.3612 -59.1591  -52.691 -76.0344 -61.6476 -156.966 -82.4895 -75.3572 -21.2409 -72.7845 -76.8947 -58.9712 -46.9205
-45.8987 -33.6776 -50.0507 -55.6603 -59.5603 -67.8467 -66.1083 -58.8647 -70.6249 -45.7939 -58.7817 -65.8476  -62.483 -74.1736  -60.465 -53.8352 -66.4723 -58.0312 -69.1333 -57.6958 -74.7596 -71.7077 -55.7373 -56.6058 -47.9419 -63.0746 -83.2246 -51.3629 -69.8816 -53.3286 -62.6568 -66.5002 -36.2681 -38.6739 -66.1368 -48.1908 -58.9081 -33.6291 -52.5807  -70.393 -62.3512 -60.7447 -82.4895 -144.107 -60.4105 -43.4152 -59.5354 -71.8368 -66.3311 -75.2509
-57.4942  -17.863 -40.6446 -34.7705 -63.5351 -43.4135 -44.4617 -52.8623 -63.1033 -49.9539  -55.985 -59.1815 -47.8572  -34.719 -54.3877 -33.9006 -74.4348 -40.4261 -51.0236 -60.5733 -58.8008  -45.984 -32.5031  -61.847 -44.0298  -47.065 -66.1716 -62.6519  -38.257 -51.7547 -52.4275  -40.315 -34.0078 -56.2347 -48.8191 -33.7821 -38.9858 -44.4703 -57.0735 -40.7793 -63.6313 -46.7064 -75.3572 -60.4105 -125.751 -37.0393 -48.5873 -54.4448 -44.7609 -60.8127
-22.1707 -31.0151 -35.0568 -37.9127 -31.0654 -50.8994 -37.9515 -48.2323 -33.3596 -40.8703 -32.3798 -22.0501 -48.5785 -43.0395  -67.622  -23.964 -65.5681 -34.3984 -41.1108  -37.859 -50.1606 -30.5626 -42.5611 -46.3829 -40.0557 -32.5809 -42.5563 -53.2657 -22.9506 -39.0913 -40.1668 -34.1861 -51.9137 -22.6038 -65.6712 -38.0582 -35.8519 -27.8892   -45.26 -58.4608 -41.6253 -34.9155 -21.2409 -43.4152 -37.0393 -106.841 -58.0793 -54.1431 -31.5909 -43.8002
-37.8638 -32.0954 -54.8794 -35.9991  -58.295 -48.2897 -42.1982 -61.5093 -64.3674  -34.682 -70.4194 -42.2351 -55.4899 -58.9753 -53.3165 -57.8855 -63.9897 -52.9168 -59.6397  -52.796 -72.3423 -49.2465 -60.6274 -48.6535 -39.2379 -46.1183 -68.3292 -55.6842 -50.4134  -62.561 -44.2682 -25.0151 -46.7835  -39.244 -54.9781 -31.2428 -42.6069  -34.805 -69.8196 -59.8119 -64.9841 -69.9262 -72.7845 -59.5354 -48.5873 -58.0793   -135.8 -54.8772 -33.4932  -41.226
-38.8756 -38.7445 -46.6563 -38.5044 -63.4748 -52.2036 -47.2927 -47.5745 -57.3903 -43.3713 -27.8458 -47.8338 -53.9279 -43.5364 -60.0167 -51.0464 -74.8707 -43.8558 -48.2192 -37.0154 -70.8524 -51.0516 -46.0464 -58.1704 -55.2189  -54.267 -54.9657 -50.2538 -61.1307 -53.8988 -60.0195 -39.4541 -32.8463 -29.9376 -75.0922 -31.9906 -56.2466 -35.6766 -35.8429 -41.7724 -54.8463 -52.4517 -76.8947 -71.8368 -54.4448 -54.1431 -54.8772  -113.33 -63.4894 -55.6904
 -37.662 -33.3691 -27.5243 -24.9146 -60.5997 -45.6267 -39.4987 -42.3647 -28.5514 -25.0174  -31.584 -38.2893 -42.2348 -50.8999 -45.6104 -35.8838 -65.3361 -38.0603 -39.1056 -37.6616 -60.1848 -50.2415 -38.2872 -31.4531 -27.1599 -53.6992 -32.3983 -27.6883 -50.9373  -48.492 -55.4412  -29.674 -30.9168  -43.515 -53.4265 -30.2343  -43.971 -33.7259 -51.5368 -29.9207 -39.0476 -44.8488 -58.9712 -66.3311 -44.7609 -31.5909 -33.4932 -63.4894  -103.69 -40.4908
-42.1258 -30.7083 -39.6912 -56.2298 -39.1058 -36.0319 -42.5169 -44.7237 -54.5073 -43.1526 -33.9961 -61.6712 -41.0788 -67.3623 -57.7747 -43.7561 -46.9098 -64.4381 -59.9277 -40.1755 -53.6211 -51.7571 -43.4907  -58.854 -60.1653 -49.5269 -69.3501 -48.2363 -63.3906 -27.4159 -58.8134 -57.0671 -38.2128 -39.3979 -52.9583 -41.4912 -44.8137 -33.1062 -48.7947 -69.8045 -64.9529 -45.0034 -46.9205 -75.2509 -60.8127 -43.8002  -41.226 -55.6904 -40.4908 -107.731
 0.416251   1.61371 -0.871552  0.798632 -0.463126  0.338234   2.22378   2.61777 -0.622246   2.10446   2.47145   1.09539  0.724625    1.8078   1.10185  0.567708  0.155413 -0.213439   2.89732  0.470695   1.20148 -0.333429   1.50212   1.91635 -0.190388        -0        -0        -0        -0        -0        -0        -0        -0        -0        -0        -0        -0        -0        -0        -0        -0        -0        -0        -0        -0        -0        -0        -0        -0        -0
  1.61371   1.32141    2.3383   2.57802   1.46949    2.1823  0.603269 -0.319175   1.61053   1.34143 -0.885615   2.72972   1.29929    2.3115   2.86818   1.26993    2.3196  0.322784   1.12606   2.26386   1.33157   2.50309   1.29909   1.74122  0.680993        -0        -0        -0        -0        -0        -0        -0        -0        -0        -0        -0        -0        -0        -0        -0        -0        -0        -0        -0        -0        -0        -0        -0        -0        -0
-0.871552    2.3383 -0.121034   1.30094 -0.288587   1.68256   1.53801   2.63859  0.894655  0.684876   1.18004   1.10084  0.593246   1.51275    1.2191   2.20538 -0.484371   0.93612  0.340524 -0.611608   2.29131 -0.153359  0.301388   1.91502   1.78379        -0        -0        -0        -0        -0        -0        -0        -0        -0        -0        -0        -0        -0        -0        -0        -0        -0        -0        -0        -0        -0        -0        -0        -0        -0
 0.798632   2.57802   1.30094  0.436632   2.65779  0.889655  0.587221 -0.391676 -0.426313   2.60244   1.16423  0.715002  0.966466 -0.945247   1.01564   2.62874   1.63103  0.469704  -0.47156  0.165962   1.08839  0.294068   1.17093   2.72722 -0.895839        -0        -0        -0        -0        -0        -0        -0        -0        -0        -0        -0        -0        -0        -0        -0        -0        -0        -0        -0        -0        -0        -0        -0        -0        -0
-0.463126   1.46949 -0.288587   2.65779  0.699942    1.3461   2.22678   1.84665   1.11198   1.60941 -0.149752  0.915568    2.4135   2.08856   2.93844     2.034   2.06476    1.2252    0.9274  0.198537 -0.849926  0.176689 -0.308828   2.22755   1.52935        -0        -0        -0        -0        -0        -0        -0        -0        -0        -0        -0        -0        -0        -0        -0        -0        -0        -0        -0        -0        -0        -0        -0        -0        -0
  0.338234     2.1823    1.68256   0.889655     1.3461   0.637713  -0.871153   -0.12006  -0.912946  -0.720949    1.13744  -0.274985    2.46589  -0.589658 -0.0151956 0.00059947  -0.140847    1.65609  -0.232209    1.40709    2.53497    1.73472  -0.619186  -0.761777    1.66236         -0         -0         -0         -0         -0         -0         -0         -0         -0         -0         -0         -0         -0         -0         -0         -0         -0         -0         -0         -0         -0         -0         -0         -0         -0
  2.22378  0.603269   1.53801  0.587221   2.22678 -0.871153   1.92545    2.8321 -0.808547    2.9802  0.268691  0.186456 -0.938148  0.779378  -0.17656  0.730587 -0.801259   1.62512     0.315 0.0632773   2.55909   2.49555    1.8375   1.22933   2.02051        -0        -0        -0        -0        -0        -0        -0        -0        -0        -0        -0        -0        -0        -0        -0        -0        -0        -0        -0        -0        -0        -0        -0        -0        -0
  2.61777 -0.319175   2.63859 -0.391676   1.84665  -0.12006    2.8321 -0.550078    1.7928  0.219942   2.19168   1.02995   2.14322  0.387851   2.24995   1.90218  0.334684  0.544802   2.25018    2.3246   2.41393   2.50826 -0.805734  0.526639  0.270572        -0        -0        -0        -0        -0        -0        -0        -0        -0        -0        -0        -0        -0        -0        -0        -0        -0        -0        -0        -0        -0        -0        -0        -0        -0
-0.622246   1.61053  0.894655 -0.426313   1.11198 -0.912946 -0.808547    1.7928   2.72564   1.17371   2.82231   1.90506  0.566735   1.00359   2.49756    2.2197 -0.935469   2.17171   1.70391   2.74761   2.92336   1.02602  0.227455  0.539611  0.577378        -0        -0        -0        -0        -0        -0        -0        -0        -0        -0        -0        -0        -0        -0        -0        -0        -0        -0        -0        -0        -0        -0        -0        -0        -0
  2.10446   1.34143  0.684876   2.60244   1.60941 -0.720949    2.9802  0.219942   1.17371 -0.446118 -0.128868   2.35068  0.776854   2.74584 -0.121806   2.74623   2.82748   0.25615    1.7847  0.591717 -0.274951  0.583941 -0.868428 -0.599732   1.74773        -0        -0        -0        -0        -0        -0        -0        -0        -0        -0        -0        -0        -0        -0        -0        -0        -0        -0        -0        -0        -0        -0        -0        -0        -0
  2.47145 -0.885615   1.18004   1.16423 -0.149752   1.13744  0.268691   2.19168   2.82231 -0.128868  0.801091    1.8802 0.0587856 -0.198654   1.33851   1.84062 -0.631316 -0.390443  0.475384  0.251999 -0.387531   2.65833  0.370956   1.21781 -0.501883        -0        -0        -0        -0        -0        -0        -0        -0        -0        -0        -0        -0        -0        -0        -0        -0        -0        -0        -0        -0        -0        -0        -0        -0        -0
  1.09539   2.72972   1.10084  0.715002  0.915568 -0.274985  0.186456   1.02995   1.90506   2.35068    1.8802 0.0424921   1.29175  0.469482    2.9079   -0.7955 0.0651303 -0.969133  0.359996 -0.484599   1.33045  0.560996   2.96217  0.920425  0.815601        -0        -0        -0        -0        -0        -0        -0        -0        -0        -0        -0        -0        -0        -0        -0        -0        -0        -0        -0        -0        -0        -0        -0        -0        -0
  0.724625    1.29929   0.593246   0.966466     2.4135    2.46589  -0.938148    2.14322   0.566735   0.776854  0.0587856    1.29175    1.96331     2.8077    1.65757  -0.430329   0.558065   0.454891   0.409822    1.90672   0.788326   0.143028    2.62712    2.23777 -0.0229355         -0         -0         -0         -0         -0         -0         -0         -0         -0         -0         -0         -0         -0         -0         -0         -0         -0         -0         -0         -0         -0         -0         -0         -0         -0
   1.8078    2.3115   1.51275 -0.945247   2.08856 -0.589658  0.779378  0.387851   1.00359   2.74584 -0.198654  0.469482    2.8077   2.94456   2.72636   1.09057   2.27086  0.944241   2.02019 -0.497817   2.93707   2.07227 -0.120785   1.41208   1.02476        -0        -0        -0        -0        -0        -0        -0        -0        -0        -0        -0        -0        -0        -0        -0        -0        -0        -0        -0        -0        -0        -0        -0        -0        -0
   1.10185    2.86818     1.2191    1.01564    2.93844 -0.0151956   -0.17656    2.24995    2.49756  -0.121806    1.33851     2.9079    1.65757    2.72636   0.911488    2.70206  -0.715174  -0.904602   -0.46829    2.21931    1.07806   0.484358   0.988197    2.14788    2.35521         -0         -0         -0         -0         -0         -0         -0         -0         -0         -0         -0         -0         -0         -0         -0         -0         -0         -0         -0         -0         -0         -0         -0         -0         -0
  0.567708    1.26993    2.20538    2.62874      2.034 0.00059947   0.730587    1.90218     2.2197    2.74623    1.84062    -0.7955  -0.430329    1.09057    2.70206   0.447864   0.304295   0.282368    1.66597   0.691422    2.38004   0.868077   0.211064    2.36934   0.377332         -0         -0         -0         -0         -0         -0         -0         -0         -0         -0         -0         -0         -0         -0         -0         -0         -0         -0         -0         -0         -0         -0         -0         -0         -0
 0.155413    2.3196 -0.484371   1.63103   2.06476 -0.140847 -0.801259  0.334684 -0.935469   2.82748 -0.631316 0.0651303  0.558065   2.27086 -0.715174  0.304295   1.11148   1.31293   2.62974  0.977568  0.189066   2.68473 -0.462451   2.78303 -0.757433        -0        -0        -0        -0        -0        -0        -0        -0        -0        -0        -0        -0        -0        -0        -0        -0        -0        -0        -0        -0        -0        -0        -0        -0        -0
-0.213439  0.322784   0.93612  0.469704    1.2252   1.65609   1.62512  0.544802   2.17171   0.25615 -0.390443 -0.969133  0.454891  0.944241 -0.904602  0.282368   1.31293  0.160528 -0.437423 -0.420693   1.59346   2.81481   2.54919   2.11005  0.275637        -0        -0        -0        -0        -0        -0        -0        -0        -0        -0        -0        -0        -0        -0        -0        -0        -0        -0        -0        -0        -0        -0        -0        -0        -0
  2.89732   1.12606  0.340524  -0.47156    0.9274 -0.232209     0.315   2.25018   1.70391    1.7847  0.475384  0.359996  0.409822   2.02019  -0.46829   1.66597   2.62974 -0.437423 -0.879138   2.10124   1.28676    2.6564   1.35409   1.99647 -0.384896        -0        -0        -0        -0        -0        -0        -0        -0        -0        -0        -0        -0        -0        -0        -0        -0        -0        -0        -0        -0        -0        -0        -0        -0        -0
   0.470695     2.26386   -0.611608    0.165962    0.198537     1.40709   0.0632773      2.3246     2.74761    0.591717    0.251999   -0.484599     1.90672   -0.497817     2.21931    0.691422    0.977568   -0.420693     2.10124 -0.00224605    0.691249      2.6218     2.60981   -0.337752     1.65464          -0          -0          -0          -0          -0          -0          -0          -0          -0          -0          -0          -0          -0          -0          -0          -0          -0          -0          -0          -0          -0          -0          -0          -0          -0
  1.20148   1.33157   2.29131   1.08839 -0.849926   2.53497   2.55909   2.41393   2.92336 -0.274951 -0.387531   1.33045  0.788326   2.93707   1.07806   2.38004  0.189066   1.59346   1.28676  0.691249   0.81277  0.892864  0.033551 0.0982491 -0.576484        -0        -0        -0        -0        -0        -0        -0        -0        -0        -0        -0        -0        -0        -0        -0        -0        -0        -0        -0        -0        -0        -0        -0        -0        -0
-0.333429   2.50309 -0.153359  0.294068  0.176689   1.73472   2.49555   2.50826   1.02602  0.583941   2.65833  0.560996  0.143028   2.07227  0.484358  0.868077   2.68473   2.81481    2.6564    2.6218  0.892864   2.03645 -0.777832  -0.79247   2.98445        -0        -0        -0        -0        -0        -0        -0        -0        -0        -0        -0        -0        -0        -0        -0        -0        -0        -0        -0        -0        -0        -0        -0        -0        -0
  1.50212   1.29909  0.301388   1.17093 -0.308828 -0.619186    1.8375 -0.805734  0.227455 -0.868428  0.370956   2.96217   2.62712 -0.120785  0.988197  0.211064 -0.462451   2.54919   1.35409   2.60981  0.033551 -0.777832   2.29455  0.199797   1.43768        -0        -0        -0        -0        -0        -0        -0        -0        -0        -0        -0        -0        -0        -0        -0        -0        -0        -0        -0        -0        -0        -0        -0        -0        -0
  1.91635   1.74122   1.91502   2.72722   2.22755 -0.761777   1.22933  0.526639  0.539611 -0.599732   1.21781  0.920425   2.23777   1.41208   2.14788   2.36934   2.78303   2.11005   1.99647 -0.337752 0.0982491  -0.79247  0.199797 -0.352558   2.53357        -0        -0        -0        -0        -0        -0        -0        -0        -0        -0        -0        -0        -0        -0        -0        -0        -0        -0        -0        -0        -0        -0        -0        -0        -0
 -0.190388   0.680993    1.78379  -0.895839    1.52935    1.66236    2.02051   0.270572   0.577378    1.74773  -0.501883   0.815601 -0.0229355    1.02476    2.35521   0.377332  -0.757433   0.275637  -0.384896    1.65464  -0.576484    2.98445    1.43768    2.53357    1.98092         -0         -0         -0         -0         -0         -0         -0         -0         -0         -0         -0         -0         -0         -0         -0         -0         -0         -0         -0         -0         -0         -0         -0         -0         -0
       -0        -0        -0        -0        -0        -0        -0        -0        -0        -0        -0        -0        -0        -0        -0        -0        -0        -0        -0        -0        -0        -0        -0        -0        -0 -0.416251  -1.61371  0.871552 -0.798632  0.463126 -0.338234  -2.22378  -2.61777  0.622246  -2.10446  -2.47145  -1.09539 -0.724625   -1.8078  -1.10185 -0.567708 -0.155413  0.213439  -2.89732 -0.470695  -1.20148  0.333429  -1.50212  -1.91635  0.190388
       -0        -0        -0        -0        -0        -0        -0        -0        -0        -0        -0        -0        -0        -0        -0        -0        -0        -0        -0        -0        -0        -0        -0        -0        -0  -1.61371  -1.32141   -2.3383  -2.57802  -1.46949   -2.1823 -0.603269  0.319175  -1.61053  -1.34143  0.885615  -2.72972  -1.29929   -2.3115  -2.86818  -1.26993   -2.3196 -0.322784  -1.12606  -2.26386  -1.33157  -2.50309  -1.29909  -1.74122 -0.680993
       -0        -0        -0        -0        -0        -0        -0        -0        -0        -0        -0        -0        -0        -0        -0        -0        -0        -0        -0        -0        -0        -0        -0        -0        -0  0.871552   -2.3383  0.121034  -1.30094  0.288587  -1.68256  -1.53801  -2.63859 -0.894655 -0.684876  -1.18004  -1.10084 -0.593246  -1.51275   -1.2191  -2.20538  0.484371  -0.93612 -0.340524  0.611608  -2.29131  0.153359 -0.301388  -1.91502  -1.78379
       -0        -0        -0        -0        -0        -0        -0        -0        -0        -0        -0        -0        -0        -0        -0        -0        -0        -0        -0        -0        -0        -0        -0        -0        -0 -0.798632  -2.57802  -1.30094 -0.436632  -2.65779 -0.889655 -0.587221  0.391676  0.426313  -2.60244  -1.16423 -0.715002 -0.966466  0.945247  -1.01564  -2.62874  -1.63103 -0.469704   0.47156 -0.165962  -1.08839 -0.294068  -1.17093  -2.72722  0.895839
       -0        -0        -0        -0        -0        -0        -0        -0        -0        -0        -0        -0        -0        -0        -0        -0        -0        -0        -0        -0        -0        -0        -0        -0        -0  0.463126  -1.46949  0.288587  -2.65779 -0.699942   -1.3461  -2.22678  -1.84665  -1.11198  -1.60941  0.149752 -0.915568   -2.4135  -2.08856  -2.93844    -2.034  -2.06476   -1.2252   -0.9274 -0.198537  0.849926 -0.176689  0.308828  -2.22755  -1.52935
         -0          -0          -0          -0          -0          -0          -0          -0          -0          -0          -0          -0          -0          -0          -0          -0          -0          -0          -0          -0          -0          -0          -0          -0          -0   -0.338234     -2.1823    -1.68256   -0.889655     -1.3461   -0.637713    0.871153     0.12006    0.912946    0.720949    -1.13744    0.274985    -2.46589    0.589658   0.0151956 -0.00059947    0.140847    -1.65609    0.232209    -1.40709    -2.53497    -1.73472    0.619186    0.761777    -1.66236
        -0         -0         -0         -0         -0         -0         -0         -0         -0         -0         -0         -0         -0         -0         -0         -0         -0         -0         -0         -0         -0         -0         -0         -0         -0   -2.22378  -0.603269   -1.53801  -0.587221   -2.22678   0.871153   -1.92545    -2.8321   0.808547    -2.9802  -0.268691  -0.186456   0.938148  -0.779378    0.17656  -0.730587   0.801259   -1.62512     -0.315 -0.0632773   -2.55909   -2.49555    -1.8375   -1.22933   -2.02051
