50
1
50
 0.0837528  0.0762813 0.00364369  0.0625039  0.0550829  -0.269856   0.157739   0.112247 -0.0918624    0.18161  0.0812223  0.0809898  0.0582521 -0.0468482 -0.0322646  0.0726128 -0.0767853   0.118486 -0.0545362 -0.0596309   0.304275   -0.13481   -0.18875 -0.0262198   0.263881 -0.0591402  0.0590048  -0.194881   0.182226  0.0967701  0.0626207 -0.0639934  -0.147854 -0.0287216   0.281538  0.0869967  -0.163062 -0.0122642  0.0634944 0.00763478  -0.231704   0.288644  0.0600819 -0.0162227   0.111298  -0.111606  -0.104142  -0.109361  -0.251543   0.269389
-94.9225 -56.9254 -32.7635   -48.86  -40.322 -56.7187 -44.3559 -58.1704  -46.961 -39.1441 -61.1866 -77.5239 -19.2393 -34.8441 -29.2312 -39.8331  -52.416 -57.1204 -37.2329 -49.5328 -46.1089 -46.5184 -32.5342 -50.6213 -41.1672 -56.6178 -32.6659 -25.1528 -41.3699 -45.2838 -49.3993 -38.2863 -30.3595 -44.6408 -53.1868 -55.5057 -55.3698 -34.7821 -52.6974 -39.6433 -47.9718 -48.9988 -59.1231 -43.0844 -49.9294 -58.9142 -58.9934 -54.8807 -63.1781 -51.5104
-56.9254  -135.43 -77.3494 -68.2442  -35.051 -41.4766 -69.6923 -50.2709 -68.3971 -57.3477 -66.4076 -86.6379 -51.5913 -51.0338 -45.9209 -50.8299 -67.5158 -79.1128 -36.5493  -78.661 -57.5489 -75.0957 -52.7403 -66.1869 -59.8724 -60.4061 -70.6153 -41.9055 -62.7083 -68.7013 -87.7829 -53.1702  -40.426 -64.3604 -83.1813 -67.7225 -98.7039 -39.2989 -92.0928 -34.3242 -76.1589 -51.3261 -61.7778 -71.0806 -67.6867 -68.6585  -79.317  -72.494 -57.8779 -80.7656
-32.7635 -77.3494 -108.336 -71.5521 -44.8547 -36.7517 -46.3722  -42.833 -51.6625 -64.7664 -47.7869 -73.8211 -53.5086 -29.3658 -38.8356 -29.7385 -60.0498 -56.5517 -30.0886 -62.3537 -39.2681 -59.9533 -36.4942 -57.7991  -45.482 -56.6359 -63.2608 -27.6392 -50.9476 -55.3732 -68.3183 -48.2035 -26.5691 -57.5617 -54.3775 -45.9305 -73.3544 -29.9939 -74.2352 -40.1685 -56.1243 -57.8243 -58.0393 -54.8109 -59.9314 -58.4108   -45.14 -66.5307 -43.7158 -68.4187
  -48.86 -68.2442 -71.5521 -125.292 -56.4684 -54.2159  -41.234 -44.3695 -62.8468 -50.0911  -57.891 -68.8874 -68.6646 -38.6703 -36.7948 -42.2009 -46.9455 -58.4364 -39.2654 -62.4902 -54.0472 -63.5366 -38.8242 -59.1855 -34.9949  -54.223 -57.9192 -44.6472 -57.6003 -60.5148 -62.5098 -65.1931 -30.8295 -52.6269 -67.5273 -48.5549 -55.0127 -33.2835 -70.3771  -48.518 -53.1563 -53.4101  -67.957 -49.8476 -56.3181 -61.3619 -63.9918 -57.7669 -39.9191 -49.6984
 -40.322  -35.051 -44.8547 -56.4684  -129.22 -36.2492 -41.1918 -64.4686  -53.079 -56.2992 -61.1704  -82.292 -58.0099  -31.749 -36.5085 -32.1421 -50.2648 -44.7923 -55.8615 -36.2312 -34.4128 -61.0756 -41.8898 -47.9904 -38.5026 -49.8531 -44.3519 -41.8875 -38.2011 -43.6802 -39.6928 -40.8026 -30.6223   -60.44 -61.0892 -48.3838 -53.3869 -46.2833 -71.5647 -42.8085 -47.0118 -53.5153 -52.6011 -41.5547 -51.7862 -55.0835  -36.623 -63.8192 -46.0382 -34.7952
-56.7187 -41.4766 -36.7517 -54.2159 -36.2492 -112.359 -33.6895 -54.8211 -45.0065 -32.7904  -54.116 -73.4041  -35.168 -42.3971 -39.1916 -28.1712 -35.3496 -48.4539 -42.4498 -48.8788  -58.158 -30.0433 -38.6237 -52.7169 -24.2091   -64.28 -38.2016 -45.2484 -55.0769 -44.0486  -53.336  -42.901 -21.6697 -43.9903 -52.4313 -31.9852 -61.5199 -26.8886  -64.998 -27.5975 -58.8139 -55.1451 -61.9625 -42.3126 -49.4097  -37.894 -60.4897 -61.1033 -33.9238 -34.7039
-44.3559 -69.6923 -46.3722  -41.234 -41.1918 -33.6895 -117.773  -55.653 -54.3592 -41.7956  -55.028 -79.8525 -33.2701 -26.9162 -34.6452 -29.9462 -61.0822 -49.0822 -53.8739 -63.9247 -35.0326 -47.8004 -41.5549 -57.4432 -45.3688 -66.3225 -50.4487 -32.8657 -49.8137   -34.94 -62.6789  -33.335 -30.7526 -61.5016 -51.0743 -53.9336 -73.6816 -30.5268 -49.9428 -54.3734  -52.666 -38.2626 -44.0686 -47.4922  -37.512 -49.3427 -41.5635 -77.2644 -59.1845 -40.5721
-58.1704 -50.2709  -42.833 -44.3695 -64.4686 -54.8211  -55.653 -114.983 -55.6126 -46.8055 -56.4638  -89.683 -38.5726 -46.0243 -30.4636 -27.0472 -66.1821 -48.5317 -53.3518 -61.2125 -46.6352  -40.309 -36.7122 -48.4968 -41.7426 -56.5993 -55.0708 -42.8091 -33.1062 -40.6437  -59.256 -46.0464 -27.2167 -60.2839  -49.261 -55.1431 -74.7237 -30.0891 -71.1444 -53.6372 -51.1267 -51.0097 -63.0759 -52.0438 -46.5461 -47.4116 -59.1601 -66.1212 -47.4853 -37.0929
 -46.961 -68.3971 -51.6625 -62.8468  -53.079 -45.0065 -54.3592 -55.6126  -116.66 -52.6025 -59.3823 -66.6504 -50.4648   -43.39 -41.6336 -39.4868 -59.9664 -50.9862 -51.7386 -65.9557 -28.6805  -42.633 -31.1312 -48.6543 -33.9422 -53.9083 -40.0097 -36.0962 -47.8351 -46.2447 -64.6922   -35.04 -31.6919 -65.6259 -61.0341 -38.4035 -58.0399 -30.7796  -67.114 -38.1212   -49.24 -43.5421 -63.2166 -49.0664 -43.4791 -42.1031 -50.9508 -54.1413  -54.408 -66.3133
-39.1441 -57.3477 -64.7664 -50.0911 -56.2992 -32.7904 -41.7956 -46.8055 -52.6025 -101.816 -50.1438  -86.732 -49.3472 -49.7485 -32.7112 -44.0674 -45.3771  -63.149 -47.7624 -63.5591 -44.1828 -60.0167 -35.0302 -56.2821 -32.9265   -42.93 -59.1267 -42.4372 -51.9032 -47.3297 -56.6824 -63.9677 -27.9669 -62.1599 -65.3695 -58.8383 -55.0374 -29.4934 -77.8474 -38.4918 -39.7722 -41.1214 -39.1282 -55.7325  -51.156 -62.7221 -49.4401 -44.7443 -48.4689  -56.656
-61.1866 -66.4076 -47.7869  -57.891 -61.1704  -54.116  -55.028 -56.4638 -59.3823 -50.1438 -127.342 -77.0474 -54.5673 -42.0352 -41.6504 -62.6113 -55.3985 -60.0827 -68.7455 -50.4876 -49.6036 -39.1144 -37.7761 -67.0627 -33.6229 -78.2862 -60.3315 -51.7121 -46.1767 -62.7336 -71.9419 -65.1948 -33.6547 -64.3781  -63.788 -72.7607  -64.826 -61.2183 -84.3998 -38.1585 -58.1395 -61.3556 -82.5542 -50.9032 -40.8974 -73.3338 -58.0203 -72.9807 -62.0948 -39.2934
-77.5239 -86.6379 -73.8211 -68.8874  -82.292 -73.4041 -79.8525  -89.683 -66.6504  -86.732 -77.0474  -190.59 -62.7277 -86.4716  -61.274 -40.2243 -85.8604   -94.89 -89.0276 -111.329 -80.5907 -82.9528 -58.8715 -71.4518  -77.349  -91.225 -77.8158 -66.4147  -65.904 -76.2552 -97.8329 -85.4506 -58.8901 -82.9163 -88.1942 -84.0392 -110.373 -55.3429 -115.187 -85.7132 -81.9394 -62.6919 -101.459  -86.162 -83.0422 -80.0603 -63.4995  -95.278 -95.2566  -73.214
-19.2393 -51.5913 -53.5086 -68.6646 -58.0099  -35.168 -33.2701 -38.5726 -50.4648 -49.3472 -54.5673 -62.7277 -117.769 -33.4434 -44.7829 -38.7425 -32.3667  -47.844 -42.6392 -76.3862 -42.8288  -63.849 -23.3485 -55.0942 -28.2119 -36.7547  -45.359 -38.7131 -34.2573 -40.0228  -59.878 -49.2885 -15.6262 -41.3228 -64.9543  -45.685 -61.0654 -23.8271 -56.1926 -35.8009 -50.5023 -35.1537 -48.8743 -43.4719 -46.0512 -33.4732 -45.4316 -41.4473 -27.2922 -35.0454
-34.8441 -51.0338 -29.3658 -38.6703  -31.749 -42.3971 -26.9162 -46.0243   -43.39 -49.7485 -42.0352 -86.4716 -33.4434 -123.279 -45.7099 -33.5988 -54.3366 -68.0345 -50.7619 -70.7808 -61.3551  -45.795 -19.6344 -45.0865 -21.1091 -37.9763 -55.0455 -51.1014 -40.1999 -44.2994 -61.4741 -44.6342 -43.6047 -23.8468 -63.4256 -46.4933 -49.9691 -19.3566 -80.9225 -33.1873 -52.7044 -32.1954 -50.7529 -51.3041 -38.8758 -34.2026 -54.9133 -33.6442 -50.7716 -34.1509
-29.2312 -45.9209 -38.8356 -36.7948 -36.5085 -39.1916 -34.6452 -30.4636 -41.6336 -32.7112 -41.6504  -61.274 -44.7829 -45.7099 -105.466 -29.6629 -40.8267 -60.1421 -41.7514 -40.8416 -40.4952 -38.7524 -32.8726 -41.2203 -34.2693 -32.6752 -56.3688 -45.6337 -41.1777 -40.6547 -54.5218 -22.7649 -20.1705  -31.564 -63.7737 -37.4688 -56.6098  -23.367  -48.107 -22.7801 -55.8954 -39.9897 -54.4441 -45.8362  -36.298 -48.6859 -30.7906 -38.5408 -52.9724 -29.0281
-39.8331 -50.8299 -29.7385 -42.2009 -32.1421 -28.1712 -29.9462 -27.0472 -39.4868 -44.0674 -62.6113 -40.2243 -38.7425 -33.5988 -29.6629  -94.502 -21.1513 -60.4076 -42.6808 -43.9528 -26.7189 -45.2655  -25.144 -50.1262 -20.3451 -29.3902 -48.0446 -33.4108 -22.1908 -38.5635 -51.0009  -38.771 -15.1521 -26.2241 -43.3982 -49.7906 -48.9098 -29.6783 -49.9273 -12.5282 -13.5416 -41.4316 -36.1657 -26.1229 -19.4401 -41.6089 -36.9872 -34.7757 -45.3919 -33.6482
 -52.416 -67.5158 -60.0498 -46.9455 -50.2648 -35.3496 -61.0822 -66.1821 -59.9664 -45.3771 -55.3985 -85.8604 -32.3667 -54.3366 -40.8267 -21.1513 -120.238 -67.1896 -44.6047 -68.9214 -35.2152 -47.4037 -19.5257 -43.9916 -44.6186 -68.9503 -48.8856 -32.7275 -64.3899 -61.4362 -71.6204 -34.3424 -34.6928 -63.9854 -56.3068 -60.0599 -62.5306 -32.2583 -62.4847 -54.7475 -61.4922 -50.3559  -67.124 -58.6314 -61.7336 -63.9669 -56.2256 -59.1516 -57.7804 -38.3809
-57.1204 -79.1128 -56.5517 -58.4364 -44.7923 -48.4539 -49.0822 -48.5317 -50.9862  -63.149 -60.0827   -94.89  -47.844 -68.0345 -60.1421 -60.4076 -67.1896 -137.467 -47.1173 -74.9841  -50.939 -62.3016 -46.2727 -61.1755 -42.7044 -64.8281 -64.1658 -43.7528 -53.1896 -45.2356  -82.014 -51.4301 -39.7279 -52.3637 -78.6498 -63.4934 -87.1543 -44.4866 -88.6753 -38.0761 -43.9241 -58.7603  -64.197 -54.1236 -60.2566 -69.6224 -71.2809 -53.4041 -59.3194 -53.8981
-37.2329 -36.5493 -30.0886 -39.2654 -55.8615 -42.4498 -53.8739 -53.3518 -51.7386 -47.7624 -68.7455 -89.0276 -42.6392 -50.7619 -41.7514 -42.6808 -44.6047 -47.1173 -112.055 -58.3011 -44.5757 -33.7081 -42.8641  -52.268 -47.1514 -58.8947 -60.2861 -39.1085 -29.6707 -49.9859 -60.3673 -42.4593 -22.6725 -45.9219 -52.8175 -40.4199 -57.3972 -46.2558 -55.5364 -45.0534 -48.5512 -40.7967 -57.8966 -49.3792 -48.4197 -43.2836 -35.2337 -54.8918 -56.9196 -27.1802
-49.5328  -78.661 -62.3537 -62.4902 -36.2312 -48.8788 -63.9247 -61.2125 -65.9557 -63.5591 -50.4876 -111.329 -76.3862 -70.7808 -40.8416 -43.9528 -68.9214 -74.9841 -58.3011 -141.617 -69.8266 -68.8687 -27.4459 -63.3136 -48.8756 -67.9818 -65.0216 -27.4869 -52.3025 -59.8873 -72.4583 -50.8613  -44.799  -56.348 -70.2061 -64.5055 -86.1596 -22.8144 -72.5931 -55.1413 -53.8226 -51.1699 -71.5544 -72.7891 -64.6427 -46.0098 -60.2869 -68.1537 -60.6313 -71.6003
-46.1089 -57.5489 -39.2681 -54.0472 -34.4128  -58.158 -35.0326 -46.6352 -28.6805 -44.1828 -49.6036 -80.5907 -42.8288 -61.3551 -40.4952 -26.7189 -35.2152  -50.939 -44.5757 -69.8266 -98.3551 -35.4148 -39.4483 -56.2764 -43.8293  -44.922 -53.6111  -37.554 -41.0753  -45.356 -52.2303 -35.0116 -27.0784 -36.7846 -57.4355 -54.0343 -59.5433 -27.6269 -67.0156 -28.1692 -51.0723 -42.1784 -52.3929 -59.2886 -51.4258 -48.0493 -55.6512 -52.2517 -29.4312 -36.0042
-46.5184 -75.0957 -59.9533 -63.5366 -61.0756 -30.0433 -47.8004  -40.309  -42.633 -60.0167 -39.1144 -82.9528  -63.849  -45.795 -38.7524 -45.2655 -47.4037 -62.3016 -33.7081 -68.8687 -35.4148 -113.221 -31.0911 -58.2436  -52.784 -37.6249 -56.9173 -22.6744 -46.1851 -53.6846 -57.8619 -56.4867 -21.8035 -38.3948 -75.9165 -55.7013 -80.2883 -21.0744  -70.161 -51.7078 -54.3336 -47.5371 -58.5644 -37.9096 -58.2235 -41.0683 -71.2327 -63.0501 -48.2764 -57.4825
-32.5342 -52.7403 -36.4942 -38.8242 -41.8898 -38.6237 -41.5549 -36.7122 -31.1312 -35.0302 -37.7761 -58.8715 -23.3485 -19.6344 -32.8726  -25.144 -19.5257 -46.2727 -42.8641 -27.4459 -39.4483 -31.0911 -86.0686 -46.2046 -39.5462 -31.1082 -42.1519 -21.7838 -33.3414 -19.1416 -43.5836 -23.7529 -17.4438 -39.7909 -39.1804 -37.6504  -53.613 -39.6547 -52.3692 -15.1581 -49.6978 -18.5989 -24.0598 -26.1638 -44.4276 -36.3347 -37.2385  -60.606 -20.9588  -29.629
-50.6213 -66.1869 -57.7991 -59.1855 -47.9904 -52.7169 -57.4432 -48.4968 -48.6543 -56.2821 -67.0627 -71.4518 -55.0942 -45.0865 -41.2203 -50.1262 -43.9916 -61.1755  -52.268 -63.3136 -56.2764 -58.2436 -46.2046 -103.762 -41.3313 -60.9851  -51.188 -37.9694 -44.4545 -56.7213 -68.0103 -51.3277 -26.1786 -57.8867 -74.7198   -60.88 -72.8114  -47.905 -74.4149  -45.015 -58.2768 -48.4479 -59.8457 -51.3896 -59.9967 -59.2211 -68.8893 -77.2026 -48.0831 -36.0353
-41.1672 -59.8724  -45.482 -34.9949 -38.5026 -24.2091 -45.3688 -41.7426 -33.9422 -32.9265 -33.6229  -77.349 -28.2119 -21.1091 -34.2693 -20.3451 -44.6186 -42.7044 -47.1514 -48.8756 -43.8293  -52.784 -39.5462 -41.3313 -97.6811 -40.0073 -52.2822 -6.05399  -28.597 -44.7847 -40.0403 -28.5635 -15.7582 -39.9061 -40.6194 -42.2548 -64.2542 -40.9968 -58.1587 -43.7836 -50.3094 -39.2061 -50.1448 -40.2778 -60.6134  -38.374 -48.9147 -67.2063 -45.2489 -37.0979
-56.6178 -60.4061 -56.6359  -54.223 -49.8531   -64.28 -66.3225 -56.5993 -53.9083   -42.93 -78.2862  -91.225 -36.7547 -37.9763 -32.6752 -29.3902 -68.9503 -64.8281 -58.8947 -67.9818  -44.922 -37.6249 -31.1082 -60.9851 -40.0073  -129.06 -57.1923 -39.9004 -54.7271 -50.3589 -60.0555 -59.9342 -33.3165 -72.3739 -52.6147 -42.0411 -64.2117 -43.2008 -78.7158 -57.0987 -48.4609 -69.5639  -84.939 -63.9525 -48.2311 -59.6681 -60.1402 -77.0895 -72.5312 -54.1955
-32.6659 -70.6153 -63.2608 -57.9192 -44.3519 -38.2016 -50.4487 -55.0708 -40.0097 -59.1267 -60.3315 -77.8158  -45.359 -55.0455 -56.3688 -48.0446 -48.8856 -64.1658 -60.2861 -65.0216 -53.6111 -56.9173 -42.1519  -51.188 -52.2822 -57.1923 -127.072 -39.1232 -52.7485 -58.6143 -57.0113 -52.7335 -41.0066 -51.7784 -64.0344 -64.8189 -75.9795 -37.5684 -80.6954 -32.8946 -52.9903 -54.2415 -66.6283 -51.3377 -42.2071 -59.2312 -65.4293  -59.746 -58.2452 -49.1467
-25.1528 -41.9055 -27.6392 -44.6472 -41.8875 -45.2484 -32.8657 -42.8091 -36.0962 -42.4372 -51.7121 -66.4147 -38.7131 -51.1014 -45.6337 -33.4108 -32.7275 -43.7528 -39.1085 -27.4869  -37.554 -22.6744 -21.7838 -37.9694 -6.05399 -39.9004 -39.1232  -99.695 -30.2148 -31.9582 -53.8108 -50.4232 -34.0995  -51.567 -50.0443 -31.2147 -44.1945 -23.4601  -53.644 -33.2992 -41.2615 -42.2485 -42.9865 -53.1363 -32.3232 -57.2964 -32.7875 -25.1609 -51.1302  -23.626
-41.3699 -62.7083 -50.9476 -57.6003 -38.2011 -55.0769 -49.8137 -33.1062 -47.8351 -51.9032 -46.1767  -65.904 -34.2573 -40.1999 -41.1777 -22.1908 -64.3899 -53.1896 -29.6707 -52.3025 -41.0753 -46.1851 -33.3414 -44.4545  -28.597 -54.7271 -52.7485 -30.2148 -98.4173 -46.7404 -55.5753 -39.7242 -31.4867 -55.0399 -57.9663 -49.5387  -51.915 -12.3727 -53.1242 -21.8251  -60.471 -53.6244 -34.2078 -51.5152 -44.6075 -55.1424 -52.6208 -51.9877  -31.605 -43.1719
-45.2838 -68.7013 -55.3732 -60.5148 -43.6802 -44.0486   -34.94 -40.6437 -46.2447 -47.3297 -62.7336 -76.2552 -40.0228 -44.2994 -40.6547 -38.5635 -61.4362 -45.2356 -49.9859 -59.8873  -45.356 -53.6846 -19.1416 -56.7213 -44.7847 -50.3589 -58.6143 -31.9582 -46.7404 -103.778  -61.655 -52.9775   -34.18 -37.7278 -56.3335  -58.517 -63.6444 -41.1802 -76.9126 -40.5224 -52.3878 -53.1751 -73.6736 -56.4377 -58.3238 -62.1058 -56.1578 -52.8419 -51.3948 -47.8021
-49.3993 -87.7829 -68.3183 -62.5098 -39.6928  -53.336 -62.6789  -59.256 -64.6922 -56.6824 -71.9419 -97.8329  -59.878 -61.4741 -54.5218 -51.0009 -71.6204  -82.014 -60.3673 -72.4583 -52.2303 -57.8619 -43.5836 -68.0103 -40.0403 -60.0555 -57.0113 -53.8108 -55.5753  -61.655 -123.938 -51.6084 -38.7025 -57.6511 -67.2639 -64.2337 -87.7826 -42.8926 -88.4766   -45.27 -68.0578 -52.3977 -79.9947 -63.8869 -66.5087 -62.1802 -59.6256 -69.9815 -51.4422 -58.3325
-38.2863 -53.1702 -48.2035 -65.1931 -40.8026  -42.901  -33.335 -46.0464   -35.04 -63.9677 -65.1948 -85.4506 -49.2885 -44.6342 -22.7649  -38.771 -34.3424 -51.4301 -42.4593 -50.8613 -35.0116 -56.4867 -23.7529 -51.3277 -28.5635 -59.9342 -52.7335 -50.4232 -39.7242 -52.9775 -51.6084 -112.213 -24.1239 -54.7621 -73.0433 -56.7068 -43.4194 -37.5867  -94.488 -48.3501 -42.3016 -36.0618 -63.1088 -47.0739 -37.5156 -56.8226 -60.1503  -55.348 -47.6621 -45.3907
-30.3595  -40.426 -26.5691 -30.8295 -30.6223 -21.6697 -30.7526 -27.2167 -31.6919 -27.9669 -33.6547 -58.8901 -15.6262 -43.6047 -20.1705 -15.1521 -34.6928 -39.7279 -22.6725  -44.799 -27.0784 -21.8035 -17.4438 -26.1786 -15.7582 -33.3165 -41.0066 -34.0995 -31.4867   -34.18 -38.7025 -24.1239 -82.0179 -41.9314  -35.014 -35.9645 -54.1211 -20.6476  -47.256 -31.2871  -39.165 -28.8527 -39.3307 -60.4489 -35.7751 -54.4503   -26.98 -25.6317 -46.9553 -37.2789
-44.6408 -64.3604 -57.5617 -52.6269   -60.44 -43.9903 -61.5016 -60.2839 -65.6259 -62.1599 -64.3781 -82.9163 -41.3228 -23.8468  -31.564 -26.2241 -63.9854 -52.3637 -45.9219  -56.348 -36.7846 -38.3948 -39.7909 -57.8867 -39.9061 -72.3739 -51.7784  -51.567 -55.0399 -37.7278 -57.6511 -54.7621 -41.9314 -119.662 -63.4703 -57.6045 -61.6776 -49.1347 -62.7539 -55.0141 -60.9669 -51.4407 -53.8189  -62.327 -47.3307  -62.197 -63.0463 -67.1304 -57.7539 -55.2527
-53.1868 -83.1813 -54.3775 -67.5273 -61.0892 -52.4313 -51.0743  -49.261 -61.0341 -65.3695  -63.788 -88.1942 -64.9543 -63.4256 -63.7737 -43.3982 -56.3068 -78.6498 -52.8175 -70.2061 -57.4355 -75.9165 -39.1804 -74.7198 -40.6194 -52.6147 -64.0344 -50.0443 -57.9663 -56.3335 -67.2639 -73.0433  -35.014 -63.4703 -138.936 -70.7947 -77.9324  -46.249 -103.727 -54.7224 -77.8718 -43.8788 -66.7874 -66.4649 -61.8094 -73.1368 -81.8598 -70.9354 -69.3841 -52.8289
-55.5057 -67.7225 -45.9305 -48.5549 -48.3838 -31.9852 -53.9336 -55.1431 -38.4035 -58.8383 -72.7607 -84.0392  -45.685 -46.4933 -37.4688 -49.7906 -60.0599 -63.4934 -40.4199 -64.5055 -54.0343 -55.7013 -37.6504   -60.88 -42.2548 -42.0411 -64.8189 -31.2147 -49.5387  -58.517 -64.2337 -56.7068 -35.9645 -57.6045 -70.7947  -111.61 -64.7211 -50.6204 -77.9563 -38.3529 -41.1636 -42.8712 -55.5548 -47.3237 -41.0105 -68.4387 -61.0973   -70.79 -48.1649 -41.5519
-55.3698 -98.7039 -73.3544 -55.0127 -53.3869 -61.5199 -73.6816 -74.7237 -58.0399 -55.0374  -64.826 -110.373 -61.0654 -49.9691 -56.6098 -48.9098 -62.5306 -87.1543 -57.3972 -86.1596 -59.5433 -80.2883  -53.613 -72.8114 -64.2542 -64.2117 -75.9795 -44.1945  -51.915 -63.6444 -87.7826 -43.4194 -54.1211 -61.6776 -77.9324 -64.7211  -147.26 -36.7661 -94.2868 -54.3942 -82.3426  -73.263  -73.147 -81.4962 -65.7452 -73.1224 -78.6857 -77.1798 -63.8594 -65.2746
-34.7821 -39.2989 -29.9939 -33.2835 -46.2833 -26.8886 -30.5268 -30.0891 -30.7796 -29.4934 -61.2183 -55.3429 -23.8271 -19.3566  -23.367 -29.6783 -32.2583 -44.4866 -46.2558 -22.8144 -27.6269 -21.0744 -39.6547  -47.905 -40.9968 -43.2008 -37.5684 -23.4601 -12.3727 -41.1802 -42.8926 -37.5867 -20.6476 -49.1347  -46.249 -50.6204 -36.7661 -87.3188 -64.7235 -20.7883 -33.0437 -15.8325 -53.5634 -32.5227 -40.5388 -45.9958 -41.2016  -63.923  -43.413 -18.0054
-52.6974 -92.0928 -74.2352 -70.3771 -71.5647  -64.998 -49.9428 -71.1444  -67.114 -77.8474 -84.3998 -115.187 -56.1926 -80.9225  -48.107 -49.9273 -62.4847 -88.6753 -55.5364 -72.5931 -67.0156  -70.161 -52.3692 -74.4149 -58.1587 -78.7158 -80.6954  -53.644 -53.1242 -76.9126 -88.4766  -94.488  -47.256 -62.7539 -103.727 -77.9563 -94.2868 -64.7235 -170.089 -55.7868 -74.2374 -62.9022 -94.1633 -72.9708 -67.0346 -87.7144 -87.1482 -90.0271 -64.6717 -72.1415
-39.6433 -34.3242 -40.1685  -48.518 -42.8085 -27.5975 -54.3734 -53.6372 -38.1212 -38.4918 -38.1585 -85.7132 -35.8009 -33.1873 -22.7801 -12.5282 -54.7475 -38.0761 -45.0534 -55.1413 -28.1692 -51.7078 -15.1581  -45.015 -43.7836 -57.0987 -32.8946 -33.2992 -21.8251 -40.5224   -45.27 -48.3501 -31.2871 -55.0141 -54.7224 -38.3529 -54.3942 -20.7883 -55.7868 -104.311 -47.8353 -37.9885 -68.9915 -39.7186 -41.6589 -42.1503 -46.4162 -54.4213 -61.9844   -28.62
-47.9718 -76.1589 -56.1243 -53.1563 -47.0118 -58.8139  -52.666 -51.1267   -49.24 -39.7722 -58.1395 -81.9394 -50.5023 -52.7044 -55.8954 -13.5416 -61.4922 -43.9241 -48.5512 -53.8226 -51.0723 -54.3336 -49.6978 -58.2768 -50.3094 -48.4609 -52.9903 -41.2615  -60.471 -52.3878 -68.0578 -42.3016  -39.165 -60.9669 -77.8718 -41.1636 -82.3426 -33.0437 -74.2374 -47.8353 -124.986 -41.5173 -51.9454 -66.7681 -61.5141 -52.1972 -65.8298 -62.0861 -49.7359 -37.3365
-48.9988 -51.3261 -57.8243 -53.4101 -53.5153 -55.1451 -38.2626 -51.0097 -43.5421 -41.1214 -61.3556 -62.6919 -35.1537 -32.1954 -39.9897 -41.4316 -50.3559 -58.7603 -40.7967 -51.1699 -42.1784 -47.5371 -18.5989 -48.4479 -39.2061 -69.5639 -54.2415 -42.2485 -53.6244 -53.1751 -52.3977 -36.0618 -28.8527 -51.4407 -43.8788 -42.8712  -73.263 -15.8325 -62.9022 -37.9885 -41.5173 -109.672 -54.9484  -47.197 -42.4364 -59.3445 -51.7122 -58.2203 -43.6905 -63.6389
-59.1231 -61.7778 -58.0393  -67.957 -52.6011 -61.9625 -44.0686 -63.0759 -63.2166 -39.1282 -82.5542 -101.459 -48.8743 -50.7529 -54.4441 -36.1657  -67.124  -64.197 -57.8966 -71.5544 -52.3929 -58.5644 -24.0598 -59.8457 -50.1448  -84.939 -66.6283 -42.9865 -34.2078 -73.6736 -79.9947 -63.1088 -39.3307 -53.8189 -66.7874 -55.5548  -73.147 -53.5634 -94.1633 -68.9915 -51.9454 -54.9484 -137.999 -54.8057 -64.9324 -67.2249 -63.1625 -77.0318 -72.5844 -49.6757
-43.0844 -71.0806 -54.8109 -49.8476 -41.5547 -42.3126 -47.4922 -52.0438 -49.0664 -55.7325 -50.9032  -86.162 -43.4719 -51.3041 -45.8362 -26.1229 -58.6314 -54.1236 -49.3792 -72.7891 -59.2886 -37.9096 -26.1638 -51.3896 -40.2778 -63.9525 -51.3377 -53.1363 -51.5152 -56.4377 -63.8869 -47.0739 -60.4489  -62.327 -66.4649 -47.3237 -81.4962 -32.5227 -72.9708 -39.7186 -66.7681  -47.197 -54.8057 -117.656 -62.5332 -77.6038 -48.5734 -47.9246 -65.2201   -54.55
-49.9294 -67.6867 -59.9314 -56.3181 -51.7862 -49.4097  -37.512 -46.5461 -43.4791  -51.156 -40.8974 -83.0422 -46.0512 -38.8758  -36.298 -19.4401 -61.7336 -60.2566 -48.4197 -64.6427 -51.4258 -58.2235 -44.4276 -59.9967 -60.6134 -48.2311 -42.2071 -32.3232 -44.6075 -58.3238 -66.5087 -37.5156 -35.7751 -47.3307 -61.8094 -41.0105 -65.7452 -40.5388 -67.0346 -41.6589 -61.5141 -42.4364 -64.9324 -62.5332 -106.302 -58.0915  -55.515 -66.2572 -46.8497 -43.9219
-58.9142 -68.6585 -58.4108 -61.3619 -55.0835  -37.894 -49.3427 -47.4116 -42.1031 -62.7221 -73.3338 -80.0603 -33.4732 -34.2026 -48.6859 -41.6089 -63.9669 -69.6224 -43.2836 -46.0098 -48.0493 -41.0683 -36.3347 -59.2211  -38.374 -59.6681 -59.2312 -57.2964 -55.1424 -62.1058 -62.1802 -56.8226 -54.4503  -62.197 -73.1368 -68.4387 -73.1224 -45.9958 -87.7144 -42.1503 -52.1972 -59.3445 -67.2249 -77.6038 -58.0915 -124.296 -47.8861 -50.0184 -60.9856 -48.7141
-58.9934  -79.317   -45.14 -63.9918  -36.623 -60.4897 -41.5635 -59.1601 -50.9508 -49.4401 -58.0203 -63.4995 -45.4316 -54.9133 -30.7906 -36.9872 -56.2256 -71.2809 -35.2337 -60.2869 -55.6512 -71.2327 -37.2385 -68.8893 -48.9147 -60.1402 -65.4293 -32.7875 -52.6208 -56.1578 -59.6256 -60.1503   -26.98 -63.0463 -81.8598 -61.0973 -78.6857 -41.2016 -87.1482 -46.4162 -65.8298 -51.7122 -63.1625 -48.5734  -55.515 -47.8861  -119.06 -69.3189 -48.2428 -51.0543
-54.8807  -72.494 -66.5307 -57.7669 -63.8192 -61.1033 -77.2644 -66.1212 -54.1413 -44.7443 -72.9807  -95.278 -41.4473 -33.6442 -38.5408 -34.7757 -59.1516 -53.4041 -54.8918 -68.1537 -52.2517 -63.0501  -60.606 -77.2026 -67.2063 -77.0895  -59.746 -25.1609 -51.9877 -52.8419 -69.9815  -55.348 -25.6317 -67.1304 -70.9354   -70.79 -77.1798  -63.923 -90.0271 -54.4213 -62.0861 -58.2203 -77.0318 -47.9246 -66.2572 -50.0184 -69.3189 -135.184 -55.6825 -60.3158
-63.1781 -57.8779 -43.7158 -39.9191 -46.0382 -33.9238 -59.1845 -47.4853  -54.408 -48.4689 -62.0948 -95.2566 -27.2922 -50.7716 -52.9724 -45.3919 -57.7804 -59.3194 -56.9196 -60.6313 -29.4312 -48.2764 -20.9588 -48.0831 -45.2489 -72.5312 -58.2452 -51.1302  -31.605 -51.3948 -51.4422 -47.6621 -46.9553 -57.7539 -69.3841 -48.1649 -63.8594  -43.413 -64.6717 -61.9844 -49.7359 -43.6905 -72.5844 -65.2201 -46.8497 -60.9856 -48.2428 -55.6825 -120.744 -51.5725
-51.5104 -80.7656 -68.4187 -49.6984 -34.7952 -34.7039 -40.5721 -37.0929 -66.3133  -56.656 -39.2934  -73.214 -35.0454 -34.1509 -29.0281 -33.6482 -38.3809 -53.8981 -27.1802 -71.6003 -36.0042 -57.4825  -29.629 -36.0353 -37.0979 -54.1955 -49.1467  -23.626 -43.1719 -47.8021 -58.3325 -45.3907 -37.2789 -55.2527 -52.8289 -41.5519 -65.2746 -18.0054 -72.1415   -28.62 -37.3365 -63.6389 -49.6757   -54.55 -43.9219 -48.7141 -51.0543 -60.3158 -51.5725 -119.249
-0.444542    1.4701   2.39038 -0.921491  0.264541    2.7654   2.04358 -0.817474   2.11961   2.51677  0.791963  -0.29725   1.69688   1.53854 0.0512889   1.79022  0.805547  0.241693   1.81215   1.24549  -0.47958   2.42459    2.3329 0.0542431   1.30304        -0        -0        -0        -0        -0        -0        -0        -0        -0        -0        -0        -0        -0        -0        -0        -0        -0        -0        -0        -0        -0        -0        -0        -0        -0
    1.4701 -0.0546667   0.730994 -0.0206778    1.01223  -0.679408    2.80267   0.612092    2.29201     1.7403    1.82903  0.0721316   0.586164    1.12416   -0.69768  -0.379556   0.880697  -0.641722    2.91391    2.65316 -0.0557461   0.102979  -0.873391    2.12331  -0.893636         -0         -0         -0         -0         -0         -0         -0         -0         -0         -0         -0         -0         -0         -0         -0         -0         -0         -0         -0         -0         -0         -0         -0         -0         -0
   2.39038   0.730994    2.70971    1.63394   0.949811  0.0408434    2.23963  -0.192079    1.08604   -0.31966 -0.0583404    1.51705   0.726418  0.0595947    1.30709    2.33791  -0.458146    2.01136    2.37154   0.551506   0.163354    1.42405  -0.626045     2.1351    1.04305         -0         -0         -0         -0         -0         -0         -0         -0         -0         -0         -0         -0         -0         -0         -0         -0         -0         -0         -0         -0         -0         -0         -0         -0         -0
 -0.921491 -0.0206778    1.63394   0.629381   0.336892    1.84792   0.762635   0.435052    0.22319  -0.332879    2.15218    0.16859    1.60171    2.47729  -0.781958   0.608267   0.837429   0.513886    1.90977    1.62542  -0.334292    1.63941   0.258999    1.28982 -0.0644445         -0         -0         -0         -0         -0         -0         -0         -0         -0         -0         -0         -0         -0         -0         -0         -0         -0         -0         -0         -0         -0         -0         -0         -0         -0
  0.264541    1.01223   0.949811   0.336892   0.124779   0.734341  -0.679051  -0.106952    2.45038  -0.613697    2.63336   0.337498   0.683663  -0.620385    2.00912    2.70777    1.92221    2.24371 -0.0566866   0.124653    2.01559    2.16777    2.73598   0.186858    2.35274         -0         -0         -0         -0         -0         -0         -0         -0         -0         -0         -0         -0         -0         -0         -0         -0         -0         -0         -0         -0         -0         -0         -0         -0         -0
    2.7654  -0.679408  0.0408434    1.84792   0.734341    1.77771     2.1492  -0.305944    1.77218  -0.945688    2.05056   0.983489      1.107    1.98124    2.99341    2.19924    1.34646   0.735588 -0.0770927    2.64775    1.02587     2.6408   0.507413   0.524543    1.60906         -0         -0         -0         -0         -0         -0         -0         -0         -0         -0         -0         -0         -0         -0         -0         -0         -0         -0         -0         -0         -0         -0         -0         -0         -0
  2.04358   2.80267   2.23963  0.762635 -0.679051    2.1492  0.528034 -0.521369  0.405716   2.78673   1.66895   1.96055   2.30446   1.17417   1.75658   1.65956 -0.372346   2.31943 -0.848535  0.437574    1.9112   2.15983 -0.316413  0.622725  0.989799        -0        -0        -0        -0        -0        -0        -0        -0        -0        -0        -0        -0        -0        -0        -0        -0        -0        -0        -0        -0        -0        -0        -0        -0        -0
-0.817474  0.612092 -0.192079  0.435052 -0.106952 -0.305944 -0.521369 -0.304279  0.062473   2.67831   1.37366 -0.833477   1.75579  0.965778  0.133285 -0.989908   2.54265   0.12441  0.301591 0.0385678   1.66875 -0.887973 -0.161037  0.313467   1.47606        -0        -0        -0        -0        -0        -0        -0        -0        -0        -0        -0        -0        -0        -0        -0        -0        -0        -0        -0        -0        -0        -0        -0        -0        -0
  2.11961   2.29201   1.08604   0.22319   2.45038   1.77218  0.405716  0.062473    2.5801   1.14035    2.7309   1.92515  -0.37595 -0.292342 0.0530017  0.506331   0.68437   1.27744   2.93426   2.01929   2.57737 -0.195842   2.93146  0.898498   0.74416        -0        -0        -0        -0        -0        -0        -0        -0        -0        -0        -0        -0        -0        -0        -0        -0        -0        -0        -0        -0        -0        -0        -0        -0        -0
   2.51677     1.7403   -0.31966  -0.332879  -0.613697  -0.945688    2.78673    2.67831    1.14035 0.00992406    2.33607    1.11273  -0.526954  -0.224123    1.23386     1.8776    1.23592   0.156862   0.665351  -0.652654   0.536621    2.82554      2.323    1.88172  -0.720378         -0         -0         -0         -0         -0         -0         -0         -0         -0         -0         -0         -0         -0         -0         -0         -0         -0         -0         -0         -0         -0         -0         -0         -0         -0
  0.791963    1.82903 -0.0583404    2.15218    2.63336    2.05056    1.66895    1.37366     2.7309    2.33607    1.75996    2.79989  -0.906708    2.64944   0.512899    2.01921    2.25042  -0.953383  -0.454696   0.981881     2.7934    2.12762  -0.993263  0.0494517    2.66291         -0         -0         -0         -0         -0         -0         -0         -0         -0         -0         -0         -0         -0         -0         -0         -0         -0         -0         -0         -0         -0         -0         -0         -0         -0
 -0.29725 0.0721316   1.51705   0.16859  0.337498  0.983489   1.96055 -0.833477   1.92515   1.11273   2.79989  0.975704   1.60754   1.81466 -0.965759  0.499738  -0.11639 -0.376102  0.669851   2.94219   2.22512   1.83003   2.57227   2.40591    2.2687        -0        -0        -0        -0        -0        -0        -0        -0        -0        -0        -0        -0        -0        -0        -0        -0        -0        -0        -0        -0        -0        -0        -0        -0        -0
  1.69688  0.586164  0.726418   1.60171  0.683663     1.107   2.30446   1.75579  -0.37595 -0.526954 -0.906708   1.60754    2.4336 -0.919667 -0.591965  0.634177 -0.104522  0.784516 -0.015216 -0.501189   1.97419   1.73674   1.48283   2.56531  0.902347        -0        -0        -0        -0        -0        -0        -0        -0        -0        -0        -0        -0        -0        -0        -0        -0        -0        -0        -0        -0        -0        -0        -0        -0        -0
   1.53854    1.12416  0.0595947    2.47729  -0.620385    1.98124    1.17417   0.965778  -0.292342  -0.224123    2.64944    1.81466  -0.919667    1.40524    2.47868  -0.847503    2.26051    2.58927   0.669714    2.28347  -0.168033   0.796365  -0.881236   0.888415 -0.0236201         -0         -0         -0         -0         -0         -0         -0         -0         -0         -0         -0         -0         -0         -0         -0         -0         -0         -0         -0         -0         -0         -0         -0         -0         -0
0.0512889  -0.69768   1.30709 -0.781958   2.00912   2.99341   1.75658  0.133285 0.0530017   1.23386  0.512899 -0.965759 -0.591965   2.47868 -0.258101   1.55274   1.38994   1.30827   2.94729   2.87646   1.24441    1.4074 -0.623576   2.33737  0.167201        -0        -0        -0        -0        -0        -0        -0        -0        -0        -0        -0        -0        -0        -0        -0        -0        -0        -0        -0        -0        -0        -0        -0        -0        -0
  1.79022 -0.379556   2.33791  0.608267   2.70777   2.19924   1.65956 -0.989908  0.506331    1.8776   2.01921  0.499738  0.634177 -0.847503   1.55274   2.86804   2.77308 -0.979563   1.14165   1.16416   2.32154 -0.726643   1.30836   1.88831  -0.21593        -0        -0        -0        -0        -0        -0        -0        -0        -0        -0        -0        -0        -0        -0        -0        -0        -0        -0        -0        -0        -0        -0        -0        -0        -0
 0.805547  0.880697 -0.458146  0.837429   1.92221   1.34646 -0.372346   2.54265   0.68437   1.23592   2.25042  -0.11639 -0.104522   2.26051   1.38994   2.77308   1.27973   1.83969  0.716331   2.82878   1.81385  0.589764   2.24638  0.895152   1.02583        -0        -0        -0        -0        -0        -0        -0        -0        -0        -0        -0        -0        -0        -0        -0        -0        -0        -0        -0        -0        -0        -0        -0        -0        -0
 0.241693 -0.641722   2.01136  0.513886   2.24371  0.735588   2.31943   0.12441   1.27744  0.156862 -0.953383 -0.376102  0.784516   2.58927   1.30827 -0.979563   1.83969   2.19188 -0.428809   0.54631   1.18661  0.632525   2.20645   1.90964 -0.426888        -0        -0        -0        -0        -0        -0        -0        -0        -0        -0        -0        -0        -0        -0        -0        -0        -0        -0        -0        -0        -0        -0        -0        -0        -0
   1.81215    2.91391    2.37154    1.90977 -0.0566866 -0.0770927  -0.848535   0.301591    2.93426   0.665351  -0.454696   0.669851  -0.015216   0.669714    2.94729    1.14165   0.716331  -0.428809    2.92616    2.14895    2.82035    2.24755  0.0450996   0.371132  -0.650619         -0         -0         -0         -0         -0         -0         -0         -0         -0         -0         -0         -0         -0         -0         -0         -0         -0         -0         -0         -0         -0         -0         -0         -0         -0
  1.24549   2.65316  0.551506   1.62542  0.124653   2.64775  0.437574 0.0385678   2.01929 -0.652654  0.981881   2.94219 -0.501189   2.28347   2.87646   1.16416   2.82878   0.54631   2.14895  0.498491   1.09732   1.42173 0.0427468   1.01392   2.91425        -0        -0        -0        -0        -0        -0        -0        -0        -0        -0        -0        -0        -0        -0        -0        -0        -0        -0        -0        -0        -0        -0        -0        -0        -0
  -0.47958 -0.0557461   0.163354  -0.334292    2.01559    1.02587     1.9112    1.66875    2.57737   0.536621     2.7934    2.22512    1.97419  -0.168033    1.24441    2.32154    1.81385    1.18661    2.82035    1.09732    1.06307    2.87694   0.613852    2.28606    2.91048         -0         -0         -0         -0         -0         -0         -0         -0         -0         -0         -0         -0         -0         -0         -0         -0         -0         -0         -0         -0         -0         -0         -0         -0         -0
  2.42459  0.102979   1.42405   1.63941   2.16777    2.6408   2.15983 -0.887973 -0.195842   2.82554   2.12762   1.83003   1.73674  0.796365    1.4074 -0.726643  0.589764  0.632525   2.24755   1.42173   2.87694   1.56909  0.318457    2.6795   2.23769        -0        -0        -0        -0        -0        -0        -0        -0        -0        -0        -0        -0        -0        -0        -0        -0        -0        -0        -0        -0        -0        -0        -0        -0        -0
   2.3329 -0.873391 -0.626045  0.258999   2.73598  0.507413 -0.316413 -0.161037   2.93146     2.323 -0.993263   2.57227   1.48283 -0.881236 -0.623576   1.30836   2.24638   2.20645 0.0450996 0.0427468  0.613852  0.318457   1.63251  0.260297  0.809398        -0        -0        -0        -0        -0        -0        -0        -0        -0        -0        -0        -0        -0        -0        -0        -0        -0        -0        -0        -0        -0        -0        -0        -0        -0
0.0542431   2.12331    2.1351   1.28982  0.186858  0.524543  0.622725  0.313467  0.898498   1.88172 0.0494517   2.40591   2.56531  0.888415   2.33737   1.88831  0.895152   1.90964  0.371132   1.01392   2.28606    2.6795  0.260297   1.49251   1.82012        -0        -0        -0        -0        -0        -0        -0        -0        -0        -0        -0        -0        -0        -0        -0        -0        -0        -0        -0        -0        -0        -0        -0        -0        -0
   1.30304  -0.893636    1.04305 -0.0644445    2.35274    1.60906   0.989799    1.47606    0.74416  -0.720378    2.66291     2.2687   0.902347 -0.0236201   0.167201   -0.21593    1.02583  -0.426888  -0.650619    2.91425    2.91048    2.23769   0.809398    1.82012   -0.39118         -0         -0         -0         -0         -0         -0         -0         -0         -0         -0         -0         -0         -0         -0         -0         -0         -0         -0         -0         -0         -0         -0         -0         -0         -0
        -0         -0         -0         -0         -0         -0         -0         -0         -0         -0         -0         -0         -0         -0         -0         -0         -0         -0         -0         -0         -0         -0         -0         -0         -0   0.444542    -1.4701   -2.39038   0.921491  -0.264541    -2.7654   -2.04358   0.817474   -2.11961   -2.51677  -0.791963    0.29725   -1.69688   -1.53854 -0.0512889   -1.79022  -0.805547  -0.241693   -1.81215   -1.24549    0.47958   -2.42459    -2.3329 -0.0542431   -1.30304
        -0         -0         -0         -0         -0         -0         -0         -0         -0         -0         -0         -0         -0         -0         -0         -0         -0         -0         -0         -0         -0         -0         -0         -0         -0    -1.4701  0.0546667  -0.730994  0.0206778   -1.01223   0.679408   -2.80267  -0.612092   -2.29201    -1.7403   -1.82903 -0.0721316  -0.586164   -1.12416    0.69768   0.379556  -0.880697   0.641722   -2.91391   -2.65316  0.0557461  -0.102979   0.873391   -2.12331   0.893636
        -0         -0         -0         -0         -0         -0         -0         -0         -0         -0         -0         -0         -0         -0         -0         -0         -0         -0         -0         -0         -0         -0         -0         -0         -0   -2.39038  -0.730994   -2.70971   -1.63394  -0.949811 -0.0408434   -2.23963   0.192079   -1.08604    0.31966  0.0583404   -1.51705  -0.726418 -0.0595947   -1.30709   -2.33791   0.458146   -2.01136   -2.37154  -0.551506  -0.163354   -1.42405   0.626045    -2.1351   -1.04305
       -0        -0        -0        -0        -0        -0        -0        -0        -0        -0        -0        -0        -0        -0        -0        -0        -0        -0        -0        -0        -0        -0        -0        -0        -0  0.921491 0.0206778  -1.63394 -0.629381 -0.336892  -1.84792 -0.762635 -0.435052  -0.22319  0.332879  -2.15218  -0.16859  -1.60171  -2.47729  0.781958 -0.608267 -0.837429 -0.513886  -1.90977  -1.62542  0.334292  -1.63941 -0.258999  -1.28982 0.0644445
       -0        -0        -0        -0        -0        -0        -0        -0        -0        -0        -0        -0        -0        -0        -0        -0        -0        -0        -0        -0        -0        -0        -0        -0        -0 -0.264541  -1.01223 -0.949811 -0.336892 -0.124779 -0.734341  0.679051  0.106952  -2.45038  0.613697  -2.63336 -0.337498 -0.683663  0.620385  -2.00912  -2.70777  -1.92221  -2.24371 0.0566866 -0.124653  -2.01559  -2.16777  -2.73598 -0.186858  -2.35274
        -0         -0         -0         -0         -0         -0         -0         -0         -0         -0         -0         -0         -0         -0         -0         -0         -0         -0         -0         -0         -0         -0         -0         -0         -0    -2.7654   0.679408 -0.0408434   -1.84792  -0.734341   -1.77771    -2.1492   0.305944   -1.77218   0.945688   -2.05056  -0.983489     -1.107   -1.98124   -2.99341   -2.19924   -1.34646  -0.735588  0.0770927   -2.64775   -1.02587    -2.6408  -0.507413  -0.524543   -1.60906
       -0        -0        -0        -0        -0        -0        -0        -0        -0        -0        -0        -0        -0        -0        -0        -0        -0        -0        -0        -0        -0        -0        -0        -0        -0  -2.04358  -2.80267  -2.23963 -0.762635  0.679051   -2.1492 -0.528034  0.521369 -0.405716  -2.78673  -1.66895  -1.96055  -2.30446  -1.17417  -1.75658  -1.65956  0.372346  -2.31943  0.848535 -0.437574   -1.9112  -2.15983  0.316413 -0.622725 -0.989799
