2
1
6
-0.891911  0.452211
 -9.28553 -0.602171  -10.0885  -7.73021  -7.87978  -4.53601
-0.602171  -1.77091   1.30592  -0.77876  -1.86897   1.34489
-10.0885  1.30592 -28.9526 -16.5038 -7.48567 -10.9867
-7.73021 -0.77876 -16.5038 -16.6333 -7.95376 -5.76442
-7.87978 -1.86897 -7.48567 -7.95376 -11.8039 -2.42109
-4.53601  1.34489 -10.9867 -5.76442 -2.42109 -17.7475
0.211409  1.92958  1.16834       -0       -0       -0
  1.92958  0.437382 -0.752793        -0        -0        -0
  1.16834 -0.752793   2.42128        -0        -0        -0
       -0        -0        -0 -0.211409  -1.92958  -1.16834
       -0        -0        -0  -1.92958 -0.437382  0.752793
      -0       -0       -0 -1.16834 0.752793 -2.42128
0.997776  1.70248  1.25822       -0       -0       -0
   1.70248 0.00149982     1.5114         -0         -0         -0
 1.25822   1.5114 0.106288       -0       -0       -0
       -0        -0        -0 -0.997776  -1.70248  -1.25822
         -0          -0          -0    -1.70248 -0.00149982     -1.5114
       -0        -0        -0  -1.25822   -1.5114 -0.106288
