20
1
20
  0.370574  -0.283434  0.0503957   0.125603  -0.353597   0.147478  0.0995074   0.514074   0.112787 -0.0582186 -0.0842296   0.118024  -0.303568   0.163737  0.0740801   0.161791  -0.037942   0.295773    0.10899  -0.233469
-35.6682 -15.7917  -14.201  -9.8157 -7.50211 -11.7041 -15.7891 -15.0457 -12.2521 -20.1537 -22.0015 -9.76297 -10.2709 -7.98055 -3.12142 -6.15338  -10.383 -4.43171 -26.3139 -4.27793
-15.7917 -47.9438   -14.58 -17.3829 -16.3802  -24.127 -17.9664 -18.6238 -19.7524 -13.2446 -33.2456 -16.6916 -27.3358 -16.1084 -21.1409 -21.4284 -24.0373 -7.82111  -31.683 -13.4001
 -14.201   -14.58 -43.4814 -24.6546 -29.5239 -17.8522 -12.4425 -4.55391 -18.4265 -22.7321 -17.2444 -22.2063  -14.666 -25.4949  1.51521 -21.1335 -11.7937 -1.17387 -23.4858 -16.9476
 -9.8157 -17.3829 -24.6546 -48.4201 -12.7387 -17.5849 -19.2814 -8.71405 -19.7877 -26.2114 -26.9505 -20.4957 -18.9319 -24.4433 -10.6392  -19.421 -17.1473 -16.1554 -30.9596 -25.2348
-7.50211 -16.3802 -29.5239 -12.7387 -53.2447 -18.5281 -7.00542 -13.1413  -32.938 -20.9503 -13.8138 -10.7916 -23.7373 -22.1138  -6.7257  -18.422 -7.21432 -7.42349 -21.4791 -15.3918
-11.7041  -24.127 -17.8522 -17.5849 -18.5281 -39.1602 -14.4863 -19.1332 -33.0335 -26.1789 -16.0656 -11.1099  -26.601 -21.5947  -13.868 -17.5901 -27.5482 -17.3368 -22.0397  -15.834
-15.7891 -17.9664 -12.4425 -19.2814 -7.00542 -14.4863 -47.8239 -17.4365 -33.8975 -18.0911 -24.4205 -26.3944 -15.0165 -20.1809 -23.0569 -14.5733 -1.52097 -21.1748 -29.8592 -16.4547
-15.0457 -18.6238 -4.55391 -8.71405 -13.1413 -19.1332 -17.4365 -34.5803 -27.6286  -20.359 -19.7099 -14.9108  -16.673 -20.2976 -15.6142  -2.9553 -20.7115 -17.7321 -32.5295 -1.76876
-12.2521 -19.7524 -18.4265 -19.7877  -32.938 -33.0335 -33.8975 -27.6286 -64.4045 -30.2302 -22.2237 -23.8571 -23.8152 -35.1947 -28.0135 -18.6905 -13.9948 -23.8991 -41.2124 -24.9998
-20.1537 -13.2446 -22.7321 -26.2114 -20.9503 -26.1789 -18.0911  -20.359 -30.2302 -50.2105 -20.4207 -23.6427 -21.4779 -24.4649  -12.571 -20.4494 -18.6415 -12.5543 -25.5932 -19.0018
-22.0015 -33.2456 -17.2444 -26.9505 -13.8138 -16.0656 -24.4205 -19.7099 -22.2237 -20.4207 -47.2392 -21.0771 -22.8735  -21.021 -20.9382 -18.4729 -24.0926 -9.01161 -39.0656 -18.9093
-9.76297 -16.6916 -22.2063 -20.4957 -10.7916 -11.1099 -26.3944 -14.9108 -23.8571 -23.6427 -21.0771 -52.8551  -3.4521 -21.7379 -20.9656 -14.9176 -17.0481 -16.6998   -38.43 -15.6394
-10.2709 -27.3358  -14.666 -18.9319 -23.7373  -26.601 -15.0165  -16.673 -23.8152 -21.4779 -22.8735  -3.4521 -38.8057 -15.7673 -13.6788 -21.7274 -18.8569 -13.1556 -19.2016 -17.5541
-7.98055 -16.1084 -25.4949 -24.4433 -22.1138 -21.5947 -20.1809 -20.2976 -35.1947 -24.4649  -21.021 -21.7379 -15.7673 -39.6232 -18.6163 -20.2872 -15.5769 -12.9834 -31.8737 -14.7462
-3.12142 -21.1409  1.51521 -10.6392  -6.7257  -13.868 -23.0569 -15.6142 -28.0135  -12.571 -20.9382 -20.9656 -13.6788 -18.6163  -44.747 -16.7767 -7.09637 -17.2098 -21.5822 -13.6551
-6.15338 -21.4284 -21.1335  -19.421  -18.422 -17.5901 -14.5733  -2.9553 -18.6905 -20.4494 -18.4729 -14.9176 -21.7274 -20.2872 -16.7767  -33.976 -11.8604 -4.33405 -7.79703  -18.839
 -10.383 -24.0373 -11.7937 -17.1473 -7.21432 -27.5482 -1.52097 -20.7115 -13.9948 -18.6415 -24.0926 -17.0481 -18.8569 -15.5769 -7.09637 -11.8604 -46.6793 -11.7267 -25.3929 -9.21338
-4.43171 -7.82111 -1.17387 -16.1554 -7.42349 -17.3368 -21.1748 -17.7321 -23.8991 -12.5543 -9.01161 -16.6998 -13.1556 -12.9834 -17.2098 -4.33405 -11.7267 -45.2438 -24.4934 -4.53556
-26.3139  -31.683 -23.4858 -30.9596 -21.4791 -22.0397 -29.8592 -32.5295 -41.2124 -25.5932 -39.0656   -38.43 -19.2016 -31.8737 -21.5822 -7.79703 -25.3929 -24.4934 -75.6246 -20.3424
-4.27793 -13.4001 -16.9476 -25.2348 -15.3918  -15.834 -16.4547 -1.76876 -24.9998 -19.0018 -18.9093 -15.6394 -17.5541 -14.7462 -13.6551  -18.839 -9.21338 -4.53556 -20.3424 -28.7217
  1.60681  0.747457 -0.452105  0.745622 -0.273317  0.421435 -0.754532   2.57526  0.631501  0.294607        -0        -0        -0        -0        -0        -0        -0        -0        -0        -0
 0.747457   2.44443   2.98178  0.422062   2.28655   1.36025  0.959179 -0.745263   1.47412   1.56847        -0        -0        -0        -0        -0        -0        -0        -0        -0        -0
-0.452105   2.98178 -0.824479  0.730737  0.600882    1.1936  0.441453  0.720984   2.88595   1.28407        -0        -0        -0        -0        -0        -0        -0        -0        -0        -0
 0.745622  0.422062  0.730737 -0.646432  0.880856  0.596957  0.976205  0.176138    2.8251   1.73606        -0        -0        -0        -0        -0        -0        -0        -0        -0        -0
-0.273317   2.28655  0.600882  0.880856  0.372828  0.725853   1.31275   1.13559  -0.92892 -0.455321        -0        -0        -0        -0        -0        -0        -0        -0        -0        -0
 0.421435   1.36025    1.1936  0.596957  0.725853 -0.713771 -0.735567   2.09381  0.611806 -0.403187        -0        -0        -0        -0        -0        -0        -0        -0        -0        -0
-0.754532  0.959179  0.441453  0.976205   1.31275 -0.735567  -0.10465   2.71335 -0.888669   2.00049        -0        -0        -0        -0        -0        -0        -0        -0        -0        -0
  2.57526 -0.745263  0.720984  0.176138   1.13559   2.09381   2.71335   2.41968  0.275216  0.440028        -0        -0        -0        -0        -0        -0        -0        -0        -0        -0
 0.631501   1.47412   2.88595    2.8251  -0.92892  0.611806 -0.888669  0.275216   1.32301   1.01562        -0        -0        -0        -0        -0        -0        -0        -0        -0        -0
 0.294607   1.56847   1.28407   1.73606 -0.455321 -0.403187   2.00049  0.440028   1.01562   1.52855        -0        -0        -0        -0        -0        -0        -0        -0        -0        -0
       -0        -0        -0        -0        -0        -0        -0        -0        -0        -0  -1.60681 -0.747457  0.452105 -0.745622  0.273317 -0.421435  0.754532  -2.57526 -0.631501 -0.294607
       -0        -0        -0        -0        -0        -0        -0        -0        -0        -0 -0.747457  -2.44443  -2.98178 -0.422062  -2.28655  -1.36025 -0.959179  0.745263  -1.47412  -1.56847
       -0        -0        -0        -0        -0        -0        -0        -0        -0        -0  0.452105  -2.98178  0.824479 -0.730737 -0.600882   -1.1936 -0.441453 -0.720984  -2.88595  -1.28407
       -0        -0        -0        -0        -0        -0        -0        -0        -0        -0 -0.745622 -0.422062 -0.730737  0.646432 -0.880856 -0.596957 -0.976205 -0.176138   -2.8251  -1.73606
       -0        -0        -0        -0        -0        -0        -0        -0        -0        -0  0.273317  -2.28655 -0.600882 -0.880856 -0.372828 -0.725853  -1.31275  -1.13559   0.92892  0.455321
       -0        -0        -0        -0        -0        -0        -0        -0        -0        -0 -0.421435  -1.36025   -1.1936 -0.596957 -0.725853  0.713771  0.735567  -2.09381 -0.611806  0.403187
       -0        -0        -0        -0        -0        -0        -0        -0        -0        -0  0.754532 -0.959179 -0.441453 -0.976205  -1.31275  0.735567   0.10465  -2.71335  0.888669  -2.00049
       -0        -0        -0        -0        -0        -0        -0        -0        -0        -0  -2.57526  0.745263 -0.720984 -0.176138  -1.13559  -2.09381  -2.71335  -2.41968 -0.275216 -0.440028
       -0        -0        -0        -0        -0        -0        -0        -0        -0        -0 -0.631501  -1.47412  -2.88595   -2.8251   0.92892 -0.611806  0.888669 -0.275216  -1.32301  -1.01562
       -0        -0        -0        -0        -0        -0        -0        -0        -0        -0 -0.294607  -1.56847  -1.28407  -1.73606  0.455321  0.403187  -2.00049 -0.440028  -1.01562  -1.52855
  2.87447 -0.993928   1.23138   2.12208 -0.718856   2.19489   2.82145   1.40475  0.463292   2.42207        -0        -0        -0        -0        -0        -0        -0        -0        -0        -0
-0.993928  0.970055   1.85697 -0.745515    0.9722   2.06587   1.51235  0.834972  -0.60854   1.46231        -0        -0        -0        -0        -0        -0        -0        -0        -0        -0
  1.23138   1.85697   1.39531 -0.281251  0.132849   0.20371  0.164698   2.96429   1.36597   2.36637        -0        -0        -0        -0        -0        -0        -0        -0        -0        -0
  2.12208 -0.745515 -0.281251  0.905362 -0.502784  0.590205 -0.459804    2.5376     1.667 -0.413228        -0        -0        -0        -0        -0        -0        -0        -0        -0        -0
-0.718856    0.9722  0.132849 -0.502784  0.864225   2.58132 -0.582288   1.33219  0.981665   2.00251        -0        -0        -0        -0        -0        -0        -0        -0        -0        -0
 2.19489  2.06587  0.20371 0.590205  2.58132  1.79675  2.01463  0.82851  0.94729  2.78408       -0       -0       -0       -0       -0       -0       -0       -0       -0       -0
  2.82145   1.51235  0.164698 -0.459804 -0.582288   2.01463 -0.974043    1.4656  0.463747    2.6014        -0        -0        -0        -0        -0        -0        -0        -0        -0        -0
 1.40475 0.834972  2.96429   2.5376  1.33219  0.82851   1.4656  2.11656  1.51186  2.02846       -0       -0       -0       -0       -0       -0       -0       -0       -0       -0
0.463292 -0.60854  1.36597    1.667 0.981665  0.94729 0.463747  1.51186  1.64086  2.02603       -0       -0       -0       -0       -0       -0       -0       -0       -0       -0
  2.42207   1.46231   2.36637 -0.413228   2.00251   2.78408    2.6014   2.02846   2.02603  0.155232        -0        -0        -0        -0        -0        -0        -0        -0        -0        -0
       -0        -0        -0        -0        -0        -0        -0        -0        -0        -0  -2.87447  0.993928  -1.23138  -2.12208  0.718856  -2.19489  -2.82145  -1.40475 -0.463292  -2.42207
       -0        -0        -0        -0        -0        -0        -0        -0        -0        -0  0.993928 -0.970055  -1.85697  0.745515   -0.9722  -2.06587  -1.51235 -0.834972   0.60854  -1.46231
       -0        -0        -0        -0        -0        -0        -0        -0        -0        -0  -1.23138  -1.85697  -1.39531  0.281251 -0.132849  -0.20371 -0.164698  -2.96429  -1.36597  -2.36637
       -0        -0        -0        -0        -0        -0        -0        -0        -0        -0  -2.12208  0.745515  0.281251 -0.905362  0.502784 -0.590205  0.459804   -2.5376    -1.667  0.413228
       -0        -0        -0        -0        -0        -0        -0        -0        -0        -0  0.718856   -0.9722 -0.132849  0.502784 -0.864225  -2.58132  0.582288  -1.33219 -0.981665  -2.00251
       -0        -0        -0        -0        -0        -0        -0        -0        -0        -0  -2.19489  -2.06587  -0.20371 -0.590205  -2.58132  -1.79675  -2.01463  -0.82851  -0.94729  -2.78408
       -0        -0        -0        -0        -0        -0        -0        -0        -0        -0  -2.82145  -1.51235 -0.164698  0.459804  0.582288  -2.01463  0.974043   -1.4656 -0.463747   -2.6014
       -0        -0        -0        -0        -0        -0        -0        -0        -0        -0  -1.40475 -0.834972  -2.96429   -2.5376  -1.33219  -0.82851   -1.4656  -2.11656  -1.51186  -2.02846
       -0        -0        -0        -0        -0        -0        -0        -0        -0        -0 -0.463292   0.60854  -1.36597    -1.667 -0.981665  -0.94729 -0.463747  -1.51186  -1.64086  -2.02603
       -0        -0        -0        -0        -0        -0        -0        -0        -0        -0  -2.42207  -1.46231  -2.36637  0.413228  -2.00251  -2.78408   -2.6014  -2.02846  -2.02603 -0.155232
 0.0205496    1.73408    1.88701   0.660377    2.01012     2.4663    2.15773    2.11113    1.24601 -0.0449009         -0         -0         -0         -0         -0         -0         -0         -0         -0         -0
  1.73408  0.902239 -0.683031   2.20203  0.630706  0.803397   1.07566   1.35056  0.617142   1.33723        -0        -0        -0        -0        -0        -0        -0        -0        -0        -0
  1.88701 -0.683031 -0.849486   1.49428  -0.68584   2.00639 -0.846649  0.641998  0.028477   2.65348        -0        -0        -0        -0        -0        -0        -0        -0        -0        -0
 0.660377   2.20203   1.49428 -0.349419   2.41149   2.61681  0.652011   2.42529  0.252403   0.10845        -0        -0        -0        -0        -0        -0        -0        -0        -0        -0
  2.01012  0.630706  -0.68584   2.41149   1.73075 -0.943223   1.72624  0.762054  0.233952   2.98924        -0        -0        -0        -0        -0        -0        -0        -0        -0        -0
   2.4663  0.803397   2.00639   2.61681 -0.943223   2.91014 -0.659779 -0.627248 0.0852535   1.37971        -0        -0        -0        -0        -0        -0        -0        -0        -0        -0
  2.15773   1.07566 -0.846649  0.652011   1.72624 -0.659779  0.114663 -0.691309  0.162538  0.448671        -0        -0        -0        -0        -0        -0        -0        -0        -0        -0
  2.11113   1.35056  0.641998   2.42529  0.762054 -0.627248 -0.691309   2.55658 -0.996217  0.103901        -0        -0        -0        -0        -0        -0        -0        -0        -0        -0
  1.24601  0.617142  0.028477  0.252403  0.233952 0.0852535  0.162538 -0.996217   2.17949   2.07892        -0        -0        -0        -0        -0        -0        -0        -0        -0        -0
-0.0449009    1.33723    2.65348    0.10845    2.98924    1.37971   0.448671   0.103901    2.07892  -0.210895         -0         -0         -0         -0         -0         -0         -0         -0         -0         -0
        -0         -0         -0         -0         -0         -0         -0         -0         -0         -0 -0.0205496   -1.73408   -1.88701  -0.660377   -2.01012    -2.4663   -2.15773   -2.11113   -1.24601  0.0449009
       -0        -0        -0        -0        -0        -0        -0        -0        -0        -0  -1.73408 -0.902239  0.683031  -2.20203 -0.630706 -0.803397  -1.07566  -1.35056 -0.617142  -1.33723
       -0        -0        -0        -0        -0        -0        -0        -0        -0        -0  -1.88701  0.683031  0.849486  -1.49428   0.68584  -2.00639  0.846649 -0.641998 -0.028477  -2.65348
       -0        -0        -0        -0        -0        -0        -0        -0        -0        -0 -0.660377  -2.20203  -1.49428  0.349419  -2.41149  -2.61681 -0.652011  -2.42529 -0.252403  -0.10845
       -0        -0        -0        -0        -0        -0        -0        -0        -0        -0  -2.01012 -0.630706   0.68584  -2.41149  -1.73075  0.943223  -1.72624 -0.762054 -0.233952  -2.98924
        -0         -0         -0         -0         -0         -0         -0         -0         -0         -0    -2.4663  -0.803397   -2.00639   -2.61681   0.943223   -2.91014   0.659779   0.627248 -0.0852535   -1.37971
       -0        -0        -0        -0        -0        -0        -0        -0        -0        -0  -2.15773  -1.07566  0.846649 -0.652011  -1.72624  0.659779 -0.114663  0.691309 -0.162538 -0.448671
       -0        -0        -0        -0        -0        -0        -0        -0        -0        -0  -2.11113  -1.35056 -0.641998  -2.42529 -0.762054  0.627248  0.691309  -2.55658  0.996217 -0.103901
        -0         -0         -0         -0         -0         -0         -0         -0         -0         -0   -1.24601  -0.617142  -0.028477  -0.252403  -0.233952 -0.0852535  -0.162538   0.996217   -2.17949   -2.07892
       -0        -0        -0        -0        -0        -0        -0        -0        -0        -0 0.0449009  -1.33723  -2.65348  -0.10845  -2.98924  -1.37971 -0.448671 -0.103901  -2.07892  0.210895
 0.115193  0.149117   1.69707 -0.563009   1.15582   1.57052   1.30401  0.687855  0.316109  0.168804        -0        -0        -0        -0        -0        -0        -0        -0        -0        -0
 0.149117   1.70431 0.0907646    1.9879   1.68774   2.41402 -0.303847  0.755429   2.70823    2.6209        -0        -0        -0        -0        -0        -0        -0        -0        -0        -0
   1.69707  0.0907646  -0.220434    0.99924    2.64098    1.41206 -0.0205082  -0.855801  0.0575005   0.294765         -0         -0         -0         -0         -0         -0         -0         -0         -0         -0
-0.563009    1.9879   0.99924   2.57665 0.0537496   2.35009 -0.696751  0.328839   2.72817    1.1483        -0        -0        -0        -0        -0        -0        -0        -0        -0        -0
  1.15582   1.68774   2.64098 0.0537496 -0.134666  0.764563 -0.727192   1.80918   2.05832   2.92415        -0        -0        -0        -0        -0        -0        -0        -0        -0        -0
   1.57052    2.41402    1.41206    2.35009   0.764563  -0.388723    1.72458 0.00953269    1.82206   0.567573         -0         -0         -0         -0         -0         -0         -0         -0         -0         -0
   1.30401  -0.303847 -0.0205082  -0.696751  -0.727192    1.72458    2.91784 -0.0734647  -0.660551  -0.127124         -0         -0         -0         -0         -0         -0         -0         -0         -0         -0
  0.687855   0.755429  -0.855801   0.328839    1.80918 0.00953269 -0.0734647    2.99481    2.17721    2.84198         -0         -0         -0         -0         -0         -0         -0         -0         -0         -0
 0.316109   2.70823 0.0575005   2.72817   2.05832   1.82206 -0.660551   2.17721  0.316888   1.31875        -0        -0        -0        -0        -0        -0        -0        -0        -0        -0
 0.168804    2.6209  0.294765    1.1483   2.92415  0.567573 -0.127124   2.84198   1.31875 -0.527514        -0        -0        -0        -0        -0        -0        -0        -0        -0        -0
       -0        -0        -0        -0        -0        -0        -0        -0        -0        -0 -0.115193 -0.149117  -1.69707  0.563009  -1.15582  -1.57052  -1.30401 -0.687855 -0.316109 -0.168804
        -0         -0         -0         -0         -0         -0         -0         -0         -0         -0  -0.149117   -1.70431 -0.0907646    -1.9879   -1.68774   -2.41402   0.303847  -0.755429   -2.70823    -2.6209
        -0         -0         -0         -0         -0         -0         -0         -0         -0         -0   -1.69707 -0.0907646   0.220434   -0.99924   -2.64098   -1.41206  0.0205082   0.855801 -0.0575005  -0.294765
        -0         -0         -0         -0         -0         -0         -0         -0         -0         -0   0.563009    -1.9879   -0.99924   -2.57665 -0.0537496   -2.35009   0.696751  -0.328839   -2.72817    -1.1483
        -0         -0         -0         -0         -0         -0         -0         -0         -0         -0   -1.15582   -1.68774   -2.64098 -0.0537496   0.134666  -0.764563   0.727192   -1.80918   -2.05832   -2.92415
         -0          -0          -0          -0          -0          -0          -0          -0          -0          -0    -1.57052    -2.41402    -1.41206    -2.35009   -0.764563    0.388723    -1.72458 -0.00953269    -1.82206   -0.567573
       -0        -0        -0        -0        -0        -0        -0        -0        -0        -0  -1.30401  0.303847 0.0205082  0.696751  0.727192  -1.72458  -2.91784 0.0734647  0.660551  0.127124
         -0          -0          -0          -0          -0          -0          -0          -0          -0          -0   -0.687855   -0.755429    0.855801   -0.328839    -1.80918 -0.00953269   0.0734647    -2.99481    -2.17721    -2.84198
        -0         -0         -0         -0         -0         -0         -0         -0         -0         -0  -0.316109   -2.70823 -0.0575005   -2.72817   -2.05832   -1.82206   0.660551   -2.17721  -0.316888   -1.31875
       -0        -0        -0        -0        -0        -0        -0        -0        -0        -0 -0.168804   -2.6209 -0.294765   -1.1483  -2.92415 -0.567573  0.127124  -2.84198  -1.31875  0.527514
  0.29844   2.90547   2.01425   1.19611  0.272078  0.554761   1.72805 -0.688602   2.34227   2.26263        -0        -0        -0        -0        -0        -0        -0        -0        -0        -0
  2.90547   1.34802   1.70245  0.787382   2.70485 -0.652888   2.93322   2.38515   1.64704   2.66653        -0        -0        -0        -0        -0        -0        -0        -0        -0        -0
  2.01425   1.70245 -0.277185 -0.798051 -0.158958   2.16274  0.200859   2.97162  0.749646 -0.811169        -0        -0        -0        -0        -0        -0        -0        -0        -0        -0
  1.19611  0.787382 -0.798051 -0.575974 -0.429803   1.27758      1.93   0.15244   1.50501 -0.536515        -0        -0        -0        -0        -0        -0        -0        -0        -0        -0
 0.272078   2.70485 -0.158958 -0.429803 -0.332188 -0.343876  -0.64275   2.95535 -0.075388   1.59653        -0        -0        -0        -0        -0        -0        -0        -0        -0        -0
 0.554761 -0.652888   2.16274   1.27758 -0.343876 -0.986512  -0.56912 -0.360567   1.40577 -0.453919        -0        -0        -0        -0        -0        -0        -0        -0        -0        -0
  1.72805   2.93322  0.200859      1.93  -0.64275  -0.56912 -0.532605 -0.930331    1.5185 -0.105635        -0        -0        -0        -0        -0        -0        -0        -0        -0        -0
-0.688602   2.38515   2.97162   0.15244   2.95535 -0.360567 -0.930331   1.88198   2.84915   2.06392        -0        -0        -0        -0        -0        -0        -0        -0        -0        -0
  2.34227   1.64704  0.749646   1.50501 -0.075388   1.40577    1.5185   2.84915  -0.06152   1.36445        -0        -0        -0        -0        -0        -0        -0        -0        -0        -0
  2.26263   2.66653 -0.811169 -0.536515   1.59653 -0.453919 -0.105635   2.06392   1.36445   2.00744        -0        -0        -0        -0        -0        -0        -0        -0        -0        -0
       -0        -0        -0        -0        -0        -0        -0        -0        -0        -0  -0.29844  -2.90547  -2.01425  -1.19611 -0.272078 -0.554761  -1.72805  0.688602  -2.34227  -2.26263
       -0        -0        -0        -0        -0        -0        -0        -0        -0        -0  -2.90547  -1.34802  -1.70245 -0.787382  -2.70485  0.652888  -2.93322  -2.38515  -1.64704  -2.66653
       -0        -0        -0        -0        -0        -0        -0        -0        -0        -0  -2.01425  -1.70245  0.277185  0.798051  0.158958  -2.16274 -0.200859  -2.97162 -0.749646  0.811169
       -0        -0        -0        -0        -0        -0        -0        -0        -0        -0  -1.19611 -0.787382  0.798051  0.575974  0.429803  -1.27758     -1.93  -0.15244  -1.50501  0.536515
       -0        -0        -0        -0        -0        -0        -0        -0        -0        -0 -0.272078  -2.70485  0.158958  0.429803  0.332188  0.343876   0.64275  -2.95535  0.075388  -1.59653
       -0        -0        -0        -0        -0        -0        -0        -0        -0        -0 -0.554761  0.652888  -2.16274  -1.27758  0.343876  0.986512   0.56912  0.360567  -1.40577  0.453919
       -0        -0        -0        -0        -0        -0        -0        -0        -0        -0  -1.72805  -2.93322 -0.200859     -1.93   0.64275   0.56912  0.532605  0.930331   -1.5185  0.105635
      -0       -0       -0       -0       -0       -0       -0       -0       -0       -0 0.688602 -2.38515 -2.97162 -0.15244 -2.95535 0.360567 0.930331 -1.88198 -2.84915 -2.06392
       -0        -0        -0        -0        -0        -0        -0        -0        -0        -0  -2.34227  -1.64704 -0.749646  -1.50501  0.075388  -1.40577   -1.5185  -2.84915   0.06152  -1.36445
      -0       -0       -0       -0       -0       -0       -0       -0       -0       -0 -2.26263 -2.66653 0.811169 0.536515 -1.59653 0.453919 0.105635 -2.06392 -1.36445 -2.00744
   2.3307  0.300494  0.851302 -0.917263   2.33016    2.5537   1.72658   1.47991   2.72605 -0.889541        -0        -0        -0        -0        -0        -0        -0        -0        -0        -0
 0.300494  -0.42781   2.71745   2.05207  -0.34674  0.149566  0.128142 0.0261967   1.23034   1.94788        -0        -0        -0        -0        -0        -0        -0        -0        -0        -0
 0.851302   2.71745   1.06092   2.62652   1.62537   2.78917 0.0455064  0.813927   2.25569  0.658879        -0        -0        -0        -0        -0        -0        -0        -0        -0        -0
-0.917263   2.05207   2.62652   1.47533   2.01123  0.614619   1.35309  0.105286   2.51522  0.155965        -0        -0        -0        -0        -0        -0        -0        -0        -0        -0
  2.33016  -0.34674   1.62537   2.01123    2.7034    2.1897   2.60347 -0.962576   2.84496  0.300974        -0        -0        -0        -0        -0        -0        -0        -0        -0        -0
  2.5537 0.149566  2.78917 0.614619   2.1897  2.97011  2.39989 0.517327  1.44539 0.262347       -0       -0       -0       -0       -0       -0       -0       -0       -0       -0
  1.72658  0.128142 0.0455064   1.35309   2.60347   2.39989  0.807901   1.80786   2.48533 -0.444141        -0        -0        -0        -0        -0        -0        -0        -0        -0        -0
  1.47991 0.0261967  0.813927  0.105286 -0.962576  0.517327   1.80786   2.65433   1.11702   2.10888        -0        -0        -0        -0        -0        -0        -0        -0        -0        -0
 2.72605  1.23034  2.25569  2.51522  2.84496  1.44539  2.48533  1.11702  -0.7787 0.689077       -0       -0       -0       -0       -0       -0       -0       -0       -0       -0
-0.889541   1.94788  0.658879  0.155965  0.300974  0.262347 -0.444141   2.10888  0.689077   1.25189        -0        -0        -0        -0        -0        -0        -0        -0        -0        -0
       -0        -0        -0        -0        -0        -0        -0        -0        -0        -0   -2.3307 -0.300494 -0.851302  0.917263  -2.33016   -2.5537  -1.72658  -1.47991  -2.72605  0.889541
        -0         -0         -0         -0         -0         -0         -0         -0         -0         -0  -0.300494    0.42781   -2.71745   -2.05207    0.34674  -0.149566  -0.128142 -0.0261967   -1.23034   -1.94788
        -0         -0         -0         -0         -0         -0         -0         -0         -0         -0  -0.851302   -2.71745   -1.06092   -2.62652   -1.62537   -2.78917 -0.0455064  -0.813927   -2.25569  -0.658879
       -0        -0        -0        -0        -0        -0        -0        -0        -0        -0  0.917263  -2.05207  -2.62652  -1.47533  -2.01123 -0.614619  -1.35309 -0.105286  -2.51522 -0.155965
       -0        -0        -0        -0        -0        -0        -0        -0        -0        -0  -2.33016   0.34674  -1.62537  -2.01123   -2.7034   -2.1897  -2.60347  0.962576  -2.84496 -0.300974
       -0        -0        -0        -0        -0        -0        -0        -0        -0        -0   -2.5537 -0.149566  -2.78917 -0.614619   -2.1897  -2.97011  -2.39989 -0.517327  -1.44539 -0.262347
        -0         -0         -0         -0         -0         -0         -0         -0         -0         -0   -1.72658  -0.128142 -0.0455064   -1.35309   -2.60347   -2.39989  -0.807901   -1.80786   -2.48533   0.444141
        -0         -0         -0         -0         -0         -0         -0         -0         -0         -0   -1.47991 -0.0261967  -0.813927  -0.105286   0.962576  -0.517327   -1.80786   -2.65433   -1.11702   -2.10888
       -0        -0        -0        -0        -0        -0        -0        -0        -0        -0  -2.72605  -1.23034  -2.25569  -2.51522  -2.84496  -1.44539  -2.48533  -1.11702    0.7787 -0.689077
       -0        -0        -0        -0        -0        -0        -0        -0        -0        -0  0.889541  -1.94788 -0.658879 -0.155965 -0.300974 -0.262347  0.444141  -2.10888 -0.689077  -1.25189
-0.730458   1.18826   1.22718   1.54392    2.6996   2.99504 -0.190073   2.24905  0.359744 -0.766314        -0        -0        -0        -0        -0        -0        -0        -0        -0        -0
   1.18826    1.69589     1.5802     2.7379    1.55114 -0.0620179  -0.817838   0.562442     1.8857    1.32185         -0         -0         -0         -0         -0         -0         -0         -0         -0         -0
 1.22718   1.5802  2.05851  2.00647  1.80325 0.610043   1.6193  2.01116  1.71544   1.1364       -0       -0       -0       -0       -0       -0       -0       -0       -0       -0
 1.54392   2.7379  2.00647 0.822008 -0.79263  2.05355   2.8164  1.05229  1.96979  1.85299       -0       -0       -0       -0       -0       -0       -0       -0       -0       -0
  2.6996  1.55114  1.80325 -0.79263  2.99508 -0.17596  1.00417 0.769812 0.939249  1.13825       -0       -0       -0       -0       -0       -0       -0       -0       -0       -0
   2.99504 -0.0620179   0.610043    2.05355   -0.17596   0.346213  -0.559327    2.00624    2.53948  -0.859425         -0         -0         -0         -0         -0         -0         -0         -0         -0         -0
-0.190073 -0.817838    1.6193    2.8164   1.00417 -0.559327 -0.902854   2.06665 -0.683999   2.29366        -0        -0        -0        -0        -0        -0        -0        -0        -0        -0
 2.24905 0.562442  2.01116  1.05229 0.769812  2.00624  2.06665  1.32991 0.352287   1.2354       -0       -0       -0       -0       -0       -0       -0       -0       -0       -0
 0.359744    1.8857   1.71544   1.96979  0.939249   2.53948 -0.683999  0.352287  0.511924   2.28227        -0        -0        -0        -0        -0        -0        -0        -0        -0        -0
-0.766314   1.32185    1.1364   1.85299   1.13825 -0.859425   2.29366    1.2354   2.28227  0.156501        -0        -0        -0        -0        -0        -0        -0        -0        -0        -0
       -0        -0        -0        -0        -0        -0        -0        -0        -0        -0  0.730458  -1.18826  -1.22718  -1.54392   -2.6996  -2.99504  0.190073  -2.24905 -0.359744  0.766314
       -0        -0        -0        -0        -0        -0        -0        -0        -0        -0  -1.18826  -1.69589   -1.5802   -2.7379  -1.55114 0.0620179  0.817838 -0.562442   -1.8857  -1.32185
       -0        -0        -0        -0        -0        -0        -0        -0        -0        -0  -1.22718   -1.5802  -2.05851  -2.00647  -1.80325 -0.610043   -1.6193  -2.01116  -1.71544   -1.1364
       -0        -0        -0        -0        -0        -0        -0        -0        -0        -0  -1.54392   -2.7379  -2.00647 -0.822008   0.79263  -2.05355   -2.8164  -1.05229  -1.96979  -1.85299
       -0        -0        -0        -0        -0        -0        -0        -0        -0        -0   -2.6996  -1.55114  -1.80325   0.79263  -2.99508   0.17596  -1.00417 -0.769812 -0.939249  -1.13825
       -0        -0        -0        -0        -0        -0        -0        -0        -0        -0  -2.99504 0.0620179 -0.610043  -2.05355   0.17596 -0.346213  0.559327  -2.00624  -2.53948  0.859425
      -0       -0       -0       -0       -0       -0       -0       -0       -0       -0 0.190073 0.817838  -1.6193  -2.8164 -1.00417 0.559327 0.902854 -2.06665 0.683999 -2.29366
       -0        -0        -0        -0        -0        -0        -0        -0        -0        -0  -2.24905 -0.562442  -2.01116  -1.05229 -0.769812  -2.00624  -2.06665  -1.32991 -0.352287   -1.2354
       -0        -0        -0        -0        -0        -0        -0        -0        -0        -0 -0.359744   -1.8857  -1.71544  -1.96979 -0.939249  -2.53948  0.683999 -0.352287 -0.511924  -2.28227
       -0        -0        -0        -0        -0        -0        -0        -0        -0        -0  0.766314  -1.32185   -1.1364  -1.85299  -1.13825  0.859425  -2.29366   -1.2354  -2.28227 -0.156501
  1.69542  0.427716  0.418435  0.317546 -0.391631  -0.80908  0.781063  0.572698  0.673029   2.11846        -0        -0        -0        -0        -0        -0        -0        -0        -0        -0
 0.427716 -0.821596    1.0144   1.58548   2.17058   2.55313   0.66706  0.742829  -0.20289   0.14574        -0        -0        -0        -0        -0        -0        -0        -0        -0        -0
0.418435   1.0144  2.51641 0.508993  2.52231  2.32108  2.83751  1.29609 0.453327  2.19915       -0       -0       -0       -0       -0       -0       -0       -0       -0       -0
  0.317546    1.58548   0.508993  -0.963511    2.09755    2.70733    2.29006  0.0950068 -0.0058879    1.95597         -0         -0         -0         -0         -0         -0         -0         -0         -0         -0
-0.391631   2.17058   2.52231   2.09755   2.31373   2.10797   0.70355 -0.159625 -0.495563 -0.564204        -0        -0        -0        -0        -0        -0        -0        -0        -0        -0
  -0.80908    2.55313    2.32108    2.70733    2.10797  -0.811532  -0.870428   0.609826  -0.438706 -0.0972953         -0         -0         -0         -0         -0         -0         -0         -0         -0         -0
 0.781063   0.66706   2.83751   2.29006   0.70355 -0.870428  0.382656   2.76551  0.182581   2.08554        -0        -0        -0        -0        -0        -0        -0        -0        -0        -0
 0.572698  0.742829   1.29609 0.0950068 -0.159625  0.609826   2.76551 -0.633654  0.866421  0.818452        -0        -0        -0        -0        -0        -0        -0        -0        -0        -0
  0.673029   -0.20289   0.453327 -0.0058879  -0.495563  -0.438706   0.182581   0.866421    2.36468     2.1315         -0         -0         -0         -0         -0         -0         -0         -0         -0         -0
   2.11846    0.14574    2.19915    1.95597  -0.564204 -0.0972953    2.08554   0.818452     2.1315      -0.78         -0         -0         -0         -0         -0         -0         -0         -0         -0         -0
       -0        -0        -0        -0        -0        -0        -0        -0        -0        -0  -1.69542 -0.427716 -0.418435 -0.317546  0.391631   0.80908 -0.781063 -0.572698 -0.673029  -2.11846
       -0        -0        -0        -0        -0        -0        -0        -0        -0        -0 -0.427716  0.821596   -1.0144  -1.58548  -2.17058  -2.55313  -0.66706 -0.742829   0.20289  -0.14574
       -0        -0        -0        -0        -0        -0        -0        -0        -0        -0 -0.418435   -1.0144  -2.51641 -0.508993  -2.52231  -2.32108  -2.83751  -1.29609 -0.453327  -2.19915
        -0         -0         -0         -0         -0         -0         -0         -0         -0         -0  -0.317546   -1.58548  -0.508993   0.963511   -2.09755   -2.70733   -2.29006 -0.0950068  0.0058879   -1.95597
      -0       -0       -0       -0       -0       -0       -0       -0       -0       -0 0.391631 -2.17058 -2.52231 -2.09755 -2.31373 -2.10797 -0.70355 0.159625 0.495563 0.564204
       -0        -0        -0        -0        -0        -0        -0        -0        -0        -0   0.80908  -2.55313  -2.32108  -2.70733  -2.10797  0.811532  0.870428 -0.609826  0.438706 0.0972953
       -0        -0        -0        -0        -0        -0        -0        -0        -0        -0 -0.781063  -0.66706  -2.83751  -2.29006  -0.70355  0.870428 -0.382656  -2.76551 -0.182581  -2.08554
        -0         -0         -0         -0         -0         -0         -0         -0         -0         -0  -0.572698  -0.742829   -1.29609 -0.0950068   0.159625  -0.609826   -2.76551   0.633654  -0.866421  -0.818452
       -0        -0        -0        -0        -0        -0        -0        -0        -0        -0 -0.673029   0.20289 -0.453327 0.0058879  0.495563  0.438706 -0.182581 -0.866421  -2.36468   -2.1315
       -0        -0        -0        -0        -0        -0        -0        -0        -0        -0  -2.11846  -0.14574  -2.19915  -1.95597  0.564204 0.0972953  -2.08554 -0.818452   -2.1315      0.78
-0.056031   2.46491 -0.448634   1.00402    1.7342   1.55972 -0.622021   2.27456  0.949775  0.581526        -0        -0        -0        -0        -0        -0        -0        -0        -0        -0
  2.46491 -0.157421   2.74251  0.188164   2.31775 -0.810493   1.59807 -0.151685   1.83683   2.41452        -0        -0        -0        -0        -0        -0        -0        -0        -0        -0
-0.448634   2.74251  0.989948 -0.511078   1.78218 -0.888433 -0.592226   1.32561   1.50326 -0.936489        -0        -0        -0        -0        -0        -0        -0        -0        -0        -0
   1.00402   0.188164  -0.511078    2.96684 -0.0126142  -0.450329    -0.1331    1.05674    1.06134   0.989301         -0         -0         -0         -0         -0         -0         -0         -0         -0         -0
    1.7342    2.31775    1.78218 -0.0126142  -0.764016    2.94003    1.56492   0.835701     2.3865  -0.718582         -0         -0         -0         -0         -0         -0         -0         -0         -0         -0
  1.55972 -0.810493 -0.888433 -0.450329   2.94003   1.81004 -0.163998   1.56159   1.44329   1.62843        -0        -0        -0        -0        -0        -0        -0        -0        -0        -0
-0.622021   1.59807 -0.592226   -0.1331   1.56492 -0.163998   2.15503   1.67561 -0.128617    1.8253        -0        -0        -0        -0        -0        -0        -0        -0        -0        -0
  2.27456 -0.151685   1.32561   1.05674  0.835701   1.56159   1.67561  0.580714   1.36192   2.43644        -0        -0        -0        -0        -0        -0        -0        -0        -0        -0
 0.949775   1.83683   1.50326   1.06134    2.3865   1.44329 -0.128617   1.36192   2.03654   2.96339        -0        -0        -0        -0        -0        -0        -0        -0        -0        -0
  0.581526    2.41452  -0.936489   0.989301  -0.718582    1.62843     1.8253    2.43644    2.96339 -0.0605782         -0         -0         -0         -0         -0         -0         -0         -0         -0         -0
       -0        -0        -0        -0        -0        -0        -0        -0        -0        -0  0.056031  -2.46491  0.448634  -1.00402   -1.7342  -1.55972  0.622021  -2.27456 -0.949775 -0.581526
       -0        -0        -0        -0        -0        -0        -0        -0        -0        -0  -2.46491  0.157421  -2.74251 -0.188164  -2.31775  0.810493  -1.59807  0.151685  -1.83683  -2.41452
       -0        -0        -0        -0        -0        -0        -0        -0        -0        -0  0.448634  -2.74251 -0.989948  0.511078  -1.78218  0.888433  0.592226  -1.32561  -1.50326  0.936489
       -0        -0        -0        -0        -0        -0        -0        -0        -0        -0  -1.00402 -0.188164  0.511078  -2.96684 0.0126142  0.450329    0.1331  -1.05674  -1.06134 -0.989301
       -0        -0        -0        -0        -0        -0        -0        -0        -0        -0   -1.7342  -2.31775  -1.78218 0.0126142  0.764016  -2.94003  -1.56492 -0.835701   -2.3865  0.718582
      -0       -0       -0       -0       -0       -0       -0       -0       -0       -0 -1.55972 0.810493 0.888433 0.450329 -2.94003 -1.81004 0.163998 -1.56159 -1.44329 -1.62843
      -0       -0       -0       -0       -0       -0       -0       -0       -0       -0 0.622021 -1.59807 0.592226   0.1331 -1.56492 0.163998 -2.15503 -1.67561 0.128617  -1.8253
       -0        -0        -0        -0        -0        -0        -0        -0        -0        -0  -2.27456  0.151685  -1.32561  -1.05674 -0.835701  -1.56159  -1.67561 -0.580714  -1.36192  -2.43644
       -0        -0        -0        -0        -0        -0        -0        -0        -0        -0 -0.949775  -1.83683  -1.50326  -1.06134   -2.3865  -1.44329  0.128617  -1.36192  -2.03654  -2.96339
