20
1
20
  0.226286  -0.237517 0.00311085  0.0817612  -0.234766   0.017685   -0.43782    0.25305  0.0426503   -0.23731  0.0623697   0.355364  -0.118243  0.0502952  -0.288652   0.312352   0.423332  0.0813821 -0.0539116 0.00976352
-54.0343 -35.7363 -37.2168 -36.8702 -23.4807  -26.572 -21.7437 -23.4158 -18.4581 -25.0308 -24.6961 -6.73826 -18.1088 -20.8416 -38.0249 -32.0303 -30.6525  -21.812 -31.6511 -10.5684
-35.7363   -51.45 -32.3539 -35.1469 -24.4524 -25.6247 -20.6648 -19.6212 -19.3055 -24.6989 -21.9817 -9.92765  -23.476 -13.8308 -32.4985 -30.4691 -38.7709 -29.5278 -26.7186 -7.21581
-37.2168 -32.3539 -57.0833 -32.7605 -22.7309 -34.5749 -38.5168 -19.5185 -33.7951 -30.3766 -31.5426 -16.5034 -15.7362 -28.4695 -23.1028  -33.876 -42.8916 -24.2137 -39.7005  -26.146
-36.8702 -35.1469 -32.7605 -55.1099 -30.6831 -29.6324 -20.8979 -19.5186 -20.0928 -25.7936 -28.2188 -5.94208 -20.3109 -21.8828 -40.1661 -33.9396 -33.9786 -34.7207 -37.5639 -15.8914
-23.4807 -24.4524 -22.7309 -30.6831 -57.2151  -15.098 -18.4281 -17.3193 -14.3024 -25.4208 -20.9399 -12.2521  -15.802 -19.2008 -23.3619 -33.0674 -45.0841 -29.0185 -24.9663 -9.79289
 -26.572 -25.6247 -34.5749 -29.6324  -15.098 -40.3669 -19.5295 -11.6877 -23.3506 -18.7893  -19.899 -8.00113 -15.8315 -19.6677 -21.2432 -30.6452 -28.8382 -21.0211 -23.1306  -21.944
-21.7437 -20.6648 -38.5168 -20.8979 -18.4281 -19.5295 -46.8149 -12.3198 -24.5386 -17.9407 -10.6996 -8.91947 -4.26527 -21.5552 -7.54234 -21.1953 -38.7438 -14.6238 -34.6425 -22.5864
-23.4158 -19.6212 -19.5185 -19.5186 -17.3193 -11.6877 -12.3198 -40.1438 -1.86185 -16.0542 -22.7978 -1.49747  -3.4469 -14.3612 -22.4095 -26.5544 -17.8643 -20.4557 -18.2402 -8.25518
-18.4581 -19.3055 -33.7951 -20.0928 -14.3024 -23.3506 -24.5386 -1.86185 -40.8487 -20.0042 -16.0412 -17.3275 -14.4215 -13.5272 -10.0117  -22.884  -36.335 -18.9755  -27.976 -16.9079
-25.0308 -24.6989 -30.3766 -25.7936 -25.4208 -18.7893 -17.9407 -16.0542 -20.0042 -33.5714 -24.5783 -14.5996 -20.9519 -12.8309  -20.558 -27.2552 -35.2684   -34.04 -23.0291 -13.2384
-24.6961 -21.9817 -31.5426 -28.2188 -20.9399  -19.899 -10.6996 -22.7978 -16.0412 -24.5783 -56.1479 -10.6866 -21.1017 -20.3991 -24.4311 -33.1925 -24.9959 -32.6927 -24.0988 -18.4464
-6.73826 -9.92765 -16.5034 -5.94208 -12.2521 -8.00113 -8.91947 -1.49747 -17.3275 -14.5996 -10.6866 -26.6913 -12.8784 -1.87723 -7.04115 -17.1855 -23.3816 -12.7791 -6.31168 -9.07887
-18.1088  -23.476 -15.7362 -20.3109  -15.802 -15.8315 -4.26527  -3.4469 -14.4215 -20.9519 -21.1017 -12.8784 -42.8941  3.35489 -26.9876 -28.2802 -29.4547 -27.9473 -9.77056 -22.0787
-20.8416 -13.8308 -28.4695 -21.8828 -19.2008 -19.6677 -21.5552 -14.3612 -13.5272 -12.8309 -20.3991 -1.87723  3.35489 -32.3247 -8.34486 -17.6044 -19.7385 -11.7614 -25.4503 -8.44093
-38.0249 -32.4985 -23.1028 -40.1661 -23.3619 -21.2432 -7.54234 -22.4095 -10.0117  -20.558 -24.4311 -7.04115 -26.9876 -8.34486 -61.4012 -33.1016 -22.1432 -23.0685 -20.2191 -13.2271
-32.0303 -30.4691  -33.876 -33.9396 -33.0674 -30.6452 -21.1953 -26.5544  -22.884 -27.2552 -33.1925 -17.1855 -28.2802 -17.6044 -33.1016 -55.7576 -43.4116 -37.4811 -26.2226 -26.8432
-30.6525 -38.7709 -42.8916 -33.9786 -45.0841 -28.8382 -38.7438 -17.8643  -36.335 -35.2684 -24.9959 -23.3816 -29.4547 -19.7385 -22.1432 -43.4116 -70.1836 -38.1771 -39.0847 -26.6727
 -21.812 -29.5278 -24.2137 -34.7207 -29.0185 -21.0211 -14.6238 -20.4557 -18.9755   -34.04 -32.6927 -12.7791 -27.9473 -11.7614 -23.0685 -37.4811 -38.1771 -55.2855 -22.6915  -13.678
-31.6511 -26.7186 -39.7005 -37.5639 -24.9663 -23.1306 -34.6425 -18.2402  -27.976 -23.0291 -24.0988 -6.31168 -9.77056 -25.4503 -20.2191 -26.2226 -39.0847 -22.6915 -46.2754 -18.7995
-10.5684 -7.21581  -26.146 -15.8914 -9.79289  -21.944 -22.5864 -8.25518 -16.9079 -13.2384 -18.4464 -9.07887 -22.0787 -8.44093 -13.2271 -26.8432 -26.6727  -13.678 -18.7995 -40.0642
 -0.448317    2.14293 -0.0194766    0.86539    2.50047    1.47315    2.79901   0.171062    1.34685  -0.458861         -0         -0         -0         -0         -0         -0         -0         -0         -0         -0
  2.14293   1.66657   1.68555 -0.613129   1.67133   1.90687  0.303165   1.27019 -0.632985 -0.922261        -0        -0        -0        -0        -0        -0        -0        -0        -0        -0
-0.0194766    1.68555    1.36185    2.52985 -0.0791279   0.836782   0.974027    1.21781   0.411522    1.99428         -0         -0         -0         -0         -0         -0         -0         -0         -0         -0
  0.86539 -0.613129   2.52985 -0.435364   1.13242 -0.165002   2.32886   1.09193 -0.816366   1.51517        -0        -0        -0        -0        -0        -0        -0        -0        -0        -0
   2.50047    1.67133 -0.0791279    1.13242    2.26813  -0.770455   0.867801  -0.597393   0.202014     2.4066         -0         -0         -0         -0         -0         -0         -0         -0         -0         -0
  1.47315   1.90687  0.836782 -0.165002 -0.770455   1.06971   2.26385   0.48594  0.641067 -0.137914        -0        -0        -0        -0        -0        -0        -0        -0        -0        -0
  2.79901  0.303165  0.974027   2.32886  0.867801   2.26385 -0.981906 -0.421692   1.25335  0.779018        -0        -0        -0        -0        -0        -0        -0        -0        -0        -0
 0.171062   1.27019   1.21781   1.09193 -0.597393   0.48594 -0.421692   2.19561   1.95398   2.42469        -0        -0        -0        -0        -0        -0        -0        -0        -0        -0
  1.34685 -0.632985  0.411522 -0.816366  0.202014  0.641067   1.25335   1.95398 -0.721274   2.77885        -0        -0        -0        -0        -0        -0        -0        -0        -0        -0
-0.458861 -0.922261   1.99428   1.51517    2.4066 -0.137914  0.779018   2.42469   2.77885 -0.451266        -0        -0        -0        -0        -0        -0        -0        -0        -0        -0
       -0        -0        -0        -0        -0        -0        -0        -0        -0        -0  0.448317  -2.14293 0.0194766  -0.86539  -2.50047  -1.47315  -2.79901 -0.171062  -1.34685  0.458861
       -0        -0        -0        -0        -0        -0        -0        -0        -0        -0  -2.14293  -1.66657  -1.68555  0.613129  -1.67133  -1.90687 -0.303165  -1.27019  0.632985  0.922261
       -0        -0        -0        -0        -0        -0        -0        -0        -0        -0 0.0194766  -1.68555  -1.36185  -2.52985 0.0791279 -0.836782 -0.974027  -1.21781 -0.411522  -1.99428
      -0       -0       -0       -0       -0       -0       -0       -0       -0       -0 -0.86539 0.613129 -2.52985 0.435364 -1.13242 0.165002 -2.32886 -1.09193 0.816366 -1.51517
       -0        -0        -0        -0        -0        -0        -0        -0        -0        -0  -2.50047  -1.67133 0.0791279  -1.13242  -2.26813  0.770455 -0.867801  0.597393 -0.202014   -2.4066
       -0        -0        -0        -0        -0        -0        -0        -0        -0        -0  -1.47315  -1.90687 -0.836782  0.165002  0.770455  -1.06971  -2.26385  -0.48594 -0.641067  0.137914
       -0        -0        -0        -0        -0        -0        -0        -0        -0        -0  -2.79901 -0.303165 -0.974027  -2.32886 -0.867801  -2.26385  0.981906  0.421692  -1.25335 -0.779018
       -0        -0        -0        -0        -0        -0        -0        -0        -0        -0 -0.171062  -1.27019  -1.21781  -1.09193  0.597393  -0.48594  0.421692  -2.19561  -1.95398  -2.42469
       -0        -0        -0        -0        -0        -0        -0        -0        -0        -0  -1.34685  0.632985 -0.411522  0.816366 -0.202014 -0.641067  -1.25335  -1.95398  0.721274  -2.77885
       -0        -0        -0        -0        -0        -0        -0        -0        -0        -0  0.458861  0.922261  -1.99428  -1.51517   -2.4066  0.137914 -0.779018  -2.42469  -2.77885  0.451266
  1.97118   1.12481 -0.107906   1.47587   2.76907 -0.566103  0.900325   1.86319  0.586542   2.66133        -0        -0        -0        -0        -0        -0        -0        -0        -0        -0
  1.12481 -0.236004  0.632951   2.33634   1.26404 -0.261837    1.1186   1.10441   2.51195   2.68786        -0        -0        -0        -0        -0        -0        -0        -0        -0        -0
-0.107906  0.632951  0.533864   0.47723   2.69746  0.567482   1.60973   1.29991   2.78998   1.63096        -0        -0        -0        -0        -0        -0        -0        -0        -0        -0
  1.47587   2.33634   0.47723  0.294793 -0.295112  0.967762   2.37755   1.56066   2.15402   1.27105        -0        -0        -0        -0        -0        -0        -0        -0        -0        -0
  2.76907   1.26404   2.69746 -0.295112  0.800374 -0.375457    2.4134   1.80929  0.479714   2.06541        -0        -0        -0        -0        -0        -0        -0        -0        -0        -0
-0.566103 -0.261837  0.567482  0.967762 -0.375457  0.715599   2.13506 -0.899717 -0.585475   1.04436        -0        -0        -0        -0        -0        -0        -0        -0        -0        -0
 0.900325    1.1186   1.60973   2.37755    2.4134   2.13506   2.89663   2.20575 -0.130377  0.406118        -0        -0        -0        -0        -0        -0        -0        -0        -0        -0
  1.86319   1.10441   1.29991   1.56066   1.80929 -0.899717   2.20575  0.652012 -0.612059   1.96205        -0        -0        -0        -0        -0        -0        -0        -0        -0        -0
 0.586542   2.51195   2.78998   2.15402  0.479714 -0.585475 -0.130377 -0.612059  0.787534  0.974081        -0        -0        -0        -0        -0        -0        -0        -0        -0        -0
 2.66133  2.68786  1.63096  1.27105  2.06541  1.04436 0.406118  1.96205 0.974081  2.74145       -0       -0       -0       -0       -0       -0       -0       -0       -0       -0
       -0        -0        -0        -0        -0        -0        -0        -0        -0        -0  -1.97118  -1.12481  0.107906  -1.47587  -2.76907  0.566103 -0.900325  -1.86319 -0.586542  -2.66133
       -0        -0        -0        -0        -0        -0        -0        -0        -0        -0  -1.12481  0.236004 -0.632951  -2.33634  -1.26404  0.261837   -1.1186  -1.10441  -2.51195  -2.68786
       -0        -0        -0        -0        -0        -0        -0        -0        -0        -0  0.107906 -0.632951 -0.533864  -0.47723  -2.69746 -0.567482  -1.60973  -1.29991  -2.78998  -1.63096
       -0        -0        -0        -0        -0        -0        -0        -0        -0        -0  -1.47587  -2.33634  -0.47723 -0.294793  0.295112 -0.967762  -2.37755  -1.56066  -2.15402  -1.27105
       -0        -0        -0        -0        -0        -0        -0        -0        -0        -0  -2.76907  -1.26404  -2.69746  0.295112 -0.800374  0.375457   -2.4134  -1.80929 -0.479714  -2.06541
       -0        -0        -0        -0        -0        -0        -0        -0        -0        -0  0.566103  0.261837 -0.567482 -0.967762  0.375457 -0.715599  -2.13506  0.899717  0.585475  -1.04436
       -0        -0        -0        -0        -0        -0        -0        -0        -0        -0 -0.900325   -1.1186  -1.60973  -2.37755   -2.4134  -2.13506  -2.89663  -2.20575  0.130377 -0.406118
       -0        -0        -0        -0        -0        -0        -0        -0        -0        -0  -1.86319  -1.10441  -1.29991  -1.56066  -1.80929  0.899717  -2.20575 -0.652012  0.612059  -1.96205
       -0        -0        -0        -0        -0        -0        -0        -0        -0        -0 -0.586542  -2.51195  -2.78998  -2.15402 -0.479714  0.585475  0.130377  0.612059 -0.787534 -0.974081
       -0        -0        -0        -0        -0        -0        -0        -0        -0        -0  -2.66133  -2.68786  -1.63096  -1.27105  -2.06541  -1.04436 -0.406118  -1.96205 -0.974081  -2.74145
   1.99791   0.655498   -0.57029 -0.0642826    2.53285    1.52651  -0.722798    1.24196   0.588752    2.17403         -0         -0         -0         -0         -0         -0         -0         -0         -0         -0
 0.655498   2.89371  0.517093 -0.639232   2.57349 0.0323891   1.27977   1.23447   2.42383   2.76831        -0        -0        -0        -0        -0        -0        -0        -0        -0        -0
   -0.57029    0.517093      2.3354     2.91638    0.637597   -0.638361    0.986346 -0.00062585     1.19996    0.723998          -0          -0          -0          -0          -0          -0          -0          -0          -0          -0
-0.0642826  -0.639232    2.91638    1.78158    2.52096    0.86191  -0.806414    2.87956   0.950391   0.160381         -0         -0         -0         -0         -0         -0         -0         -0         -0         -0
  2.53285   2.57349  0.637597   2.52096 0.0189673  -0.90694 0.0613443  0.755425  0.285736    2.9619        -0        -0        -0        -0        -0        -0        -0        -0        -0        -0
  1.52651 0.0323891 -0.638361   0.86191  -0.90694 -0.850214   2.64493   1.01834   1.29302   1.78534        -0        -0        -0        -0        -0        -0        -0        -0        -0        -0
-0.722798   1.27977  0.986346 -0.806414 0.0613443   2.64493    2.5079 -0.435112   1.10018 -0.194686        -0        -0        -0        -0        -0        -0        -0        -0        -0        -0
    1.24196     1.23447 -0.00062585     2.87956    0.755425     1.01834   -0.435112     1.74421    0.548457     2.46979          -0          -0          -0          -0          -0          -0          -0          -0          -0          -0
0.588752  2.42383  1.19996 0.950391 0.285736  1.29302  1.10018 0.548457  2.49111  2.28341       -0       -0       -0       -0       -0       -0       -0       -0       -0       -0
  2.17403   2.76831  0.723998  0.160381    2.9619   1.78534 -0.194686   2.46979   2.28341   2.50694        -0        -0        -0        -0        -0        -0        -0        -0        -0        -0
       -0        -0        -0        -0        -0        -0        -0        -0        -0        -0  -1.99791 -0.655498   0.57029 0.0642826  -2.53285  -1.52651  0.722798  -1.24196 -0.588752  -2.17403
        -0         -0         -0         -0         -0         -0         -0         -0         -0         -0  -0.655498   -2.89371  -0.517093   0.639232   -2.57349 -0.0323891   -1.27977   -1.23447   -2.42383   -2.76831
        -0         -0         -0         -0         -0         -0         -0         -0         -0         -0    0.57029  -0.517093    -2.3354   -2.91638  -0.637597   0.638361  -0.986346 0.00062585   -1.19996  -0.723998
       -0        -0        -0        -0        -0        -0        -0        -0        -0        -0 0.0642826  0.639232  -2.91638  -1.78158  -2.52096  -0.86191  0.806414  -2.87956 -0.950391 -0.160381
        -0         -0         -0         -0         -0         -0         -0         -0         -0         -0   -2.53285   -2.57349  -0.637597   -2.52096 -0.0189673    0.90694 -0.0613443  -0.755425  -0.285736    -2.9619
        -0         -0         -0         -0         -0         -0         -0         -0         -0         -0   -1.52651 -0.0323891   0.638361   -0.86191    0.90694   0.850214   -2.64493   -1.01834   -1.29302   -1.78534
        -0         -0         -0         -0         -0         -0         -0         -0         -0         -0   0.722798   -1.27977  -0.986346   0.806414 -0.0613443   -2.64493    -2.5079   0.435112   -1.10018   0.194686
        -0         -0         -0         -0         -0         -0         -0         -0         -0         -0   -1.24196   -1.23447 0.00062585   -2.87956  -0.755425   -1.01834   0.435112   -1.74421  -0.548457   -2.46979
       -0        -0        -0        -0        -0        -0        -0        -0        -0        -0 -0.588752  -2.42383  -1.19996 -0.950391 -0.285736  -1.29302  -1.10018 -0.548457  -2.49111  -2.28341
       -0        -0        -0        -0        -0        -0        -0        -0        -0        -0  -2.17403  -2.76831 -0.723998 -0.160381   -2.9619  -1.78534  0.194686  -2.46979  -2.28341  -2.50694
 -0.10432   2.13739   2.32459   2.71539  0.836313   2.24407 -0.990573  0.834699    1.8201 -0.842567        -0        -0        -0        -0        -0        -0        -0        -0        -0        -0
  2.13739   2.82979   1.24276   2.21715   2.15488 -0.990422 -0.770396   1.49828  0.731044 -0.681966        -0        -0        -0        -0        -0        -0        -0        -0        -0        -0
   2.32459    1.24276    1.88978  -0.357283    2.02445 -0.0973892    1.52416   0.872159    1.35836   -0.22772         -0         -0         -0         -0         -0         -0         -0         -0         -0         -0
  2.71539   2.21715 -0.357283  0.456799   1.07085   1.13385 -0.347855 -0.140847   2.72271   1.68159        -0        -0        -0        -0        -0        -0        -0        -0        -0        -0
  0.836313    2.15488    2.02445    1.07085  -0.507774  0.0581618   0.686403  -0.430868     2.8649 -0.0298213         -0         -0         -0         -0         -0         -0         -0         -0         -0         -0
   2.24407  -0.990422 -0.0973892    1.13385  0.0581618  -0.694246    2.63637    1.36438    2.41652    1.45868         -0         -0         -0         -0         -0         -0         -0         -0         -0         -0
-0.990573 -0.770396   1.52416 -0.347855  0.686403   2.63637    1.6998  0.663788 -0.971535   1.31796        -0        -0        -0        -0        -0        -0        -0        -0        -0        -0
 0.834699   1.49828  0.872159 -0.140847 -0.430868   1.36438  0.663788 -0.839748 -0.149572   2.66998        -0        -0        -0        -0        -0        -0        -0        -0        -0        -0
   1.8201  0.731044   1.35836   2.72271    2.8649   2.41652 -0.971535 -0.149572 -0.691393 0.0987159        -0        -0        -0        -0        -0        -0        -0        -0        -0        -0
 -0.842567  -0.681966   -0.22772    1.68159 -0.0298213    1.45868    1.31796    2.66998  0.0987159    1.97993         -0         -0         -0         -0         -0         -0         -0         -0         -0         -0
       -0        -0        -0        -0        -0        -0        -0        -0        -0        -0   0.10432  -2.13739  -2.32459  -2.71539 -0.836313  -2.24407  0.990573 -0.834699   -1.8201  0.842567
       -0        -0        -0        -0        -0        -0        -0        -0        -0        -0  -2.13739  -2.82979  -1.24276  -2.21715  -2.15488  0.990422  0.770396  -1.49828 -0.731044  0.681966
       -0        -0        -0        -0        -0        -0        -0        -0        -0        -0  -2.32459  -1.24276  -1.88978  0.357283  -2.02445 0.0973892  -1.52416 -0.872159  -1.35836   0.22772
       -0        -0        -0        -0        -0        -0        -0        -0        -0        -0  -2.71539  -2.21715  0.357283 -0.456799  -1.07085  -1.13385  0.347855  0.140847  -2.72271  -1.68159
        -0         -0         -0         -0         -0         -0         -0         -0         -0         -0  -0.836313   -2.15488   -2.02445   -1.07085   0.507774 -0.0581618  -0.686403   0.430868    -2.8649  0.0298213
        -0         -0         -0         -0         -0         -0         -0         -0         -0         -0   -2.24407   0.990422  0.0973892   -1.13385 -0.0581618   0.694246   -2.63637   -1.36438   -2.41652   -1.45868
       -0        -0        -0        -0        -0        -0        -0        -0        -0        -0  0.990573  0.770396  -1.52416  0.347855 -0.686403  -2.63637   -1.6998 -0.663788  0.971535  -1.31796
       -0        -0        -0        -0        -0        -0        -0        -0        -0        -0 -0.834699  -1.49828 -0.872159  0.140847  0.430868  -1.36438 -0.663788  0.839748  0.149572  -2.66998
        -0         -0         -0         -0         -0         -0         -0         -0         -0         -0    -1.8201  -0.731044   -1.35836   -2.72271    -2.8649   -2.41652   0.971535   0.149572   0.691393 -0.0987159
        -0         -0         -0         -0         -0         -0         -0         -0         -0         -0   0.842567   0.681966    0.22772   -1.68159  0.0298213   -1.45868   -1.31796   -2.66998 -0.0987159   -1.97993
  1.38726   2.80513  0.321547   2.69406  0.228079   2.27082  0.603296   1.67183 -0.245635 -0.874487        -0        -0        -0        -0        -0        -0        -0        -0        -0        -0
  2.80513 0.0276951   2.71458  0.234072  0.638699  0.305731 -0.147267   2.57406   1.49262   1.57689        -0        -0        -0        -0        -0        -0        -0        -0        -0        -0
 0.321547   2.71458   1.20665 -0.415359   1.45491   1.04836 -0.264813   1.03741  0.621969  0.258665        -0        -0        -0        -0        -0        -0        -0        -0        -0        -0
  2.69406  0.234072 -0.415359  0.172274 -0.930095  0.477473   1.18794  0.126741   1.80273   -0.1393        -0        -0        -0        -0        -0        -0        -0        -0        -0        -0
 0.228079  0.638699   1.45491 -0.930095   2.80219   2.39956   1.02501   2.64396   2.97009  -0.23517        -0        -0        -0        -0        -0        -0        -0        -0        -0        -0
  2.27082  0.305731   1.04836  0.477473   2.39956 -0.555464   1.22868  0.839599 0.0215275   2.28367        -0        -0        -0        -0        -0        -0        -0        -0        -0        -0
 0.603296 -0.147267 -0.264813   1.18794   1.02501   1.22868   1.56515 -0.667946   2.24726   2.08938        -0        -0        -0        -0        -0        -0        -0        -0        -0        -0
  1.67183   2.57406   1.03741  0.126741   2.64396  0.839599 -0.667946   1.42059 -0.375601   2.32998        -0        -0        -0        -0        -0        -0        -0        -0        -0        -0
 -0.245635    1.49262   0.621969    1.80273    2.97009  0.0215275    2.24726  -0.375601 -0.0264032  -0.471704         -0         -0         -0         -0         -0         -0         -0         -0         -0         -0
-0.874487   1.57689  0.258665   -0.1393  -0.23517   2.28367   2.08938   2.32998 -0.471704  0.435355        -0        -0        -0        -0        -0        -0        -0        -0        -0        -0
       -0        -0        -0        -0        -0        -0        -0        -0        -0        -0  -1.38726  -2.80513 -0.321547  -2.69406 -0.228079  -2.27082 -0.603296  -1.67183  0.245635  0.874487
        -0         -0         -0         -0         -0         -0         -0         -0         -0         -0   -2.80513 -0.0276951   -2.71458  -0.234072  -0.638699  -0.305731   0.147267   -2.57406   -1.49262   -1.57689
       -0        -0        -0        -0        -0        -0        -0        -0        -0        -0 -0.321547  -2.71458  -1.20665  0.415359  -1.45491  -1.04836  0.264813  -1.03741 -0.621969 -0.258665
       -0        -0        -0        -0        -0        -0        -0        -0        -0        -0  -2.69406 -0.234072  0.415359 -0.172274  0.930095 -0.477473  -1.18794 -0.126741  -1.80273    0.1393
       -0        -0        -0        -0        -0        -0        -0        -0        -0        -0 -0.228079 -0.638699  -1.45491  0.930095  -2.80219  -2.39956  -1.02501  -2.64396  -2.97009   0.23517
        -0         -0         -0         -0         -0         -0         -0         -0         -0         -0   -2.27082  -0.305731   -1.04836  -0.477473   -2.39956   0.555464   -1.22868  -0.839599 -0.0215275   -2.28367
       -0        -0        -0        -0        -0        -0        -0        -0        -0        -0 -0.603296  0.147267  0.264813  -1.18794  -1.02501  -1.22868  -1.56515  0.667946  -2.24726  -2.08938
       -0        -0        -0        -0        -0        -0        -0        -0        -0        -0  -1.67183  -2.57406  -1.03741 -0.126741  -2.64396 -0.839599  0.667946  -1.42059  0.375601  -2.32998
        -0         -0         -0         -0         -0         -0         -0         -0         -0         -0   0.245635   -1.49262  -0.621969   -1.80273   -2.97009 -0.0215275   -2.24726   0.375601  0.0264032   0.471704
       -0        -0        -0        -0        -0        -0        -0        -0        -0        -0  0.874487  -1.57689 -0.258665    0.1393   0.23517  -2.28367  -2.08938  -2.32998  0.471704 -0.435355
   2.72868 -0.0248373    1.28424    2.42555    2.19192    2.32401  -0.491416    2.75914    2.02992   0.782492         -0         -0         -0         -0         -0         -0         -0         -0         -0         -0
-0.0248373    2.82832    1.04012    1.99264  -0.484035    1.78422    1.07355 -0.0011991     2.1711   0.645045         -0         -0         -0         -0         -0         -0         -0         -0         -0         -0
 1.28424  1.04012  2.16915  1.55501  2.99062 0.756971 -0.31627  1.00224 0.655625  1.16622       -0       -0       -0       -0       -0       -0       -0       -0       -0       -0
  2.42555   1.99264   1.55501 -0.565035 -0.487969   1.49316   2.06359   2.74976 -0.213106   1.46622        -0        -0        -0        -0        -0        -0        -0        -0        -0        -0
  2.19192 -0.484035   2.99062 -0.487969    2.1131   1.32713   1.50851  0.510832  0.664261 -0.291365        -0        -0        -0        -0        -0        -0        -0        -0        -0        -0
  2.32401   1.78422  0.756971   1.49316   1.32713 -0.342208  0.442461  0.115333   2.98275 -0.325266        -0        -0        -0        -0        -0        -0        -0        -0        -0        -0
-0.491416   1.07355  -0.31627   2.06359   1.50851  0.442461  0.945468   1.37143  0.444685   2.90868        -0        -0        -0        -0        -0        -0        -0        -0        -0        -0
   2.75914 -0.0011991    1.00224    2.74976   0.510832   0.115333    1.37143    2.31307    -0.9086     1.6541         -0         -0         -0         -0         -0         -0         -0         -0         -0         -0
  2.02992    2.1711  0.655625 -0.213106  0.664261   2.98275  0.444685   -0.9086  0.136461 -0.728419        -0        -0        -0        -0        -0        -0        -0        -0        -0        -0
 0.782492  0.645045   1.16622   1.46622 -0.291365 -0.325266   2.90868    1.6541 -0.728419  0.715567        -0        -0        -0        -0        -0        -0        -0        -0        -0        -0
       -0        -0        -0        -0        -0        -0        -0        -0        -0        -0  -2.72868 0.0248373  -1.28424  -2.42555  -2.19192  -2.32401  0.491416  -2.75914  -2.02992 -0.782492
       -0        -0        -0        -0        -0        -0        -0        -0        -0        -0 0.0248373  -2.82832  -1.04012  -1.99264  0.484035  -1.78422  -1.07355 0.0011991   -2.1711 -0.645045
       -0        -0        -0        -0        -0        -0        -0        -0        -0        -0  -1.28424  -1.04012  -2.16915  -1.55501  -2.99062 -0.756971   0.31627  -1.00224 -0.655625  -1.16622
      -0       -0       -0       -0       -0       -0       -0       -0       -0       -0 -2.42555 -1.99264 -1.55501 0.565035 0.487969 -1.49316 -2.06359 -2.74976 0.213106 -1.46622
       -0        -0        -0        -0        -0        -0        -0        -0        -0        -0  -2.19192  0.484035  -2.99062  0.487969   -2.1131  -1.32713  -1.50851 -0.510832 -0.664261  0.291365
       -0        -0        -0        -0        -0        -0        -0        -0        -0        -0  -2.32401  -1.78422 -0.756971  -1.49316  -1.32713  0.342208 -0.442461 -0.115333  -2.98275  0.325266
       -0        -0        -0        -0        -0        -0        -0        -0        -0        -0  0.491416  -1.07355   0.31627  -2.06359  -1.50851 -0.442461 -0.945468  -1.37143 -0.444685  -2.90868
       -0        -0        -0        -0        -0        -0        -0        -0        -0        -0  -2.75914 0.0011991  -1.00224  -2.74976 -0.510832 -0.115333  -1.37143  -2.31307    0.9086   -1.6541
       -0        -0        -0        -0        -0        -0        -0        -0        -0        -0  -2.02992   -2.1711 -0.655625  0.213106 -0.664261  -2.98275 -0.444685    0.9086 -0.136461  0.728419
       -0        -0        -0        -0        -0        -0        -0        -0        -0        -0 -0.782492 -0.645045  -1.16622  -1.46622  0.291365  0.325266  -2.90868   -1.6541  0.728419 -0.715567
-0.859627 0.0233108 -0.107547  0.904755  0.451887 -0.869816   1.79519  0.734977   2.46174    2.5689        -0        -0        -0        -0        -0        -0        -0        -0        -0        -0
 0.0233108     1.5682   0.814283 -0.0536936    1.99141    2.99811    2.88893  -0.634892   0.739168    1.73761         -0         -0         -0         -0         -0         -0         -0         -0         -0         -0
-0.107547  0.814283  0.443195 -0.964288   1.95079  0.514485  0.477449    2.6066   1.09543  -0.35568        -0        -0        -0        -0        -0        -0        -0        -0        -0        -0
  0.904755 -0.0536936  -0.964288  -0.380877    2.72802   0.573379     1.8309  -0.314229 -0.0237785  0.0463479         -0         -0         -0         -0         -0         -0         -0         -0         -0         -0
 0.451887   1.99141   1.95079   2.72802  0.670346   2.05679 -0.491945 -0.906874   2.31255   0.56851        -0        -0        -0        -0        -0        -0        -0        -0        -0        -0
-0.869816   2.99811  0.514485  0.573379   2.05679  0.794989 -0.433636   0.27695  0.152219  0.152375        -0        -0        -0        -0        -0        -0        -0        -0        -0        -0
  1.79519   2.88893  0.477449    1.8309 -0.491945 -0.433636   1.64709   1.99166   1.77121  0.612712        -0        -0        -0        -0        -0        -0        -0        -0        -0        -0
 0.734977 -0.634892    2.6066 -0.314229 -0.906874   0.27695   1.99166   2.76154   2.03776 -0.784395        -0        -0        -0        -0        -0        -0        -0        -0        -0        -0
   2.46174   0.739168    1.09543 -0.0237785    2.31255   0.152219    1.77121    2.03776    2.94242    1.50475         -0         -0         -0         -0         -0         -0         -0         -0         -0         -0
   2.5689   1.73761  -0.35568 0.0463479   0.56851  0.152375  0.612712 -0.784395   1.50475 -0.474067        -0        -0        -0        -0        -0        -0        -0        -0        -0        -0
        -0         -0         -0         -0         -0         -0         -0         -0         -0         -0   0.859627 -0.0233108   0.107547  -0.904755  -0.451887   0.869816   -1.79519  -0.734977   -2.46174    -2.5689
        -0         -0         -0         -0         -0         -0         -0         -0         -0         -0 -0.0233108    -1.5682  -0.814283  0.0536936   -1.99141   -2.99811   -2.88893   0.634892  -0.739168   -1.73761
       -0        -0        -0        -0        -0        -0        -0        -0        -0        -0  0.107547 -0.814283 -0.443195  0.964288  -1.95079 -0.514485 -0.477449   -2.6066  -1.09543   0.35568
        -0         -0         -0         -0         -0         -0         -0         -0         -0         -0  -0.904755  0.0536936   0.964288   0.380877   -2.72802  -0.573379    -1.8309   0.314229  0.0237785 -0.0463479
       -0        -0        -0        -0        -0        -0        -0        -0        -0        -0 -0.451887  -1.99141  -1.95079  -2.72802 -0.670346  -2.05679  0.491945  0.906874  -2.31255  -0.56851
       -0        -0        -0        -0        -0        -0        -0        -0        -0        -0  0.869816  -2.99811 -0.514485 -0.573379  -2.05679 -0.794989  0.433636  -0.27695 -0.152219 -0.152375
       -0        -0        -0        -0        -0        -0        -0        -0        -0        -0  -1.79519  -2.88893 -0.477449   -1.8309  0.491945  0.433636  -1.64709  -1.99166  -1.77121 -0.612712
       -0        -0        -0        -0        -0        -0        -0        -0        -0        -0 -0.734977  0.634892   -2.6066  0.314229  0.906874  -0.27695  -1.99166  -2.76154  -2.03776  0.784395
       -0        -0        -0        -0        -0        -0        -0        -0        -0        -0  -2.46174 -0.739168  -1.09543 0.0237785  -2.31255 -0.152219  -1.77121  -2.03776  -2.94242  -1.50475
        -0         -0         -0         -0         -0         -0         -0         -0         -0         -0    -2.5689   -1.73761    0.35568 -0.0463479   -0.56851  -0.152375  -0.612712   0.784395   -1.50475   0.474067
-0.169201   1.01447 -0.289741    1.1667 -0.967842   1.68514   2.71708   2.58703   2.60363   1.36181        -0        -0        -0        -0        -0        -0        -0        -0        -0        -0
  1.01447 -0.792561   1.98171   1.55706 -0.891426   1.84384   2.69977  -0.84328  0.732356   1.35909        -0        -0        -0        -0        -0        -0        -0        -0        -0        -0
  -0.289741     1.98171     2.94215     0.25144 -0.00495007     2.86424   -0.578724    0.348136     2.73821   -0.407001          -0          -0          -0          -0          -0          -0          -0          -0          -0          -0
    1.1667    1.55706    0.25144    2.05774  0.0946643    1.62729 -0.0314781  -0.417918    2.46787    1.78309         -0         -0         -0         -0         -0         -0         -0         -0         -0         -0
  -0.967842   -0.891426 -0.00495007   0.0946643   -0.781522   -0.801581     1.75751    0.251384   -0.640353     2.32761          -0          -0          -0          -0          -0          -0          -0          -0          -0          -0
  1.68514   1.84384   2.86424   1.62729 -0.801581    2.8923   2.41574  0.566614   2.93663   2.35051        -0        -0        -0        -0        -0        -0        -0        -0        -0        -0
   2.71708    2.69977  -0.578724 -0.0314781    1.75751    2.41574    2.14546    1.76079    2.36017    1.19883         -0         -0         -0         -0         -0         -0         -0         -0         -0         -0
  2.58703  -0.84328  0.348136 -0.417918  0.251384  0.566614   1.76079    1.7211 -0.502404   1.47307        -0        -0        -0        -0        -0        -0        -0        -0        -0        -0
  2.60363  0.732356   2.73821   2.46787 -0.640353   2.93663   2.36017 -0.502404   1.64201   1.14993        -0        -0        -0        -0        -0        -0        -0        -0        -0        -0
  1.36181   1.35909 -0.407001   1.78309   2.32761   2.35051   1.19883   1.47307   1.14993   1.32339        -0        -0        -0        -0        -0        -0        -0        -0        -0        -0
      -0       -0       -0       -0       -0       -0       -0       -0       -0       -0 0.169201 -1.01447 0.289741  -1.1667 0.967842 -1.68514 -2.71708 -2.58703 -2.60363 -1.36181
       -0        -0        -0        -0        -0        -0        -0        -0        -0        -0  -1.01447  0.792561  -1.98171  -1.55706  0.891426  -1.84384  -2.69977   0.84328 -0.732356  -1.35909
        -0         -0         -0         -0         -0         -0         -0         -0         -0         -0   0.289741   -1.98171   -2.94215   -0.25144 0.00495007   -2.86424   0.578724  -0.348136   -2.73821   0.407001
        -0         -0         -0         -0         -0         -0         -0         -0         -0         -0    -1.1667   -1.55706   -0.25144   -2.05774 -0.0946643   -1.62729  0.0314781   0.417918   -2.46787   -1.78309
        -0         -0         -0         -0         -0         -0         -0         -0         -0         -0   0.967842   0.891426 0.00495007 -0.0946643   0.781522   0.801581   -1.75751  -0.251384   0.640353   -2.32761
       -0        -0        -0        -0        -0        -0        -0        -0        -0        -0  -1.68514  -1.84384  -2.86424  -1.62729  0.801581   -2.8923  -2.41574 -0.566614  -2.93663  -2.35051
       -0        -0        -0        -0        -0        -0        -0        -0        -0        -0  -2.71708  -2.69977  0.578724 0.0314781  -1.75751  -2.41574  -2.14546  -1.76079  -2.36017  -1.19883
       -0        -0        -0        -0        -0        -0        -0        -0        -0        -0  -2.58703   0.84328 -0.348136  0.417918 -0.251384 -0.566614  -1.76079   -1.7211  0.502404  -1.47307
       -0        -0        -0        -0        -0        -0        -0        -0        -0        -0  -2.60363 -0.732356  -2.73821  -2.46787  0.640353  -2.93663  -2.36017  0.502404  -1.64201  -1.14993
      -0       -0       -0       -0       -0       -0       -0       -0       -0       -0 -1.36181 -1.35909 0.407001 -1.78309 -2.32761 -2.35051 -1.19883 -1.47307 -1.14993 -1.32339
  2.71264  0.974209  0.777496  0.931317  0.526231   1.63353 -0.199952  0.688211 0.0748182 -0.750553        -0        -0        -0        -0        -0        -0        -0        -0        -0        -0
 0.974209   1.05623   1.62601 -0.836529   1.98099  -0.16239   1.53834   1.47785   2.99206    0.3508        -0        -0        -0        -0        -0        -0        -0        -0        -0        -0
 0.777496   1.62601   1.65015  0.607899  -0.34825      2.59   2.87574   1.32266 -0.586466 -0.190722        -0        -0        -0        -0        -0        -0        -0        -0        -0        -0
  0.931317  -0.836529   0.607899  -0.588572 -0.0668119   0.283677    1.40795    1.33996  -0.335181  -0.874811         -0         -0         -0         -0         -0         -0         -0         -0         -0         -0
  0.526231    1.98099   -0.34825 -0.0668119  -0.306589    2.20811    1.94977    2.41104   0.275739    2.75875         -0         -0         -0         -0         -0         -0         -0         -0         -0         -0
     1.63353     -0.16239         2.59     0.283677      2.20811 -0.000902695    0.0999857      2.01607      2.62164      2.75905           -0           -0           -0           -0           -0           -0           -0           -0           -0           -0
-0.199952   1.53834   2.87574   1.40795   1.94977 0.0999857   1.33489  -0.48419  0.663916  0.225175        -0        -0        -0        -0        -0        -0        -0        -0        -0        -0
 0.688211   1.47785   1.32266   1.33996   2.41104   2.01607  -0.48419 -0.889173 -0.462824   1.09364        -0        -0        -0        -0        -0        -0        -0        -0        -0        -0
0.0748182   2.99206 -0.586466 -0.335181  0.275739   2.62164  0.663916 -0.462824 -0.449249   1.85173        -0        -0        -0        -0        -0        -0        -0        -0        -0        -0
-0.750553    0.3508 -0.190722 -0.874811   2.75875   2.75905  0.225175   1.09364   1.85173   1.17679        -0        -0        -0        -0        -0        -0        -0        -0        -0        -0
        -0         -0         -0         -0         -0         -0         -0         -0         -0         -0   -2.71264  -0.974209  -0.777496  -0.931317  -0.526231   -1.63353   0.199952  -0.688211 -0.0748182   0.750553
       -0        -0        -0        -0        -0        -0        -0        -0        -0        -0 -0.974209  -1.05623  -1.62601  0.836529  -1.98099   0.16239  -1.53834  -1.47785  -2.99206   -0.3508
       -0        -0        -0        -0        -0        -0        -0        -0        -0        -0 -0.777496  -1.62601  -1.65015 -0.607899   0.34825     -2.59  -2.87574  -1.32266  0.586466  0.190722
       -0        -0        -0        -0        -0        -0        -0        -0        -0        -0 -0.931317  0.836529 -0.607899  0.588572 0.0668119 -0.283677  -1.40795  -1.33996  0.335181  0.874811
       -0        -0        -0        -0        -0        -0        -0        -0        -0        -0 -0.526231  -1.98099   0.34825 0.0668119  0.306589  -2.20811  -1.94977  -2.41104 -0.275739  -2.75875
         -0          -0          -0          -0          -0          -0          -0          -0          -0          -0    -1.63353     0.16239       -2.59   -0.283677    -2.20811 0.000902695  -0.0999857    -2.01607    -2.62164    -2.75905
