20
1
20
-0.0531044   0.323717  -0.217255 -0.0325641    0.24236  -0.199613  -0.166206 -0.0740579  0.0409889   -0.15067  0.0309175  -0.389995   0.175376   0.215635   0.505121   0.179594   0.098336  -0.132498   0.312917  -0.212607
-52.8412 -18.7267 -19.6737   -26.11 -18.4553 -8.65732 -35.6922  -25.055 -29.1484   -30.57 -18.1132 -15.9764 -40.0241  -5.6062 -20.1785 -23.0283 -28.5723 -29.5938 -14.3452  -29.251
-18.7267 -52.3844 -20.3521 -26.6936 -18.4206 -30.5901 -32.6865   -14.53 -38.1398 -13.8997 -26.8001 -30.9326 -35.5965 -22.1773 -16.4428 -5.65589 -15.0549 -31.7845 -22.0012 -32.7821
-19.6737 -20.3521 -39.3283 -19.1471 -15.4911 -18.0834 -23.9359 -13.8338 -18.6046 -18.8383 -28.9506 -25.8243 -18.9804 -9.44768 -12.0707 -20.1412 -15.8608  -21.998 -8.78957 -25.7549
   -26.11  -26.6936  -19.1471  -45.3739  -13.4341  -23.7502  -37.0168  -12.4839   -26.264  -16.4921  -32.9479  -26.1553  -28.1873 -0.838903   -19.695  -12.8631   -11.879  -32.8382  -11.0982  -30.9966
-18.4553 -18.4206 -15.4911 -13.4341 -40.1592 -18.3373 -22.3454 -12.2854 -24.6176 -8.94387 -24.8453 -21.6912 -25.5661  -9.1109 -6.63476 -1.11654 -13.1297 -26.2875  1.88723 -20.5545
-8.65732 -30.5901 -18.0834 -23.7502 -18.3373 -47.6581 -27.1312 -21.1052 -26.5087 -9.13263 -32.8405 -28.6883 -22.0396 -15.7549  -28.126 -4.76237 0.534589 -28.6435 -3.90123 -26.5694
-35.6922 -32.6865 -23.9359 -37.0168 -22.3454 -27.1312 -59.3449 -27.1813 -40.0853  -34.114 -36.2959 -34.4189 -45.2653 -14.0792 -20.0998 -16.8818 -25.8296 -37.2871 -13.3065 -37.0356
 -25.055   -14.53 -13.8338 -12.4839 -12.2854 -21.1052 -27.1813 -52.5401 -10.4033 -19.0259 -10.9327 -21.7699 -32.1264  2.31139 -13.3479 -16.1137 -15.7348 -11.5516 -4.48945 -24.7837
-29.1484 -38.1398 -18.6046  -26.264 -24.6176 -26.5087 -40.0853 -10.4033 -57.4776 -25.2183 -31.5293 -32.0295  -41.016 -25.6401 -22.3987 -10.1158 -18.6858 -36.5449 -18.3169 -29.8221
  -30.57 -13.8997 -18.8383 -16.4921 -8.94387 -9.13263  -34.114 -19.0259 -25.2183 -53.5915 -24.9557 -17.2793 -26.4382 -24.5114 -24.5898 -27.3262 -24.5287 -31.0305 -24.4023 -26.9093
-18.1132 -26.8001 -28.9506 -32.9479 -24.8453 -32.8405 -36.2959 -10.9327 -31.5293 -24.9557  -54.022 -37.4389 -29.8612 -20.7187 -26.9136 -17.4898 -7.72824 -38.6534 -10.5836 -31.2386
-15.9764 -30.9326 -25.8243 -26.1553 -21.6912 -28.6883 -34.4189 -21.7699 -32.0295 -17.2793 -37.4389  -53.351 -38.2848 -16.0442 -15.0668 -12.3262 -11.4178 -30.5883 -6.21998  -33.507
-40.0241 -35.5965 -18.9804 -28.1873 -25.5661 -22.0396 -45.2653 -32.1264  -41.016 -26.4382 -29.8612 -38.2848 -63.2483 -14.8303 -22.9607 -12.3644 -19.5666 -29.7607 -11.5237  -34.811
  -5.6062  -22.1773  -9.44768 -0.838903   -9.1109  -15.7549  -14.0792   2.31139  -25.6401  -24.5114  -20.7187  -16.0442  -14.8303  -42.2091  -18.8525  -5.24305  -8.20465    -17.32  -16.3982  -11.8467
-20.1785 -16.4428 -12.0707  -19.695 -6.63476  -28.126 -20.0998 -13.3479 -22.3987 -24.5898 -26.9136 -15.0668 -22.9607 -18.8525 -52.2497 -8.97282  3.48344 -26.7478 -8.29937 -23.3459
-23.0283 -5.65589 -20.1412 -12.8631 -1.11654 -4.76237 -16.8818 -16.1137 -10.1158 -27.3262 -17.4898 -12.3262 -12.3644 -5.24305 -8.97282 -36.4785 -17.8645 -17.4515 -20.9296 -19.3396
-28.5723 -15.0549 -15.8608  -11.879 -13.1297 0.534589 -25.8296 -15.7348 -18.6858 -24.5287 -7.72824 -11.4178 -19.5666 -8.20465  3.48344 -17.8645 -39.5012 -17.2364  -17.041 -19.1612
-29.5938 -31.7845  -21.998 -32.8382 -26.2875 -28.6435 -37.2871 -11.5516 -36.5449 -31.0305 -38.6534 -30.5883 -29.7607   -17.32 -26.7478 -17.4515 -17.2364 -59.8667  -18.022 -40.0385
-14.3452 -22.0012 -8.78957 -11.0982  1.88723 -3.90123 -13.3065 -4.48945 -18.3169 -24.4023 -10.5836 -6.21998 -11.5237 -16.3982 -8.29937 -20.9296  -17.041  -18.022 -41.7196 -15.3745
 -29.251 -32.7821 -25.7549 -30.9966 -20.5545 -26.5694 -37.0356 -24.7837 -29.8221 -26.9093 -31.2386  -33.507  -34.811 -11.8467 -23.3459 -19.3396 -19.1612 -40.0385 -15.3745  -49.374
   2.86672    1.54219  -0.778125    2.09996 -0.0160573    2.90228   0.163258  -0.508943   0.864466    2.64831         -0         -0         -0         -0         -0         -0         -0         -0         -0         -0
  1.54219   1.31276   2.38227   2.02253    2.2886   1.31448    1.4556  0.494193   2.10186 -0.874085        -0        -0        -0        -0        -0        -0        -0        -0        -0        -0
-0.778125   2.38227   2.14113    2.5653   0.38214   1.96258  0.351952   1.75621   1.93016   2.02046        -0        -0        -0        -0        -0        -0        -0        -0        -0        -0
   2.09996    2.02253     2.5653  -0.190578    1.09283    2.04341  -0.271441   0.873198  -0.172955 0.00026198         -0         -0         -0         -0         -0         -0         -0         -0         -0         -0
-0.0160573     2.2886    0.38214    1.09283    1.57423  -0.638018    2.26502    2.58703    1.14527  -0.145527         -0         -0         -0         -0         -0         -0         -0         -0         -0         -0
  2.90228   1.31448   1.96258   2.04341 -0.638018 -0.617822   2.25328  0.330436   2.29214   1.28548        -0        -0        -0        -0        -0        -0        -0        -0        -0        -0
 0.163258    1.4556  0.351952 -0.271441   2.26502   2.25328   1.72121   1.52308  0.209223 -0.746458        -0        -0        -0        -0        -0        -0        -0        -0        -0        -0
-0.508943  0.494193   1.75621  0.873198   2.58703  0.330436   1.52308   1.28415  0.318885   2.57568        -0        -0        -0        -0        -0        -0        -0        -0        -0        -0
 0.864466   2.10186   1.93016 -0.172955   1.14527   2.29214  0.209223  0.318885   1.96266   2.70716        -0        -0        -0        -0        -0        -0        -0        -0        -0        -0
   2.64831  -0.874085    2.02046 0.00026198  -0.145527    1.28548  -0.746458    2.57568    2.70716  -0.236208         -0         -0         -0         -0         -0         -0         -0         -0         -0         -0
       -0        -0        -0        -0        -0        -0        -0        -0        -0        -0  -2.86672  -1.54219  0.778125  -2.09996 0.0160573  -2.90228 -0.163258  0.508943 -0.864466  -2.64831
       -0        -0        -0        -0        -0        -0        -0        -0        -0        -0  -1.54219  -1.31276  -2.38227  -2.02253   -2.2886  -1.31448   -1.4556 -0.494193  -2.10186  0.874085
       -0        -0        -0        -0        -0        -0        -0        -0        -0        -0  0.778125  -2.38227  -2.14113   -2.5653  -0.38214  -1.96258 -0.351952  -1.75621  -1.93016  -2.02046
         -0          -0          -0          -0          -0          -0          -0          -0          -0          -0    -2.09996    -2.02253     -2.5653    0.190578    -1.09283    -2.04341    0.271441   -0.873198    0.172955 -0.00026198
       -0        -0        -0        -0        -0        -0        -0        -0        -0        -0 0.0160573   -2.2886  -0.38214  -1.09283  -1.57423  0.638018  -2.26502  -2.58703  -1.14527  0.145527
       -0        -0        -0        -0        -0        -0        -0        -0        -0        -0  -2.90228  -1.31448  -1.96258  -2.04341  0.638018  0.617822  -2.25328 -0.330436  -2.29214  -1.28548
       -0        -0        -0        -0        -0        -0        -0        -0        -0        -0 -0.163258   -1.4556 -0.351952  0.271441  -2.26502  -2.25328  -1.72121  -1.52308 -0.209223  0.746458
       -0        -0        -0        -0        -0        -0        -0        -0        -0        -0  0.508943 -0.494193  -1.75621 -0.873198  -2.58703 -0.330436  -1.52308  -1.28415 -0.318885  -2.57568
       -0        -0        -0        -0        -0        -0        -0        -0        -0        -0 -0.864466  -2.10186  -1.93016  0.172955  -1.14527  -2.29214 -0.209223 -0.318885  -1.96266  -2.70716
         -0          -0          -0          -0          -0          -0          -0          -0          -0          -0    -2.64831    0.874085    -2.02046 -0.00026198    0.145527    -1.28548    0.746458    -2.57568    -2.70716    0.236208
 2.04329 0.210169 -0.40524  1.56143 0.253426  2.65005  2.35631  2.88139   1.5668  1.13688       -0       -0       -0       -0       -0       -0       -0       -0       -0       -0
 0.210169  0.993631 -0.456167  0.994483  0.682128 -0.767443  0.603953   1.46361   0.92137 0.0994161        -0        -0        -0        -0        -0        -0        -0        -0        -0        -0
 -0.40524 -0.456167   1.52104  0.806061 -0.212777   2.70079   1.49229   2.19393 -0.853139 -0.841048        -0        -0        -0        -0        -0        -0        -0        -0        -0        -0
  1.56143  0.994483  0.806061 -0.180585    1.6848    1.1711  0.162376 -0.331391   1.26759  -0.37083        -0        -0        -0        -0        -0        -0        -0        -0        -0        -0
 0.253426  0.682128 -0.212777    1.6848  0.822456   2.84777   1.42337  0.148407 -0.907534   1.26179        -0        -0        -0        -0        -0        -0        -0        -0        -0        -0
  2.65005 -0.767443   2.70079    1.1711   2.84777  0.244886   1.28627 0.0163904   2.99463   1.58232        -0        -0        -0        -0        -0        -0        -0        -0        -0        -0
  2.35631  0.603953   1.49229  0.162376   1.42337   1.28627 0.0398475 -0.723493   2.51248   1.91544        -0        -0        -0        -0        -0        -0        -0        -0        -0        -0
  2.88139   1.46361   2.19393 -0.331391  0.148407 0.0163904 -0.723493   2.40984  0.639076   2.30164        -0        -0        -0        -0        -0        -0        -0        -0        -0        -0
   1.5668   0.92137 -0.853139   1.26759 -0.907534   2.99463   2.51248  0.639076  0.743101   2.67011        -0        -0        -0        -0        -0        -0        -0        -0        -0        -0
  1.13688 0.0994161 -0.841048  -0.37083   1.26179   1.58232   1.91544   2.30164   2.67011 -0.874376        -0        -0        -0        -0        -0        -0        -0        -0        -0        -0
       -0        -0        -0        -0        -0        -0        -0        -0        -0        -0  -2.04329 -0.210169   0.40524  -1.56143 -0.253426  -2.65005  -2.35631  -2.88139   -1.5668  -1.13688
        -0         -0         -0         -0         -0         -0         -0         -0         -0         -0  -0.210169  -0.993631   0.456167  -0.994483  -0.682128   0.767443  -0.603953   -1.46361   -0.92137 -0.0994161
       -0        -0        -0        -0        -0        -0        -0        -0        -0        -0   0.40524  0.456167  -1.52104 -0.806061  0.212777  -2.70079  -1.49229  -2.19393  0.853139  0.841048
       -0        -0        -0        -0        -0        -0        -0        -0        -0        -0  -1.56143 -0.994483 -0.806061  0.180585   -1.6848   -1.1711 -0.162376  0.331391  -1.26759   0.37083
       -0        -0        -0        -0        -0        -0        -0        -0        -0        -0 -0.253426 -0.682128  0.212777   -1.6848 -0.822456  -2.84777  -1.42337 -0.148407  0.907534  -1.26179
        -0         -0         -0         -0         -0         -0         -0         -0         -0         -0   -2.65005   0.767443   -2.70079    -1.1711   -2.84777  -0.244886   -1.28627 -0.0163904   -2.99463   -1.58232
        -0         -0         -0         -0         -0         -0         -0         -0         -0         -0   -2.35631  -0.603953   -1.49229  -0.162376   -1.42337   -1.28627 -0.0398475   0.723493   -2.51248   -1.91544
        -0         -0         -0         -0         -0         -0         -0         -0         -0         -0   -2.88139   -1.46361   -2.19393   0.331391  -0.148407 -0.0163904   0.723493   -2.40984  -0.639076   -2.30164
       -0        -0        -0        -0        -0        -0        -0        -0        -0        -0   -1.5668  -0.92137  0.853139  -1.26759  0.907534  -2.99463  -2.51248 -0.639076 -0.743101  -2.67011
        -0         -0         -0         -0         -0         -0         -0         -0         -0         -0   -1.13688 -0.0994161   0.841048    0.37083   -1.26179   -1.58232   -1.91544   -2.30164   -2.67011   0.874376
 -0.186554  -0.589079    1.04935  -0.244886    1.09805  -0.454402 -0.0710154  -0.589216    1.51701    2.62916         -0         -0         -0         -0         -0         -0         -0         -0         -0         -0
-0.589079  0.714284 0.0848812  0.771812  0.139882  0.469332   2.75497   2.00764   2.53575   1.24436        -0        -0        -0        -0        -0        -0        -0        -0        -0        -0
  1.04935 0.0848812   2.39493 -0.987766   2.94376 -0.343688 -0.672565   2.04241  0.169494 -0.701497        -0        -0        -0        -0        -0        -0        -0        -0        -0        -0
 -0.244886   0.771812  -0.987766    2.34435    2.31451    2.94053 -0.0587811  -0.645456    2.17332    2.95659         -0         -0         -0         -0         -0         -0         -0         -0         -0         -0
 1.09805 0.139882  2.94376  2.31451 0.697664  2.67763  2.09932  1.32215  2.47628  2.18558       -0       -0       -0       -0       -0       -0       -0       -0       -0       -0
-0.454402  0.469332 -0.343688   2.94053   2.67763   1.37036   1.10663 -0.259931 -0.152874   2.39782        -0        -0        -0        -0        -0        -0        -0        -0        -0        -0
-0.0710154    2.75497  -0.672565 -0.0587811    2.09932    1.10663   0.173563  -0.719822   0.543684    1.06322         -0         -0         -0         -0         -0         -0         -0         -0         -0         -0
-0.589216   2.00764   2.04241 -0.645456   1.32215 -0.259931 -0.719822   1.94558 0.0735358 -0.640857        -0        -0        -0        -0        -0        -0        -0        -0        -0        -0
  1.51701   2.53575  0.169494   2.17332   2.47628 -0.152874  0.543684 0.0735358  0.315377  0.579125        -0        -0        -0        -0        -0        -0        -0        -0        -0        -0
  2.62916   1.24436 -0.701497   2.95659   2.18558   2.39782   1.06322 -0.640857  0.579125   1.97281        -0        -0        -0        -0        -0        -0        -0        -0        -0        -0
       -0        -0        -0        -0        -0        -0        -0        -0        -0        -0  0.186554  0.589079  -1.04935  0.244886  -1.09805  0.454402 0.0710154  0.589216  -1.51701  -2.62916
        -0         -0         -0         -0         -0         -0         -0         -0         -0         -0   0.589079  -0.714284 -0.0848812  -0.771812  -0.139882  -0.469332   -2.75497   -2.00764   -2.53575   -1.24436
        -0         -0         -0         -0         -0         -0         -0         -0         -0         -0   -1.04935 -0.0848812   -2.39493   0.987766   -2.94376   0.343688   0.672565   -2.04241  -0.169494   0.701497
       -0        -0        -0        -0        -0        -0        -0        -0        -0        -0  0.244886 -0.771812  0.987766  -2.34435  -2.31451  -2.94053 0.0587811  0.645456  -2.17332  -2.95659
       -0        -0        -0        -0        -0        -0        -0        -0        -0        -0  -1.09805 -0.139882  -2.94376  -2.31451 -0.697664  -2.67763  -2.09932  -1.32215  -2.47628  -2.18558
       -0        -0        -0        -0        -0        -0        -0        -0        -0        -0  0.454402 -0.469332  0.343688  -2.94053  -2.67763  -1.37036  -1.10663  0.259931  0.152874  -2.39782
       -0        -0        -0        -0        -0        -0        -0        -0        -0        -0 0.0710154  -2.75497  0.672565 0.0587811  -2.09932  -1.10663 -0.173563  0.719822 -0.543684  -1.06322
        -0         -0         -0         -0         -0         -0         -0         -0         -0         -0   0.589216   -2.00764   -2.04241   0.645456   -1.32215   0.259931   0.719822   -1.94558 -0.0735358   0.640857
        -0         -0         -0         -0         -0         -0         -0         -0         -0         -0   -1.51701   -2.53575  -0.169494   -2.17332   -2.47628   0.152874  -0.543684 -0.0735358  -0.315377  -0.579125
       -0        -0        -0        -0        -0        -0        -0        -0        -0        -0  -2.62916  -1.24436  0.701497  -2.95659  -2.18558  -2.39782  -1.06322  0.640857 -0.579125  -1.97281
  1.26167   1.32479   2.02573  0.741633   1.09004   2.07745  0.831903 -0.189072   1.56886  0.736124        -0        -0        -0        -0        -0        -0        -0        -0        -0        -0
  1.32479  0.765184 -0.250991   0.70754  0.584958   2.48446  0.791312  0.376148   2.18099  0.940022        -0        -0        -0        -0        -0        -0        -0        -0        -0        -0
  2.02573 -0.250991   2.90115   1.29108 0.0380381 -0.424748   2.21874   0.60364    2.7687   1.26596        -0        -0        -0        -0        -0        -0        -0        -0        -0        -0
  0.741633    0.70754    1.29108    2.72208    1.66008     1.9786  -0.877016   0.848967    2.14411 -0.0451333         -0         -0         -0         -0         -0         -0         -0         -0         -0         -0
  1.09004  0.584958 0.0380381   1.66008 0.0792456   1.80869  0.513395 -0.963774   1.15959   1.06301        -0        -0        -0        -0        -0        -0        -0        -0        -0        -0
  2.07745   2.48446 -0.424748    1.9786   1.80869  0.280855   1.23035   1.68289   1.57739   2.77936        -0        -0        -0        -0        -0        -0        -0        -0        -0        -0
 0.831903  0.791312   2.21874 -0.877016  0.513395   1.23035 -0.241483   2.82551 -0.575031   2.18522        -0        -0        -0        -0        -0        -0        -0        -0        -0        -0
-0.189072  0.376148   0.60364  0.848967 -0.963774   1.68289   2.82551   1.74262 -0.775079   1.82152        -0        -0        -0        -0        -0        -0        -0        -0        -0        -0
  1.56886   2.18099    2.7687   2.14411   1.15959   1.57739 -0.575031 -0.775079 -0.891881  0.317429        -0        -0        -0        -0        -0        -0        -0        -0        -0        -0
  0.736124   0.940022    1.26596 -0.0451333    1.06301    2.77936    2.18522    1.82152   0.317429    1.47133         -0         -0         -0         -0         -0         -0         -0         -0         -0         -0
       -0        -0        -0        -0        -0        -0        -0        -0        -0        -0  -1.26167  -1.32479  -2.02573 -0.741633  -1.09004  -2.07745 -0.831903  0.189072  -1.56886 -0.736124
       -0        -0        -0        -0        -0        -0        -0        -0        -0        -0  -1.32479 -0.765184  0.250991  -0.70754 -0.584958  -2.48446 -0.791312 -0.376148  -2.18099 -0.940022
        -0         -0         -0         -0         -0         -0         -0         -0         -0         -0   -2.02573   0.250991   -2.90115   -1.29108 -0.0380381   0.424748   -2.21874   -0.60364    -2.7687   -1.26596
       -0        -0        -0        -0        -0        -0        -0        -0        -0        -0 -0.741633  -0.70754  -1.29108  -2.72208  -1.66008   -1.9786  0.877016 -0.848967  -2.14411 0.0451333
        -0         -0         -0         -0         -0         -0         -0         -0         -0         -0   -1.09004  -0.584958 -0.0380381   -1.66008 -0.0792456   -1.80869  -0.513395   0.963774   -1.15959   -1.06301
       -0        -0        -0        -0        -0        -0        -0        -0        -0        -0  -2.07745  -2.48446  0.424748   -1.9786  -1.80869 -0.280855  -1.23035  -1.68289  -1.57739  -2.77936
       -0        -0        -0        -0        -0        -0        -0        -0        -0        -0 -0.831903 -0.791312  -2.21874  0.877016 -0.513395  -1.23035  0.241483  -2.82551  0.575031  -2.18522
       -0        -0        -0        -0        -0        -0        -0        -0        -0        -0  0.189072 -0.376148  -0.60364 -0.848967  0.963774  -1.68289  -2.82551  -1.74262  0.775079  -1.82152
       -0        -0        -0        -0        -0        -0        -0        -0        -0        -0  -1.56886  -2.18099   -2.7687  -2.14411  -1.15959  -1.57739  0.575031  0.775079  0.891881 -0.317429
       -0        -0        -0        -0        -0        -0        -0        -0        -0        -0 -0.736124 -0.940022  -1.26596 0.0451333  -1.06301  -2.77936  -2.18522  -1.82152 -0.317429  -1.47133
   1.8402 -0.912924  0.238911  0.143318   2.00689   2.42747   1.42921  0.984869  0.650294  0.921449        -0        -0        -0        -0        -0        -0        -0        -0        -0        -0
-0.912924   0.19518    1.5319 -0.793962   1.59725   2.03846 -0.381231   2.45834   2.74067   2.35426        -0        -0        -0        -0        -0        -0        -0        -0        -0        -0
  0.238911     1.5319  -0.518696    1.73001  -0.304007   0.316692  -0.975044 -0.0260158   -0.44584    2.86467         -0         -0         -0         -0         -0         -0         -0         -0         -0         -0
   0.143318   -0.793962     1.73001 -0.00920701    0.418154     2.90878    0.159226     1.68086     1.96699    0.946405          -0          -0          -0          -0          -0          -0          -0          -0          -0          -0
  2.00689   1.59725 -0.304007  0.418154   1.45303   1.54333  0.609562 -0.123508   2.64944 -0.486512        -0        -0        -0        -0        -0        -0        -0        -0        -0        -0
  2.42747   2.03846  0.316692   2.90878   1.54333 -0.196539 -0.325162   2.42701   2.09749  0.474228        -0        -0        -0        -0        -0        -0        -0        -0        -0        -0
  1.42921 -0.381231 -0.975044  0.159226  0.609562 -0.325162   2.86656   2.71615   2.77045   1.62124        -0        -0        -0        -0        -0        -0        -0        -0        -0        -0
  0.984869    2.45834 -0.0260158    1.68086  -0.123508    2.42701    2.71615     1.8655    1.10253  -0.619948         -0         -0         -0         -0         -0         -0         -0         -0         -0         -0
  0.650294    2.74067   -0.44584    1.96699    2.64944    2.09749    2.77045    1.10253 -0.0749514    2.95828         -0         -0         -0         -0         -0         -0         -0         -0         -0         -0
 0.921449   2.35426   2.86467  0.946405 -0.486512  0.474228   1.62124 -0.619948   2.95828   2.07269        -0        -0        -0        -0        -0        -0        -0        -0        -0        -0
       -0        -0        -0        -0        -0        -0        -0        -0        -0        -0   -1.8402  0.912924 -0.238911 -0.143318  -2.00689  -2.42747  -1.42921 -0.984869 -0.650294 -0.921449
      -0       -0       -0       -0       -0       -0       -0       -0       -0       -0 0.912924 -0.19518  -1.5319 0.793962 -1.59725 -2.03846 0.381231 -2.45834 -2.74067 -2.35426
       -0        -0        -0        -0        -0        -0        -0        -0        -0        -0 -0.238911   -1.5319  0.518696  -1.73001  0.304007 -0.316692  0.975044 0.0260158   0.44584  -2.86467
        -0         -0         -0         -0         -0         -0         -0         -0         -0         -0  -0.143318   0.793962   -1.73001 0.00920701  -0.418154   -2.90878  -0.159226   -1.68086   -1.96699  -0.946405
       -0        -0        -0        -0        -0        -0        -0        -0        -0        -0  -2.00689  -1.59725  0.304007 -0.418154  -1.45303  -1.54333 -0.609562  0.123508  -2.64944  0.486512
       -0        -0        -0        -0        -0        -0        -0        -0        -0        -0  -2.42747  -2.03846 -0.316692  -2.90878  -1.54333  0.196539  0.325162  -2.42701  -2.09749 -0.474228
       -0        -0        -0        -0        -0        -0        -0        -0        -0        -0  -1.42921  0.381231  0.975044 -0.159226 -0.609562  0.325162  -2.86656  -2.71615  -2.77045  -1.62124
       -0        -0        -0        -0        -0        -0        -0        -0        -0        -0 -0.984869  -2.45834 0.0260158  -1.68086  0.123508  -2.42701  -2.71615   -1.8655  -1.10253  0.619948
       -0        -0        -0        -0        -0        -0        -0        -0        -0        -0 -0.650294  -2.74067   0.44584  -1.96699  -2.64944  -2.09749  -2.77045  -1.10253 0.0749514  -2.95828
       -0        -0        -0        -0        -0        -0        -0        -0        -0        -0 -0.921449  -2.35426  -2.86467 -0.946405  0.486512 -0.474228  -1.62124  0.619948  -2.95828  -2.07269
  1.75679  0.855863  0.906653   1.52541   2.79668   1.31713   1.33874 -0.214854   2.52289   2.50648        -0        -0        -0        -0        -0        -0        -0        -0        -0        -0
 0.855863   2.92332   1.88507  0.437152   2.96703   1.11804  -0.47227   2.81209   2.91364 -0.311495        -0        -0        -0        -0        -0        -0        -0        -0        -0        -0
0.906653  1.88507 0.786824 0.146985  1.66032 0.718119  1.52178  2.33491  2.32551  1.32065       -0       -0       -0       -0       -0       -0       -0       -0       -0       -0
  1.52541  0.437152  0.146985 0.0564468   2.00833 -0.896051   2.48572   2.44547  0.241012   1.02826        -0        -0        -0        -0        -0        -0        -0        -0        -0        -0
  2.79668   2.96703   1.66032   2.00833   1.37705   2.88936  0.584177   1.82042 -0.982406 -0.825775        -0        -0        -0        -0        -0        -0        -0        -0        -0        -0
  1.31713   1.11804  0.718119 -0.896051   2.88936    1.5496    2.6897  0.711957   2.21487   2.90483        -0        -0        -0        -0        -0        -0        -0        -0        -0        -0
    1.33874    -0.47227     1.52178     2.48572    0.584177      2.6897    0.256719 -0.00390609     2.79061    0.717956          -0          -0          -0          -0          -0          -0          -0          -0          -0          -0
  -0.214854     2.81209     2.33491     2.44547     1.82042    0.711957 -0.00390609   -0.310155     1.42185    0.430944          -0          -0          -0          -0          -0          -0          -0          -0          -0          -0
  2.52289   2.91364   2.32551  0.241012 -0.982406   2.21487   2.79061   1.42185   1.34977  0.952977        -0        -0        -0        -0        -0        -0        -0        -0        -0        -0
  2.50648 -0.311495   1.32065   1.02826 -0.825775   2.90483  0.717956  0.430944  0.952977   0.73336        -0        -0        -0        -0        -0        -0        -0        -0        -0        -0
       -0        -0        -0        -0        -0        -0        -0        -0        -0        -0  -1.75679 -0.855863 -0.906653  -1.52541  -2.79668  -1.31713  -1.33874  0.214854  -2.52289  -2.50648
       -0        -0        -0        -0        -0        -0        -0        -0        -0        -0 -0.855863  -2.92332  -1.88507 -0.437152  -2.96703  -1.11804   0.47227  -2.81209  -2.91364  0.311495
       -0        -0        -0        -0        -0        -0        -0        -0        -0        -0 -0.906653  -1.88507 -0.786824 -0.146985  -1.66032 -0.718119  -1.52178  -2.33491  -2.32551  -1.32065
        -0         -0         -0         -0         -0         -0         -0         -0         -0         -0   -1.52541  -0.437152  -0.146985 -0.0564468   -2.00833   0.896051   -2.48572   -2.44547  -0.241012   -1.02826
       -0        -0        -0        -0        -0        -0        -0        -0        -0        -0  -2.79668  -2.96703  -1.66032  -2.00833  -1.37705  -2.88936 -0.584177  -1.82042  0.982406  0.825775
       -0        -0        -0        -0        -0        -0        -0        -0        -0        -0  -1.31713  -1.11804 -0.718119  0.896051  -2.88936   -1.5496   -2.6897 -0.711957  -2.21487  -2.90483
        -0         -0         -0         -0         -0         -0         -0         -0         -0         -0   -1.33874    0.47227   -1.52178   -2.48572  -0.584177    -2.6897  -0.256719 0.00390609   -2.79061  -0.717956
        -0         -0         -0         -0         -0         -0         -0         -0         -0         -0   0.214854   -2.81209   -2.33491   -2.44547   -1.82042  -0.711957 0.00390609   0.310155   -1.42185  -0.430944
       -0        -0        -0        -0        -0        -0        -0        -0        -0        -0  -2.52289  -2.91364  -2.32551 -0.241012  0.982406  -2.21487  -2.79061  -1.42185  -1.34977 -0.952977
       -0        -0        -0        -0        -0        -0        -0        -0        -0        -0  -2.50648  0.311495  -1.32065  -1.02826  0.825775  -2.90483 -0.717956 -0.430944 -0.952977  -0.73336
-0.201174 -0.612841   2.40315   1.78136  0.791445   2.98768 -0.905983  0.545092 -0.337356   1.86262        -0        -0        -0        -0        -0        -0        -0        -0        -0        -0
-0.612841 -0.421394  0.301784 -0.630192 -0.929841  0.159983   1.77723 -0.321461  0.151095   1.42572        -0        -0        -0        -0        -0        -0        -0        -0        -0        -0
  2.40315  0.301784  0.965813   1.31973   1.32699   2.61784 -0.965682   1.67022   1.93551   1.00146        -0        -0        -0        -0        -0        -0        -0        -0        -0        -0
  1.78136 -0.630192   1.31973 -0.673196  0.147301  0.953489   1.41374   2.87208 -0.719518   1.89694        -0        -0        -0        -0        -0        -0        -0        -0        -0        -0
 0.791445 -0.929841   1.32699  0.147301   2.78283   1.88378   2.10403   0.82584   2.10458  -0.16053        -0        -0        -0        -0        -0        -0        -0        -0        -0        -0
 2.98768 0.159983  2.61784 0.953489  1.88378  1.94788 -0.46214  1.45305 0.819297 0.105495       -0       -0       -0       -0       -0       -0       -0       -0       -0       -0
-0.905983   1.77723 -0.965682   1.41374   2.10403  -0.46214   1.91706 -0.981305   2.22836    2.4348        -0        -0        -0        -0        -0        -0        -0        -0        -0        -0
 0.545092 -0.321461   1.67022   2.87208   0.82584   1.45305 -0.981305   1.34659   2.19811   2.75653        -0        -0        -0        -0        -0        -0        -0        -0        -0        -0
 -0.337356   0.151095    1.93551  -0.719518    2.10458   0.819297    2.22836    2.19811    1.33171 -0.0977998         -0         -0         -0         -0         -0         -0         -0         -0         -0         -0
   1.86262    1.42572    1.00146    1.89694   -0.16053   0.105495     2.4348    2.75653 -0.0977998    1.32189         -0         -0         -0         -0         -0         -0         -0         -0         -0         -0
       -0        -0        -0        -0        -0        -0        -0        -0        -0        -0  0.201174  0.612841  -2.40315  -1.78136 -0.791445  -2.98768  0.905983 -0.545092  0.337356  -1.86262
       -0        -0        -0        -0        -0        -0        -0        -0        -0        -0  0.612841  0.421394 -0.301784  0.630192  0.929841 -0.159983  -1.77723  0.321461 -0.151095  -1.42572
       -0        -0        -0        -0        -0        -0        -0        -0        -0        -0  -2.40315 -0.301784 -0.965813  -1.31973  -1.32699  -2.61784  0.965682  -1.67022  -1.93551  -1.00146
       -0        -0        -0        -0        -0        -0        -0        -0        -0        -0  -1.78136  0.630192  -1.31973  0.673196 -0.147301 -0.953489  -1.41374  -2.87208  0.719518  -1.89694
       -0        -0        -0        -0        -0        -0        -0        -0        -0        -0 -0.791445  0.929841  -1.32699 -0.147301  -2.78283  -1.88378  -2.10403  -0.82584  -2.10458   0.16053
       -0        -0        -0        -0        -0        -0        -0        -0        -0        -0  -2.98768 -0.159983  -2.61784 -0.953489  -1.88378  -1.94788   0.46214  -1.45305 -0.819297 -0.105495
      -0       -0       -0       -0       -0       -0       -0       -0       -0       -0 0.905983 -1.77723 0.965682 -1.41374 -2.10403  0.46214 -1.91706 0.981305 -2.22836  -2.4348
       -0        -0        -0        -0        -0        -0        -0        -0        -0        -0 -0.545092  0.321461  -1.67022  -2.87208  -0.82584  -1.45305  0.981305  -1.34659  -2.19811  -2.75653
       -0        -0        -0        -0        -0        -0        -0        -0        -0        -0  0.337356 -0.151095  -1.93551  0.719518  -2.10458 -0.819297  -2.22836  -2.19811  -1.33171 0.0977998
       -0        -0        -0        -0        -0        -0        -0        -0        -0        -0  -1.86262  -1.42572  -1.00146  -1.89694   0.16053 -0.105495   -2.4348  -2.75653 0.0977998  -1.32189
   1.35659  -0.886397    1.56858    2.61333   0.728402 -0.0862626   0.300658     1.9066  -0.312697    2.39245         -0         -0         -0         -0         -0         -0         -0         -0         -0         -0
-0.886397   2.83551    1.9597  -0.42156  0.796084  -0.52267   1.23991 -0.776037  -0.37878   2.37643        -0        -0        -0        -0        -0        -0        -0        -0        -0        -0
 1.56858   1.9597 0.625847 0.025033  1.44841  2.47851  2.80519 0.148666  1.30548  1.36745       -0       -0       -0       -0       -0       -0       -0       -0       -0       -0
  2.61333  -0.42156  0.025033   1.61376   2.52278   1.53958   1.32569  0.355007 -0.834185   2.19764        -0        -0        -0        -0        -0        -0        -0        -0        -0        -0
 0.728402  0.796084   1.44841   2.52278 -0.154799 0.0473759 -0.146331   2.74674    2.1608  0.702121        -0        -0        -0        -0        -0        -0        -0        -0        -0        -0
-0.0862626   -0.52267    2.47851    1.53958  0.0473759   0.335147   0.410443   0.993867    2.35286    2.22112         -0         -0         -0         -0         -0         -0         -0         -0         -0         -0
 0.300658   1.23991   2.80519   1.32569 -0.146331  0.410443    0.6701    2.9194  0.500962 -0.391913        -0        -0        -0        -0        -0        -0        -0        -0        -0        -0
   1.9066 -0.776037  0.148666  0.355007   2.74674  0.993867    2.9194 -0.831514 -0.834295   2.37222        -0        -0        -0        -0        -0        -0        -0        -0        -0        -0
-0.312697  -0.37878   1.30548 -0.834185    2.1608   2.35286  0.500962 -0.834295   1.07577   2.51482        -0        -0        -0        -0        -0        -0        -0        -0        -0        -0
  2.39245   2.37643   1.36745   2.19764  0.702121   2.22112 -0.391913   2.37222   2.51482   2.10365        -0        -0        -0        -0        -0        -0        -0        -0        -0        -0
       -0        -0        -0        -0        -0        -0        -0        -0        -0        -0  -1.35659  0.886397  -1.56858  -2.61333 -0.728402 0.0862626 -0.300658   -1.9066  0.312697  -2.39245
       -0        -0        -0        -0        -0        -0        -0        -0        -0        -0  0.886397  -2.83551   -1.9597   0.42156 -0.796084   0.52267  -1.23991  0.776037   0.37878  -2.37643
       -0        -0        -0        -0        -0        -0        -0        -0        -0        -0  -1.56858   -1.9597 -0.625847 -0.025033  -1.44841  -2.47851  -2.80519 -0.148666  -1.30548  -1.36745
       -0        -0        -0        -0        -0        -0        -0        -0        -0        -0  -2.61333   0.42156 -0.025033  -1.61376  -2.52278  -1.53958  -1.32569 -0.355007  0.834185  -2.19764
        -0         -0         -0         -0         -0         -0         -0         -0         -0         -0  -0.728402  -0.796084   -1.44841   -2.52278   0.154799 -0.0473759   0.146331   -2.74674    -2.1608  -0.702121
        -0         -0         -0         -0         -0         -0         -0         -0         -0         -0  0.0862626    0.52267   -2.47851   -1.53958 -0.0473759  -0.335147  -0.410443  -0.993867   -2.35286   -2.22112
       -0        -0        -0        -0        -0        -0        -0        -0        -0        -0 -0.300658  -1.23991  -2.80519  -1.32569  0.146331 -0.410443   -0.6701   -2.9194 -0.500962  0.391913
       -0        -0        -0        -0        -0        -0        -0        -0        -0        -0   -1.9066  0.776037 -0.148666 -0.355007  -2.74674 -0.993867   -2.9194  0.831514  0.834295  -2.37222
       -0        -0        -0        -0        -0        -0        -0        -0        -0        -0  0.312697   0.37878  -1.30548  0.834185   -2.1608  -2.35286 -0.500962  0.834295  -1.07577  -2.51482
       -0        -0        -0        -0        -0        -0        -0        -0        -0        -0  -2.39245  -2.37643  -1.36745  -2.19764 -0.702121  -2.22112  0.391913  -2.37222  -2.51482  -2.10365
  1.7248 0.523983 0.724464  2.82438  2.74929   1.5154  2.04948 0.244996  2.93218 0.971162       -0       -0       -0       -0       -0       -0       -0       -0       -0       -0
  0.523983    2.93014 -0.0849987  -0.566336    1.24553  -0.183324    1.39747   0.859972    1.13926  -0.771791         -0         -0         -0         -0         -0         -0         -0         -0         -0         -0
  0.724464 -0.0849987  -0.365481   0.249282   0.399331   0.739715    2.62908  -0.708441  -0.951493  -0.505187         -0         -0         -0         -0         -0         -0         -0         -0         -0         -0
  2.82438 -0.566336  0.249282   2.15199  0.945324   2.14992 -0.701233   1.64433  0.671892  0.600247        -0        -0        -0        -0        -0        -0        -0        -0        -0        -0
   2.74929    1.24553   0.399331   0.945324    1.07499 -0.0914087   0.549463     2.8053   0.289183  -0.473025         -0         -0         -0         -0         -0         -0         -0         -0         -0         -0
    1.5154  -0.183324   0.739715    2.14992 -0.0914087    0.85236    2.93622    1.36655 -0.0429016    1.04428         -0         -0         -0         -0         -0         -0         -0         -0         -0         -0
  2.04948   1.39747   2.62908 -0.701233  0.549463   2.93622   0.32448 -0.860381   2.52425  0.536464        -0        -0        -0        -0        -0        -0        -0        -0        -0        -0
 0.244996  0.859972 -0.708441   1.64433    2.8053   1.36655 -0.860381   2.10746   1.77574  0.851455        -0        -0        -0        -0        -0        -0        -0        -0        -0        -0
   2.93218    1.13926  -0.951493   0.671892   0.289183 -0.0429016    2.52425    1.77574   0.178724   0.820085         -0         -0         -0         -0         -0         -0         -0         -0         -0         -0
 0.971162 -0.771791 -0.505187  0.600247 -0.473025   1.04428  0.536464  0.851455  0.820085   2.64715        -0        -0        -0        -0        -0        -0        -0        -0        -0        -0
       -0        -0        -0        -0        -0        -0        -0        -0        -0        -0   -1.7248 -0.523983 -0.724464  -2.82438  -2.74929   -1.5154  -2.04948 -0.244996  -2.93218 -0.971162
       -0        -0        -0        -0        -0        -0        -0        -0        -0        -0 -0.523983  -2.93014 0.0849987  0.566336  -1.24553  0.183324  -1.39747 -0.859972  -1.13926  0.771791
       -0        -0        -0        -0        -0        -0        -0        -0        -0        -0 -0.724464 0.0849987  0.365481 -0.249282 -0.399331 -0.739715  -2.62908  0.708441  0.951493  0.505187
       -0        -0        -0        -0        -0        -0        -0        -0        -0        -0  -2.82438  0.566336 -0.249282  -2.15199 -0.945324  -2.14992  0.701233  -1.64433 -0.671892 -0.600247
       -0        -0        -0        -0        -0        -0        -0        -0        -0        -0  -2.74929  -1.24553 -0.399331 -0.945324  -1.07499 0.0914087 -0.549463   -2.8053 -0.289183  0.473025
       -0        -0        -0        -0        -0        -0        -0        -0        -0        -0   -1.5154  0.183324 -0.739715  -2.14992 0.0914087  -0.85236  -2.93622  -1.36655 0.0429016  -1.04428
