20
1
20
 -0.011441 -0.0583224   0.182928   0.300094 -0.0697563   0.347439  -0.144697  0.0636433  -0.236298   0.236615  -0.102312  -0.285529   0.132711   0.322752  -0.116543  -0.143708  -0.139234   0.167533  0.0889707  -0.554237
-47.1773 -25.1448 -38.9669 -22.4439 -27.4695 -30.4992 -27.3526 -19.7934 -21.0618 -32.9039 -34.6537 -19.7915 -9.42111 -42.9581 -20.0829 -21.7892 -26.0164 -17.2356 -22.3011 -22.7023
-25.1448 -41.8585 -37.5905 -23.7551 -26.0262 -24.3328 -23.0182 -20.5322 -16.3044 -33.7799 -17.4245 -18.2296  -11.815 -33.7517 -21.9005 -25.8872 -9.77769  -12.121 -27.9798 -30.6985
-38.9669 -37.5905 -69.7562 -29.4127 -30.7388 -37.9042 -30.5707 -28.5113 -15.8624 -32.7254 -31.9214   -30.83 -18.7549 -45.0576 -20.1331 -24.4272  -20.056  -16.823 -22.9208 -31.0237
-22.4439 -23.7551 -29.4127 -70.5752 -17.5752 -22.9754 -22.1986 -37.3232 -7.74813 -36.3014 -32.9514 -23.7274 -20.6462 -34.8155 -28.0673 -21.4179 -15.2506 -14.7913 -40.6164 -35.3033
-27.4695 -26.0262 -30.7388 -17.5752 -50.3483  -41.709    -26.1 -16.1319 -8.37037 -36.0796 -23.7017 -35.0145 -8.57189 -35.0558 -26.9105 -17.8202 -26.8947 -24.5562 -21.4664 -28.3252
-30.4992 -24.3328 -37.9042 -22.9754  -41.709 -51.4305 -27.1035 -22.9979 -10.2264 -37.1021 -32.9372 -33.0402 -14.7627 -37.2342 -25.2151   -18.55 -23.1008 -25.7166 -19.7287 -22.0593
-27.3526 -23.0182 -30.5707 -22.1986    -26.1 -27.1035 -56.4008 -5.77222 -13.9605 -26.4024 -12.7847  -14.127 -12.5029 -29.8782 -6.87987 -14.7108 -22.3172 -27.3526 -14.3004 -15.5751
-19.7934 -20.5322 -28.5113 -37.3232 -16.1319 -22.9979 -5.77222 -51.2233 -4.49105 -29.8779 -40.9662 -23.7454 -27.5328  -25.703 -19.3175 -16.2426 -10.5521 -3.88531 -22.3341 -35.9771
-21.0618 -16.3044 -15.8624 -7.74813 -8.37037 -10.2264 -13.9605 -4.49105 -36.0092 -20.0417  -25.341 -5.02309 -12.2072 -39.0443 -24.5182  -13.533 -17.9082 -11.7593 -22.5766 -23.3332
-32.9039 -33.7799 -32.7254 -36.3014 -36.0796 -37.1021 -26.4024 -29.8779 -20.0417  -63.448 -42.2786 -27.4031 -15.8709  -46.997  -29.579 -33.3328 -21.1407 -27.4117 -43.9237 -36.7829
-34.6537 -17.4245 -31.9214 -32.9514 -23.7017 -32.9372 -12.7847 -40.9662  -25.341 -42.2786 -70.4669 -31.5487  -27.747 -54.5314 -34.0042 -19.5766 -31.0227 -20.1325 -33.3888 -33.4545
-19.7915 -18.2296   -30.83 -23.7274 -35.0145 -33.0402  -14.127 -23.7454 -5.02309 -27.4031 -31.5487 -48.9662 -11.2843 -37.7054 -29.2757  -6.1848 -16.4867 -18.2999 -19.1767 -28.3361
 -9.42111   -11.815  -18.7549  -20.6462  -8.57189  -14.7627  -12.5029  -27.5328  -12.2072  -15.8709   -27.747  -11.2843  -37.2671  -23.9731  -12.3185  -5.19868  -14.7073 -0.803221  -10.4081   -28.528
-42.9581 -33.7517 -45.0576 -34.8155 -35.0558 -37.2342 -29.8782  -25.703 -39.0443  -46.997 -54.5314 -37.7054 -23.9731 -82.2656 -44.4848 -22.5399 -31.9115 -28.7787  -39.984 -46.5335
-20.0829 -21.9005 -20.1331 -28.0673 -26.9105 -25.2151 -6.87987 -19.3175 -24.5182  -29.579 -34.0042 -29.2757 -12.3185 -44.4848 -48.7424 -19.5298 -21.4245 -17.2278 -30.6612 -38.7202
-21.7892 -25.8872 -24.4272 -21.4179 -17.8202   -18.55 -14.7108 -16.2426  -13.533 -33.3328 -19.5766  -6.1848 -5.19868 -22.5399 -19.5298 -33.4713 -12.5092 -15.6983 -26.7592 -19.1701
-26.0164 -9.77769  -20.056 -15.2506 -26.8947 -23.1008 -22.3172 -10.5521 -17.9082 -21.1407 -31.0227 -16.4867 -14.7073 -31.9115 -21.4245 -12.5092 -42.0358 -18.1846  -16.286 -21.2942
 -17.2356   -12.121   -16.823  -14.7913  -24.5562  -25.7166  -27.3526  -3.88531  -11.7593  -27.4117  -20.1325  -18.2999 -0.803221  -28.7787  -17.2278  -15.6983  -18.1846  -35.9506   -16.112  -8.13321
-22.3011 -27.9798 -22.9208 -40.6164 -21.4664 -19.7287 -14.3004 -22.3341 -22.5766 -43.9237 -33.3888 -19.1767 -10.4081  -39.984 -30.6612 -26.7592  -16.286  -16.112 -53.2374 -32.1149
-22.7023 -30.6985 -31.0237 -35.3033 -28.3252 -22.0593 -15.5751 -35.9771 -23.3332 -36.7829 -33.4545 -28.3361  -28.528 -46.5335 -38.7202 -19.1701 -21.2942 -8.13321 -32.1149 -64.7709
   1.06013  -0.219069  -0.905202    2.20838    2.68278 -0.0697178  -0.611406  -0.336672  -0.628899   0.843829         -0         -0         -0         -0         -0         -0         -0         -0         -0         -0
-0.219069   2.21547    2.6808   1.39714   2.07263 -0.606449    1.3632  0.729129  0.647939 -0.202876        -0        -0        -0        -0        -0        -0        -0        -0        -0        -0
 -0.905202     2.6808    2.16338 -0.0981338   0.291764  -0.497589  -0.383239    1.01631   0.720617  0.0121158         -0         -0         -0         -0         -0         -0         -0         -0         -0         -0
   2.20838    1.39714 -0.0981338  -0.567477   0.567074  -0.906335    0.29046   0.955092  -0.126488    1.46059         -0         -0         -0         -0         -0         -0         -0         -0         -0         -0
  2.68278   2.07263  0.291764  0.567074 -0.930792   1.95671   1.79572    2.2962  0.741604   1.08758        -0        -0        -0        -0        -0        -0        -0        -0        -0        -0
-0.0697178  -0.606449  -0.497589  -0.906335    1.95671    1.62058    1.33598    1.08552  -0.322678    2.80784         -0         -0         -0         -0         -0         -0         -0         -0         -0         -0
-0.611406    1.3632 -0.383239   0.29046   1.79572   1.33598  -0.34803 0.0283121   2.49409  -0.20343        -0        -0        -0        -0        -0        -0        -0        -0        -0        -0
-0.336672  0.729129   1.01631  0.955092    2.2962   1.08552 0.0283121   2.54949   2.62421   1.73955        -0        -0        -0        -0        -0        -0        -0        -0        -0        -0
-0.628899  0.647939  0.720617 -0.126488  0.741604 -0.322678   2.49409   2.62421  -0.59147   1.39487        -0        -0        -0        -0        -0        -0        -0        -0        -0        -0
 0.843829 -0.202876 0.0121158   1.46059   1.08758   2.80784  -0.20343   1.73955   1.39487   1.84292        -0        -0        -0        -0        -0        -0        -0        -0        -0        -0
       -0        -0        -0        -0        -0        -0        -0        -0        -0        -0  -1.06013  0.219069  0.905202  -2.20838  -2.68278 0.0697178  0.611406  0.336672  0.628899 -0.843829
       -0        -0        -0        -0        -0        -0        -0        -0        -0        -0  0.219069  -2.21547   -2.6808  -1.39714  -2.07263  0.606449   -1.3632 -0.729129 -0.647939  0.202876
        -0         -0         -0         -0         -0         -0         -0         -0         -0         -0   0.905202    -2.6808   -2.16338  0.0981338  -0.291764   0.497589   0.383239   -1.01631  -0.720617 -0.0121158
       -0        -0        -0        -0        -0        -0        -0        -0        -0        -0  -2.20838  -1.39714 0.0981338  0.567477 -0.567074  0.906335  -0.29046 -0.955092  0.126488  -1.46059
       -0        -0        -0        -0        -0        -0        -0        -0        -0        -0  -2.68278  -2.07263 -0.291764 -0.567074  0.930792  -1.95671  -1.79572   -2.2962 -0.741604  -1.08758
       -0        -0        -0        -0        -0        -0        -0        -0        -0        -0 0.0697178  0.606449  0.497589  0.906335  -1.95671  -1.62058  -1.33598  -1.08552  0.322678  -2.80784
        -0         -0         -0         -0         -0         -0         -0         -0         -0         -0   0.611406    -1.3632   0.383239   -0.29046   -1.79572   -1.33598    0.34803 -0.0283121   -2.49409    0.20343
        -0         -0         -0         -0         -0         -0         -0         -0         -0         -0   0.336672  -0.729129   -1.01631  -0.955092    -2.2962   -1.08552 -0.0283121   -2.54949   -2.62421   -1.73955
       -0        -0        -0        -0        -0        -0        -0        -0        -0        -0  0.628899 -0.647939 -0.720617  0.126488 -0.741604  0.322678  -2.49409  -2.62421   0.59147  -1.39487
        -0         -0         -0         -0         -0         -0         -0         -0         -0         -0  -0.843829   0.202876 -0.0121158   -1.46059   -1.08758   -2.80784    0.20343   -1.73955   -1.39487   -1.84292
  0.683227    2.36867    1.80536   0.460365   0.469927  -0.466994    1.19437    2.53974   0.629158 -0.0832481         -0         -0         -0         -0         -0         -0         -0         -0         -0         -0
  2.36867   2.78884   2.36029  0.482632   2.50196 -0.268609   1.28826   2.46647 -0.518171    2.9914        -0        -0        -0        -0        -0        -0        -0        -0        -0        -0
     1.80536      2.36029      1.97227    0.0783911     0.107237    -0.610428      0.84716 -0.000294946    0.0739824      2.34534           -0           -0           -0           -0           -0           -0           -0           -0           -0           -0
 0.460365  0.482632 0.0783911   1.03241  0.620574   2.50527   2.27276 -0.353026   1.01873   1.76391        -0        -0        -0        -0        -0        -0        -0        -0        -0        -0
 0.469927   2.50196  0.107237  0.620574 -0.408747 -0.451132 -0.679325 0.0870488    2.9871   2.26417        -0        -0        -0        -0        -0        -0        -0        -0        -0        -0
-0.466994 -0.268609 -0.610428   2.50527 -0.451132   1.21045   2.02933  0.590958   0.62285   2.66601        -0        -0        -0        -0        -0        -0        -0        -0        -0        -0
  1.19437   1.28826   0.84716   2.27276 -0.679325   2.02933  0.364448   1.41656 -0.770821   0.79324        -0        -0        -0        -0        -0        -0        -0        -0        -0        -0
     2.53974      2.46647 -0.000294946    -0.353026    0.0870488     0.590958      1.41656    -0.400126    -0.447776    -0.371384           -0           -0           -0           -0           -0           -0           -0           -0           -0           -0
 0.629158 -0.518171 0.0739824   1.01873    2.9871   0.62285 -0.770821 -0.447776  0.797033   0.88735        -0        -0        -0        -0        -0        -0        -0        -0        -0        -0
-0.0832481     2.9914    2.34534    1.76391    2.26417    2.66601    0.79324  -0.371384    0.88735    2.78979         -0         -0         -0         -0         -0         -0         -0         -0         -0         -0
       -0        -0        -0        -0        -0        -0        -0        -0        -0        -0 -0.683227  -2.36867  -1.80536 -0.460365 -0.469927  0.466994  -1.19437  -2.53974 -0.629158 0.0832481
       -0        -0        -0        -0        -0        -0        -0        -0        -0        -0  -2.36867  -2.78884  -2.36029 -0.482632  -2.50196  0.268609  -1.28826  -2.46647  0.518171   -2.9914
         -0          -0          -0          -0          -0          -0          -0          -0          -0          -0    -1.80536    -2.36029    -1.97227  -0.0783911   -0.107237    0.610428    -0.84716 0.000294946  -0.0739824    -2.34534
        -0         -0         -0         -0         -0         -0         -0         -0         -0         -0  -0.460365  -0.482632 -0.0783911   -1.03241  -0.620574   -2.50527   -2.27276   0.353026   -1.01873   -1.76391
        -0         -0         -0         -0         -0         -0         -0         -0         -0         -0  -0.469927   -2.50196  -0.107237  -0.620574   0.408747   0.451132   0.679325 -0.0870488    -2.9871   -2.26417
       -0        -0        -0        -0        -0        -0        -0        -0        -0        -0  0.466994  0.268609  0.610428  -2.50527  0.451132  -1.21045  -2.02933 -0.590958  -0.62285  -2.66601
       -0        -0        -0        -0        -0        -0        -0        -0        -0        -0  -1.19437  -1.28826  -0.84716  -2.27276  0.679325  -2.02933 -0.364448  -1.41656  0.770821  -0.79324
         -0          -0          -0          -0          -0          -0          -0          -0          -0          -0    -2.53974    -2.46647 0.000294946    0.353026  -0.0870488   -0.590958    -1.41656    0.400126    0.447776    0.371384
        -0         -0         -0         -0         -0         -0         -0         -0         -0         -0  -0.629158   0.518171 -0.0739824   -1.01873    -2.9871   -0.62285   0.770821   0.447776  -0.797033   -0.88735
       -0        -0        -0        -0        -0        -0        -0        -0        -0        -0 0.0832481   -2.9914  -2.34534  -1.76391  -2.26417  -2.66601  -0.79324  0.371384  -0.88735  -2.78979
  1.12636 -0.166788  0.877328   1.95069   2.84655   1.36533   1.24182   1.14965  0.245478  0.430713        -0        -0        -0        -0        -0        -0        -0        -0        -0        -0
-0.166788   1.57234   1.60375   2.33762   2.60101  0.354443  0.898986   1.30628 -0.997287   2.98858        -0        -0        -0        -0        -0        -0        -0        -0        -0        -0
 0.877328   1.60375  0.318483 -0.796882   1.06579   1.41974  -0.18465   2.09093   2.70386 -0.700106        -0        -0        -0        -0        -0        -0        -0        -0        -0        -0
    1.95069     2.33762   -0.796882     1.20695 -0.00578233     2.68381     1.44494   -0.784563     2.66521     1.24606          -0          -0          -0          -0          -0          -0          -0          -0          -0          -0
    2.84655     2.60101     1.06579 -0.00578233    0.508206     1.57711   -0.894062      2.3005     2.68652     1.43352          -0          -0          -0          -0          -0          -0          -0          -0          -0          -0
  1.36533  0.354443   1.41974   2.68381   1.57711    2.7874   2.27903 -0.400866   1.28097 -0.594168        -0        -0        -0        -0        -0        -0        -0        -0        -0        -0
  1.24182  0.898986  -0.18465   1.44494 -0.894062   2.27903 -0.277883    1.8723   2.45261  0.525096        -0        -0        -0        -0        -0        -0        -0        -0        -0        -0
  1.14965   1.30628   2.09093 -0.784563    2.3005 -0.400866    1.8723  0.429491   2.95299   2.15563        -0        -0        -0        -0        -0        -0        -0        -0        -0        -0
 0.245478 -0.997287   2.70386   2.66521   2.68652   1.28097   2.45261   2.95299  0.746758   2.06203        -0        -0        -0        -0        -0        -0        -0        -0        -0        -0
 0.430713   2.98858 -0.700106   1.24606   1.43352 -0.594168  0.525096   2.15563   2.06203   2.98483        -0        -0        -0        -0        -0        -0        -0        -0        -0        -0
       -0        -0        -0        -0        -0        -0        -0        -0        -0        -0  -1.12636  0.166788 -0.877328  -1.95069  -2.84655  -1.36533  -1.24182  -1.14965 -0.245478 -0.430713
       -0        -0        -0        -0        -0        -0        -0        -0        -0        -0  0.166788  -1.57234  -1.60375  -2.33762  -2.60101 -0.354443 -0.898986  -1.30628  0.997287  -2.98858
       -0        -0        -0        -0        -0        -0        -0        -0        -0        -0 -0.877328  -1.60375 -0.318483  0.796882  -1.06579  -1.41974   0.18465  -2.09093  -2.70386  0.700106
        -0         -0         -0         -0         -0         -0         -0         -0         -0         -0   -1.95069   -2.33762   0.796882   -1.20695 0.00578233   -2.68381   -1.44494   0.784563   -2.66521   -1.24606
        -0         -0         -0         -0         -0         -0         -0         -0         -0         -0   -2.84655   -2.60101   -1.06579 0.00578233  -0.508206   -1.57711   0.894062    -2.3005   -2.68652   -1.43352
       -0        -0        -0        -0        -0        -0        -0        -0        -0        -0  -1.36533 -0.354443  -1.41974  -2.68381  -1.57711   -2.7874  -2.27903  0.400866  -1.28097  0.594168
       -0        -0        -0        -0        -0        -0        -0        -0        -0        -0  -1.24182 -0.898986   0.18465  -1.44494  0.894062  -2.27903  0.277883   -1.8723  -2.45261 -0.525096
       -0        -0        -0        -0        -0        -0        -0        -0        -0        -0  -1.14965  -1.30628  -2.09093  0.784563   -2.3005  0.400866   -1.8723 -0.429491  -2.95299  -2.15563
       -0        -0        -0        -0        -0        -0        -0        -0        -0        -0 -0.245478  0.997287  -2.70386  -2.66521  -2.68652  -1.28097  -2.45261  -2.95299 -0.746758  -2.06203
       -0        -0        -0        -0        -0        -0        -0        -0        -0        -0 -0.430713  -2.98858  0.700106  -1.24606  -1.43352  0.594168 -0.525096  -2.15563  -2.06203  -2.98483
  1.64555   1.64883  0.785319 -0.198075   1.64878  -0.49312   2.20322   2.34236   1.71814 -0.891798        -0        -0        -0        -0        -0        -0        -0        -0        -0        -0
  1.64883 -0.733412 0.0459327    1.6037   2.14012 0.0738884   2.85889   2.90497  0.917419   2.59381        -0        -0        -0        -0        -0        -0        -0        -0        -0        -0
 0.785319 0.0459327   1.36899   1.76476   2.97236   1.94788   1.24022  0.791264   2.58133   1.82176        -0        -0        -0        -0        -0        -0        -0        -0        -0        -0
-0.198075    1.6037   1.76476   2.09304   1.62449   1.87587  0.967981   2.31472  0.666021   1.34842        -0        -0        -0        -0        -0        -0        -0        -0        -0        -0
  1.64878   2.14012   2.97236   1.62449  0.492809    2.1591   1.95193   1.52946 -0.206708  0.561788        -0        -0        -0        -0        -0        -0        -0        -0        -0        -0
 -0.49312 0.0738884   1.94788   1.87587    2.1591   1.23988    1.5804   2.28407   1.74043  0.773693        -0        -0        -0        -0        -0        -0        -0        -0        -0        -0
   2.20322    2.85889    1.24022   0.967981    1.95193     1.5804    1.15985    2.21888     2.9059 -0.0711798         -0         -0         -0         -0         -0         -0         -0         -0         -0         -0
  2.34236   2.90497  0.791264   2.31472   1.52946   2.28407   2.21888  -0.18381 -0.528325   2.72164        -0        -0        -0        -0        -0        -0        -0        -0        -0        -0
  1.71814  0.917419   2.58133  0.666021 -0.206708   1.74043    2.9059 -0.528325 -0.609418  0.410286        -0        -0        -0        -0        -0        -0        -0        -0        -0        -0
 -0.891798    2.59381    1.82176    1.34842   0.561788   0.773693 -0.0711798    2.72164   0.410286      1.185         -0         -0         -0         -0         -0         -0         -0         -0         -0         -0
       -0        -0        -0        -0        -0        -0        -0        -0        -0        -0  -1.64555  -1.64883 -0.785319  0.198075  -1.64878   0.49312  -2.20322  -2.34236  -1.71814  0.891798
        -0         -0         -0         -0         -0         -0         -0         -0         -0         -0   -1.64883   0.733412 -0.0459327    -1.6037   -2.14012 -0.0738884   -2.85889   -2.90497  -0.917419   -2.59381
        -0         -0         -0         -0         -0         -0         -0         -0         -0         -0  -0.785319 -0.0459327   -1.36899   -1.76476   -2.97236   -1.94788   -1.24022  -0.791264   -2.58133   -1.82176
       -0        -0        -0        -0        -0        -0        -0        -0        -0        -0  0.198075   -1.6037  -1.76476  -2.09304  -1.62449  -1.87587 -0.967981  -2.31472 -0.666021  -1.34842
       -0        -0        -0        -0        -0        -0        -0        -0        -0        -0  -1.64878  -2.14012  -2.97236  -1.62449 -0.492809   -2.1591  -1.95193  -1.52946  0.206708 -0.561788
        -0         -0         -0         -0         -0         -0         -0         -0         -0         -0    0.49312 -0.0738884   -1.94788   -1.87587    -2.1591   -1.23988    -1.5804   -2.28407   -1.74043  -0.773693
       -0        -0        -0        -0        -0        -0        -0        -0        -0        -0  -2.20322  -2.85889  -1.24022 -0.967981  -1.95193   -1.5804  -1.15985  -2.21888   -2.9059 0.0711798
       -0        -0        -0        -0        -0        -0        -0        -0        -0        -0  -2.34236  -2.90497 -0.791264  -2.31472  -1.52946  -2.28407  -2.21888   0.18381  0.528325  -2.72164
       -0        -0        -0        -0        -0        -0        -0        -0        -0        -0  -1.71814 -0.917419  -2.58133 -0.666021  0.206708  -1.74043   -2.9059  0.528325  0.609418 -0.410286
       -0        -0        -0        -0        -0        -0        -0        -0        -0        -0  0.891798  -2.59381  -1.82176  -1.34842 -0.561788 -0.773693 0.0711798  -2.72164 -0.410286    -1.185
  1.37278  0.793686 -0.311455  0.611497 -0.773115   1.59074  0.632871 -0.922819  0.195432   2.41181        -0        -0        -0        -0        -0        -0        -0        -0        -0        -0
  0.793686  -0.846239  -0.850751    2.75606  -0.405775    1.14429    1.29829 0.00674961    1.63354    2.54362         -0         -0         -0         -0         -0         -0         -0         -0         -0         -0
-0.311455 -0.850751 -0.900157   2.44693  0.910282   1.76263  0.491536   2.98886  0.317562 -0.796539        -0        -0        -0        -0        -0        -0        -0        -0        -0        -0
  0.611497    2.75606    2.44693    2.70147    2.00296    1.69058  0.0798022   0.987463    2.95806 -0.0966543         -0         -0         -0         -0         -0         -0         -0         -0         -0         -0
-0.773115 -0.405775  0.910282   2.00296  0.969245  0.654593  0.999761 -0.990286   0.32412 -0.376583        -0        -0        -0        -0        -0        -0        -0        -0        -0        -0
 1.59074  1.14429  1.76263  1.69058 0.654593 0.260305  0.41164 0.958108  1.97215  1.20322       -0       -0       -0       -0       -0       -0       -0       -0       -0       -0
 0.632871   1.29829  0.491536 0.0798022  0.999761   0.41164 -0.405901  0.717528  0.218368   1.31499        -0        -0        -0        -0        -0        -0        -0        -0        -0        -0
 -0.922819 0.00674961    2.98886   0.987463  -0.990286   0.958108   0.717528    1.58205   0.676329   0.217517         -0         -0         -0         -0         -0         -0         -0         -0         -0         -0
 0.195432   1.63354  0.317562   2.95806   0.32412   1.97215  0.218368  0.676329  0.910744 -0.476118        -0        -0        -0        -0        -0        -0        -0        -0        -0        -0
   2.41181    2.54362  -0.796539 -0.0966543  -0.376583    1.20322    1.31499   0.217517  -0.476118    2.09485         -0         -0         -0         -0         -0         -0         -0         -0         -0         -0
       -0        -0        -0        -0        -0        -0        -0        -0        -0        -0  -1.37278 -0.793686  0.311455 -0.611497  0.773115  -1.59074 -0.632871  0.922819 -0.195432  -2.41181
         -0          -0          -0          -0          -0          -0          -0          -0          -0          -0   -0.793686    0.846239    0.850751    -2.75606    0.405775    -1.14429    -1.29829 -0.00674961    -1.63354    -2.54362
       -0        -0        -0        -0        -0        -0        -0        -0        -0        -0  0.311455  0.850751  0.900157  -2.44693 -0.910282  -1.76263 -0.491536  -2.98886 -0.317562  0.796539
        -0         -0         -0         -0         -0         -0         -0         -0         -0         -0  -0.611497   -2.75606   -2.44693   -2.70147   -2.00296   -1.69058 -0.0798022  -0.987463   -2.95806  0.0966543
       -0        -0        -0        -0        -0        -0        -0        -0        -0        -0  0.773115  0.405775 -0.910282  -2.00296 -0.969245 -0.654593 -0.999761  0.990286  -0.32412  0.376583
       -0        -0        -0        -0        -0        -0        -0        -0        -0        -0  -1.59074  -1.14429  -1.76263  -1.69058 -0.654593 -0.260305  -0.41164 -0.958108  -1.97215  -1.20322
        -0         -0         -0         -0         -0         -0         -0         -0         -0         -0  -0.632871   -1.29829  -0.491536 -0.0798022  -0.999761   -0.41164   0.405901  -0.717528  -0.218368   -1.31499
         -0          -0          -0          -0          -0          -0          -0          -0          -0          -0    0.922819 -0.00674961    -2.98886   -0.987463    0.990286   -0.958108   -0.717528    -1.58205   -0.676329   -0.217517
       -0        -0        -0        -0        -0        -0        -0        -0        -0        -0 -0.195432  -1.63354 -0.317562  -2.95806  -0.32412  -1.97215 -0.218368 -0.676329 -0.910744  0.476118
       -0        -0        -0        -0        -0        -0        -0        -0        -0        -0  -2.41181  -2.54362  0.796539 0.0966543  0.376583  -1.20322  -1.31499 -0.217517  0.476118  -2.09485
-0.387845   2.47933   1.97039  0.960916  0.438572   2.12165   2.09036    2.5989   1.86268   1.98494        -0        -0        -0        -0        -0        -0        -0        -0        -0        -0
  2.47933    2.8888   2.64773   2.67649 -0.124069 -0.361532   1.49536  0.485423    2.1918   2.35636        -0        -0        -0        -0        -0        -0        -0        -0        -0        -0
   1.97039    2.64773   0.223403    1.50202  -0.244011     0.1173 -0.0672969  -0.044537    2.26428  -0.321835         -0         -0         -0         -0         -0         -0         -0         -0         -0         -0
 0.960916   2.67649   1.50202   1.06252   1.67405 -0.654946  0.592379 -0.645111   2.97998   2.91764        -0        -0        -0        -0        -0        -0        -0        -0        -0        -0
  0.438572  -0.124069  -0.244011    1.67405    0.67282    2.81232  -0.442124  -0.840529    2.53685 -0.0512633         -0         -0         -0         -0         -0         -0         -0         -0         -0         -0
  2.12165 -0.361532    0.1173 -0.654946   2.81232  0.668379  0.210214   1.62828    2.0766  0.236041        -0        -0        -0        -0        -0        -0        -0        -0        -0        -0
   2.09036    1.49536 -0.0672969   0.592379  -0.442124   0.210214    1.68293 -0.0422629    0.64836   0.127855         -0         -0         -0         -0         -0         -0         -0         -0         -0         -0
    2.5989   0.485423  -0.044537  -0.645111  -0.840529    1.62828 -0.0422629   0.393113   0.728727    2.63166         -0         -0         -0         -0         -0         -0         -0         -0         -0         -0
  1.86268    2.1918   2.26428   2.97998   2.53685    2.0766   0.64836  0.728727 -0.733999   2.96775        -0        -0        -0        -0        -0        -0        -0        -0        -0        -0
   1.98494    2.35636  -0.321835    2.91764 -0.0512633   0.236041   0.127855    2.63166    2.96775   0.174707         -0         -0         -0         -0         -0         -0         -0         -0         -0         -0
       -0        -0        -0        -0        -0        -0        -0        -0        -0        -0  0.387845  -2.47933  -1.97039 -0.960916 -0.438572  -2.12165  -2.09036   -2.5989  -1.86268  -1.98494
       -0        -0        -0        -0        -0        -0        -0        -0        -0        -0  -2.47933   -2.8888  -2.64773  -2.67649  0.124069  0.361532  -1.49536 -0.485423   -2.1918  -2.35636
       -0        -0        -0        -0        -0        -0        -0        -0        -0        -0  -1.97039  -2.64773 -0.223403  -1.50202  0.244011   -0.1173 0.0672969  0.044537  -2.26428  0.321835
       -0        -0        -0        -0        -0        -0        -0        -0        -0        -0 -0.960916  -2.67649  -1.50202  -1.06252  -1.67405  0.654946 -0.592379  0.645111  -2.97998  -2.91764
       -0        -0        -0        -0        -0        -0        -0        -0        -0        -0 -0.438572  0.124069  0.244011  -1.67405  -0.67282  -2.81232  0.442124  0.840529  -2.53685 0.0512633
       -0        -0        -0        -0        -0        -0        -0        -0        -0        -0  -2.12165  0.361532   -0.1173  0.654946  -2.81232 -0.668379 -0.210214  -1.62828   -2.0766 -0.236041
       -0        -0        -0        -0        -0        -0        -0        -0        -0        -0  -2.09036  -1.49536 0.0672969 -0.592379  0.442124 -0.210214  -1.68293 0.0422629  -0.64836 -0.127855
       -0        -0        -0        -0        -0        -0        -0        -0        -0        -0   -2.5989 -0.485423  0.044537  0.645111  0.840529  -1.62828 0.0422629 -0.393113 -0.728727  -2.63166
       -0        -0        -0        -0        -0        -0        -0        -0        -0        -0  -1.86268   -2.1918  -2.26428  -2.97998  -2.53685   -2.0766  -0.64836 -0.728727  0.733999  -2.96775
       -0        -0        -0        -0        -0        -0        -0        -0        -0        -0  -1.98494  -2.35636  0.321835  -2.91764 0.0512633 -0.236041 -0.127855  -2.63166  -2.96775 -0.174707
   2.7112   2.50509   1.88654 0.0276091 0.0866159   2.36834  0.575038 -0.112187   2.23757  0.371774        -0        -0        -0        -0        -0        -0        -0        -0        -0        -0
  2.50509   2.07539   1.80741  0.759924 -0.358967 -0.558902   2.97268 -0.702897   2.97893   2.91713        -0        -0        -0        -0        -0        -0        -0        -0        -0        -0
  1.88654   1.80741  0.468327 -0.664861  0.795449 -0.632879   2.06238   2.94383  0.529741  0.614605        -0        -0        -0        -0        -0        -0        -0        -0        -0        -0
0.0276091  0.759924 -0.664861   2.68774    2.6435 -0.163338  0.910177   1.68326   2.60469 -0.565849        -0        -0        -0        -0        -0        -0        -0        -0        -0        -0
0.0866159 -0.358967  0.795449    2.6435    2.4104 -0.994198   2.66042   2.94061 -0.184404  0.827305        -0        -0        -0        -0        -0        -0        -0        -0        -0        -0
  2.36834 -0.558902 -0.632879 -0.163338 -0.994198   2.09217  0.488961   2.35423  0.535543  0.275024        -0        -0        -0        -0        -0        -0        -0        -0        -0        -0
0.575038  2.97268  2.06238 0.910177  2.66042 0.488961  1.16685  2.53408  1.69686 0.923112       -0       -0       -0       -0       -0       -0       -0       -0       -0       -0
-0.112187 -0.702897   2.94383   1.68326   2.94061   2.35423   2.53408  0.677853 -0.930679   2.99416        -0        -0        -0        -0        -0        -0        -0        -0        -0        -0
  2.23757   2.97893  0.529741   2.60469 -0.184404  0.535543   1.69686 -0.930679   1.34209   2.44278        -0        -0        -0        -0        -0        -0        -0        -0        -0        -0
 0.371774   2.91713  0.614605 -0.565849  0.827305  0.275024  0.923112   2.99416   2.44278  0.133599        -0        -0        -0        -0        -0        -0        -0        -0        -0        -0
        -0         -0         -0         -0         -0         -0         -0         -0         -0         -0    -2.7112   -2.50509   -1.88654 -0.0276091 -0.0866159   -2.36834  -0.575038   0.112187   -2.23757  -0.371774
       -0        -0        -0        -0        -0        -0        -0        -0        -0        -0  -2.50509  -2.07539  -1.80741 -0.759924  0.358967  0.558902  -2.97268  0.702897  -2.97893  -2.91713
       -0        -0        -0        -0        -0        -0        -0        -0        -0        -0  -1.88654  -1.80741 -0.468327  0.664861 -0.795449  0.632879  -2.06238  -2.94383 -0.529741 -0.614605
        -0         -0         -0         -0         -0         -0         -0         -0         -0         -0 -0.0276091  -0.759924   0.664861   -2.68774    -2.6435   0.163338  -0.910177   -1.68326   -2.60469   0.565849
        -0         -0         -0         -0         -0         -0         -0         -0         -0         -0 -0.0866159   0.358967  -0.795449    -2.6435    -2.4104   0.994198   -2.66042   -2.94061   0.184404  -0.827305
       -0        -0        -0        -0        -0        -0        -0        -0        -0        -0  -2.36834  0.558902  0.632879  0.163338  0.994198  -2.09217 -0.488961  -2.35423 -0.535543 -0.275024
       -0        -0        -0        -0        -0        -0        -0        -0        -0        -0 -0.575038  -2.97268  -2.06238 -0.910177  -2.66042 -0.488961  -1.16685  -2.53408  -1.69686 -0.923112
       -0        -0        -0        -0        -0        -0        -0        -0        -0        -0  0.112187  0.702897  -2.94383  -1.68326  -2.94061  -2.35423  -2.53408 -0.677853  0.930679  -2.99416
       -0        -0        -0        -0        -0        -0        -0        -0        -0        -0  -2.23757  -2.97893 -0.529741  -2.60469  0.184404 -0.535543  -1.69686  0.930679  -1.34209  -2.44278
       -0        -0        -0        -0        -0        -0        -0        -0        -0        -0 -0.371774  -2.91713 -0.614605  0.565849 -0.827305 -0.275024 -0.923112  -2.99416  -2.44278 -0.133599
   2.29696    2.63658     1.2302 -0.0678935    2.12094    2.00374    2.30714    2.30257    1.95808   0.129213         -0         -0         -0         -0         -0         -0         -0         -0         -0         -0
  2.63658   1.28673  0.441245   1.07951   1.09159  0.779896   1.42237   2.97182 -0.124581 -0.660033        -0        -0        -0        -0        -0        -0        -0        -0        -0        -0
    1.2302   0.441245 -0.0389148  -0.106795  0.0700073    2.81636    2.61527  -0.346008    -0.3364  -0.621165         -0         -0         -0         -0         -0         -0         -0         -0         -0         -0
-0.0678935    1.07951  -0.106795    1.36281    1.30549    2.96482  -0.799657  -0.627418    1.77444  -0.255522         -0         -0         -0         -0         -0         -0         -0         -0         -0         -0
  2.12094   1.09159 0.0700073   1.30549   2.25791    0.6247  -0.21482   1.27731 -0.159759  -0.45969        -0        -0        -0        -0        -0        -0        -0        -0        -0        -0
   2.00374   0.779896    2.81636    2.96482     0.6247   0.691758 -0.0644387     2.9119     1.2883   0.164015         -0         -0         -0         -0         -0         -0         -0         -0         -0         -0
   2.30714    1.42237    2.61527  -0.799657   -0.21482 -0.0644387  -0.892596    2.33401  -0.533803    0.68004         -0         -0         -0         -0         -0         -0         -0         -0         -0         -0
  2.30257   2.97182 -0.346008 -0.627418   1.27731    2.9119   2.33401  -0.41704   2.59345 -0.352287        -0        -0        -0        -0        -0        -0        -0        -0        -0        -0
  1.95808 -0.124581   -0.3364   1.77444 -0.159759    1.2883 -0.533803   2.59345 0.0328289  0.683311        -0        -0        -0        -0        -0        -0        -0        -0        -0        -0
 0.129213 -0.660033 -0.621165 -0.255522  -0.45969  0.164015   0.68004 -0.352287  0.683311   1.53092        -0        -0        -0        -0        -0        -0        -0        -0        -0        -0
       -0        -0        -0        -0        -0        -0        -0        -0        -0        -0  -2.29696  -2.63658   -1.2302 0.0678935  -2.12094  -2.00374  -2.30714  -2.30257  -1.95808 -0.129213
       -0        -0        -0        -0        -0        -0        -0        -0        -0        -0  -2.63658  -1.28673 -0.441245  -1.07951  -1.09159 -0.779896  -1.42237  -2.97182  0.124581  0.660033
        -0         -0         -0         -0         -0         -0         -0         -0         -0         -0    -1.2302  -0.441245  0.0389148   0.106795 -0.0700073   -2.81636   -2.61527   0.346008     0.3364   0.621165
       -0        -0        -0        -0        -0        -0        -0        -0        -0        -0 0.0678935  -1.07951  0.106795  -1.36281  -1.30549  -2.96482  0.799657  0.627418  -1.77444  0.255522
        -0         -0         -0         -0         -0         -0         -0         -0         -0         -0   -2.12094   -1.09159 -0.0700073   -1.30549   -2.25791    -0.6247    0.21482   -1.27731   0.159759    0.45969
       -0        -0        -0        -0        -0        -0        -0        -0        -0        -0  -2.00374 -0.779896  -2.81636  -2.96482   -0.6247 -0.691758 0.0644387   -2.9119   -1.2883 -0.164015
       -0        -0        -0        -0        -0        -0        -0        -0        -0        -0  -2.30714  -1.42237  -2.61527  0.799657   0.21482 0.0644387  0.892596  -2.33401  0.533803  -0.68004
      -0       -0       -0       -0       -0       -0       -0       -0       -0       -0 -2.30257 -2.97182 0.346008 0.627418 -1.27731  -2.9119 -2.33401  0.41704 -2.59345 0.352287
        -0         -0         -0         -0         -0         -0         -0         -0         -0         -0   -1.95808   0.124581     0.3364   -1.77444   0.159759    -1.2883   0.533803   -2.59345 -0.0328289  -0.683311
       -0        -0        -0        -0        -0        -0        -0        -0        -0        -0 -0.129213  0.660033  0.621165  0.255522   0.45969 -0.164015  -0.68004  0.352287 -0.683311  -1.53092
  2.21012   2.57618   0.51819 0.0414603   0.58684  0.686123   2.88623 -0.545628    2.1186  0.984441        -0        -0        -0        -0        -0        -0        -0        -0        -0        -0
  2.57618 -0.678908 -0.913977 -0.700983   2.35736   1.18381   1.89865  0.105211   2.25218   0.52499        -0        -0        -0        -0        -0        -0        -0        -0        -0        -0
  0.51819 -0.913977   2.90088  0.730237   1.00836   1.51615    2.4161    2.8437   1.41606  0.737229        -0        -0        -0        -0        -0        -0        -0        -0        -0        -0
0.0414603 -0.700983  0.730237    2.5442 -0.890044  0.586998  0.616463   1.46273  0.634749   0.40054        -0        -0        -0        -0        -0        -0        -0        -0        -0        -0
  0.58684   2.35736   1.00836 -0.890044   2.59714 -0.919165   1.44285  0.215167 -0.160823   2.14145        -0        -0        -0        -0        -0        -0        -0        -0        -0        -0
 0.686123   1.18381   1.51615  0.586998 -0.919165   2.34665   2.57923   2.44084   1.49689 -0.819923        -0        -0        -0        -0        -0        -0        -0        -0        -0        -0
   2.88623    1.89865     2.4161   0.616463    1.44285    2.57923  -0.294832    2.56663 -0.0186048 -0.0202328         -0         -0         -0         -0         -0         -0         -0         -0         -0         -0
-0.545628  0.105211    2.8437   1.46273  0.215167   2.44084   2.56663  -0.31152   1.86736   2.84662        -0        -0        -0        -0        -0        -0        -0        -0        -0        -0
    2.1186    2.25218    1.41606   0.634749  -0.160823    1.49689 -0.0186048    1.86736   0.638765    1.94718         -0         -0         -0         -0         -0         -0         -0         -0         -0         -0
  0.984441    0.52499   0.737229    0.40054    2.14145  -0.819923 -0.0202328    2.84662    1.94718  -0.501862         -0         -0         -0         -0         -0         -0         -0         -0         -0         -0
        -0         -0         -0         -0         -0         -0         -0         -0         -0         -0   -2.21012   -2.57618   -0.51819 -0.0414603   -0.58684  -0.686123   -2.88623   0.545628    -2.1186  -0.984441
       -0        -0        -0        -0        -0        -0        -0        -0        -0        -0  -2.57618  0.678908  0.913977  0.700983  -2.35736  -1.18381  -1.89865 -0.105211  -2.25218  -0.52499
       -0        -0        -0        -0        -0        -0        -0        -0        -0        -0  -0.51819  0.913977  -2.90088 -0.730237  -1.00836  -1.51615   -2.4161   -2.8437  -1.41606 -0.737229
        -0         -0         -0         -0         -0         -0         -0         -0         -0         -0 -0.0414603   0.700983  -0.730237    -2.5442   0.890044  -0.586998  -0.616463   -1.46273  -0.634749   -0.40054
