20
1
20
 -0.144183  -0.121467 -0.0311803  -0.218147   0.085216 -0.0839981  0.0415163   0.329418  0.0249656   0.223794   0.131773  -0.375049  -0.218756  -0.132771   0.351724   0.423711   0.275974   0.108841   0.324608  -0.143196
-22.7511 -5.58553 -9.62154 -19.6382 -16.9148 -15.5865 -16.6384 -4.68239 -13.0777 -10.5002 -11.0324 -22.7891 -8.38376   -19.61 -10.7342 -14.0017 -13.2317 -6.51292 -13.3231 -2.82611
 -5.58553  -23.1909   2.13297  -7.37444  -4.81379  -3.20226  -0.71775  -6.18234   2.08397   3.15403   5.12263  -11.7154   4.84646 0.0525353  -8.67901 -0.303687  -9.32554 -0.745559  -8.66551  -3.23913
-9.62154  2.13297  -39.055  -18.891 -17.1869 -19.6377 -25.0605 -14.9051 -29.1328 -22.3937 -13.8955 -18.1206 -27.4571 -32.0975 -7.18309 -26.2621 -6.86046 -23.0707 -18.9493 -26.0408
-19.6382 -7.37444  -18.891 -51.5202 -27.8859 -27.4108 -30.9783 -20.1797 -11.8173 -22.0231 -17.9653 -28.6656  -23.918 -29.7506 -27.2947 -27.0972 -19.6017 -24.8305 -24.7855 -14.0228
-16.9148 -4.81379 -17.1869 -27.8859 -44.1899 -9.79567 -34.1292 -18.1199 -19.5486 -17.2589 -11.3812 -28.8629 -21.9882 -27.5565 -12.3219 -18.9351 -20.1438 -21.5642 -28.7657 -3.69051
-15.5865 -3.20226 -19.6377 -27.4108 -9.79567 -41.7506 -21.7271 -8.80372 -21.4621 -17.1806  -18.347 -26.9876 -11.9521 -26.6613 -22.4494 -25.3078 -18.7459 -20.2845 -17.8204  -21.662
-16.6384 -0.71775 -25.0605 -30.9783 -34.1292 -21.7271 -56.5998 -20.3835 -23.1157 -26.0551  -19.502  -32.663 -33.3544 -34.5436 -13.0345 -29.8794 -36.9216 -37.6805 -35.4888 -20.4989
-4.68239 -6.18234 -14.9051 -20.1797 -18.1199 -8.80372 -20.3835 -35.1865 -14.6409  -20.735   -1.953 -21.2431 -14.6166  -13.868 -16.7652 -10.9929 -15.6041 -25.7061 -10.6982  -8.9083
-13.0777  2.08397 -29.1328 -11.8173 -19.5486 -21.4621 -23.1157 -14.6409  -46.356 -30.4917  -15.354 -21.2547  -21.307 -30.5368 -5.77983   -14.89 -14.3947 -18.4185 -14.9838  -23.031
-10.5002  3.15403 -22.3937 -22.0231 -17.2589 -17.1806 -26.0551  -20.735 -30.4917 -49.2852 -23.3172 -19.1445 -22.0361 -26.4123 -11.1227 -11.2587 -12.7447 -23.2429 -18.6811 -15.2284
-11.0324  5.12263 -13.8955 -17.9653 -11.3812  -18.347  -19.502   -1.953  -15.354 -23.3172 -33.6336  -11.805 -13.5429 -24.3287 -6.66307 -22.5389 -8.12152 -5.70841 -27.5779 -8.76491
-22.7891 -11.7154 -18.1206 -28.6656 -28.8629 -26.9876  -32.663 -21.2431 -21.2547 -19.1445  -11.805 -47.5966 -12.6806 -27.9961 -20.3451 -28.2231 -31.9927 -25.4202 -24.1945 -11.5359
-8.38376  4.84646 -27.4571  -23.918 -21.9882 -11.9521 -33.3544 -14.6166  -21.307 -22.0361 -13.5429 -12.6806 -38.8951 -30.9963 -8.16942 -19.0008  -13.611 -20.4744 -16.2641 -20.2265
   -19.61 0.0525353  -32.0975  -29.7506  -27.5565  -26.6613  -34.5436   -13.868  -30.5368  -26.4123  -24.3287  -27.9961  -30.9963  -63.1899  -20.9303   -35.598  -17.7403  -27.7969   -28.375  -28.0257
-10.7342 -8.67901 -7.18309 -27.2947 -12.3219 -22.4494 -13.0345 -16.7652 -5.77983 -11.1227 -6.66307 -20.3451 -8.16942 -20.9303 -35.0181 -14.1707 -12.6164   -14.58 -11.4257 -6.85857
 -14.0017 -0.303687  -26.2621  -27.0972  -18.9351  -25.3078  -29.8794  -10.9929    -14.89  -11.2587  -22.5389  -28.2231  -19.0008   -35.598  -14.1707  -59.8747  -20.7235  -26.6808  -38.1277  -19.4158
-13.2317 -9.32554 -6.86046 -19.6017 -20.1438 -18.7459 -36.9216 -15.6041 -14.3947 -12.7447 -8.12152 -31.9927  -13.611 -17.7403 -12.6164 -20.7235 -47.1909 -23.8834 -18.5856  -11.046
 -6.51292 -0.745559  -23.0707  -24.8305  -21.5642  -20.2845  -37.6805  -25.7061  -18.4185  -23.2429  -5.70841  -25.4202  -20.4744  -27.7969    -14.58  -26.6808  -23.8834  -54.8281  -26.0539   -25.818
-13.3231 -8.66551 -18.9493 -24.7855 -28.7657 -17.8204 -35.4888 -10.6982 -14.9838 -18.6811 -27.5779 -24.1945 -16.2641  -28.375 -11.4257 -38.1277 -18.5856 -26.0539 -57.4939 -15.9529
-2.82611 -3.23913 -26.0408 -14.0228 -3.69051  -21.662 -20.4989  -8.9083  -23.031 -15.2284 -8.76491 -11.5359 -20.2265 -28.0257 -6.85857 -19.4158  -11.046  -25.818 -15.9529 -38.5149
 0.246504   2.94099   1.58518   2.96874 -0.892864 -0.141338   1.36504 -0.901492   1.67945   1.37334        -0        -0        -0        -0        -0        -0        -0        -0        -0        -0
  2.94099   2.40508   1.00058 -0.931645 -0.541424   2.75321 -0.303093   2.51026    1.1069 -0.951111        -0        -0        -0        -0        -0        -0        -0        -0        -0        -0
  1.58518   1.00058   0.82267    1.8699  0.449865 0.0675058   1.27184 -0.415147   1.11925   1.40165        -0        -0        -0        -0        -0        -0        -0        -0        -0        -0
  2.96874 -0.931645    1.8699   2.99472  0.912543   1.68133  0.234943  0.548373   2.74695 -0.354826        -0        -0        -0        -0        -0        -0        -0        -0        -0        -0
-0.892864 -0.541424  0.449865  0.912543   1.04882   2.78664 -0.308373  0.422799 -0.211773  0.283832        -0        -0        -0        -0        -0        -0        -0        -0        -0        -0
-0.141338   2.75321 0.0675058   1.68133   2.78664  0.229625   2.12588   1.63367   0.90589   2.09328        -0        -0        -0        -0        -0        -0        -0        -0        -0        -0
   1.36504  -0.303093    1.27184   0.234943  -0.308373    2.12588    2.60869   0.198014 -0.0234216    2.77106         -0         -0         -0         -0         -0         -0         -0         -0         -0         -0
-0.901492   2.51026 -0.415147  0.548373  0.422799   1.63367  0.198014   2.61252 -0.830144 -0.107475        -0        -0        -0        -0        -0        -0        -0        -0        -0        -0
   1.67945     1.1069    1.11925    2.74695  -0.211773    0.90589 -0.0234216  -0.830144    0.68385   0.146998         -0         -0         -0         -0         -0         -0         -0         -0         -0         -0
  1.37334 -0.951111   1.40165 -0.354826  0.283832   2.09328   2.77106 -0.107475  0.146998   2.17418        -0        -0        -0        -0        -0        -0        -0        -0        -0        -0
       -0        -0        -0        -0        -0        -0        -0        -0        -0        -0 -0.246504  -2.94099  -1.58518  -2.96874  0.892864  0.141338  -1.36504  0.901492  -1.67945  -1.37334
      -0       -0       -0       -0       -0       -0       -0       -0       -0       -0 -2.94099 -2.40508 -1.00058 0.931645 0.541424 -2.75321 0.303093 -2.51026  -1.1069 0.951111
        -0         -0         -0         -0         -0         -0         -0         -0         -0         -0   -1.58518   -1.00058   -0.82267    -1.8699  -0.449865 -0.0675058   -1.27184   0.415147   -1.11925   -1.40165
       -0        -0        -0        -0        -0        -0        -0        -0        -0        -0  -2.96874  0.931645   -1.8699  -2.99472 -0.912543  -1.68133 -0.234943 -0.548373  -2.74695  0.354826
       -0        -0        -0        -0        -0        -0        -0        -0        -0        -0  0.892864  0.541424 -0.449865 -0.912543  -1.04882  -2.78664  0.308373 -0.422799  0.211773 -0.283832
        -0         -0         -0         -0         -0         -0         -0         -0         -0         -0   0.141338   -2.75321 -0.0675058   -1.68133   -2.78664  -0.229625   -2.12588   -1.63367   -0.90589   -2.09328
       -0        -0        -0        -0        -0        -0        -0        -0        -0        -0  -1.36504  0.303093  -1.27184 -0.234943  0.308373  -2.12588  -2.60869 -0.198014 0.0234216  -2.77106
       -0        -0        -0        -0        -0        -0        -0        -0        -0        -0  0.901492  -2.51026  0.415147 -0.548373 -0.422799  -1.63367 -0.198014  -2.61252  0.830144  0.107475
       -0        -0        -0        -0        -0        -0        -0        -0        -0        -0  -1.67945   -1.1069  -1.11925  -2.74695  0.211773  -0.90589 0.0234216  0.830144  -0.68385 -0.146998
       -0        -0        -0        -0        -0        -0        -0        -0        -0        -0  -1.37334  0.951111  -1.40165  0.354826 -0.283832  -2.09328  -2.77106  0.107475 -0.146998  -2.17418
0.0188017   1.35794 -0.172528   1.51428   1.63751 -0.214198   1.54216   2.03885 -0.389696   2.76193        -0        -0        -0        -0        -0        -0        -0        -0        -0        -0
  1.35794    1.3992   1.92388   2.31097  0.858614   0.52124    2.5085 -0.391498   2.96562 -0.384928        -0        -0        -0        -0        -0        -0        -0        -0        -0        -0
-0.172528   1.92388 -0.884185 -0.285096   2.42489   1.08506   2.90441 -0.874863   1.24979 -0.147802        -0        -0        -0        -0        -0        -0        -0        -0        -0        -0
   1.51428    2.31097  -0.285096   0.198713    1.22997 -0.0983833    2.25706    1.46374    1.69537    2.66634         -0         -0         -0         -0         -0         -0         -0         -0         -0         -0
  1.63751  0.858614   2.42489   1.22997    1.3358 -0.249638 -0.292786   1.83847 -0.132768   2.87213        -0        -0        -0        -0        -0        -0        -0        -0        -0        -0
 -0.214198    0.52124    1.08506 -0.0983833  -0.249638   0.654112  -0.180964    1.46094    2.00015   0.559411         -0         -0         -0         -0         -0         -0         -0         -0         -0         -0
  1.54216    2.5085   2.90441   2.25706 -0.292786 -0.180964   1.76585 -0.965219 -0.650521 -0.514624        -0        -0        -0        -0        -0        -0        -0        -0        -0        -0
  2.03885 -0.391498 -0.874863   1.46374   1.83847   1.46094 -0.965219  0.449118    2.1685   1.63798        -0        -0        -0        -0        -0        -0        -0        -0        -0        -0
-0.389696   2.96562   1.24979   1.69537 -0.132768   2.00015 -0.650521    2.1685   1.07291   2.57257        -0        -0        -0        -0        -0        -0        -0        -0        -0        -0
  2.76193 -0.384928 -0.147802   2.66634   2.87213  0.559411 -0.514624   1.63798   2.57257   1.45637        -0        -0        -0        -0        -0        -0        -0        -0        -0        -0
        -0         -0         -0         -0         -0         -0         -0         -0         -0         -0 -0.0188017   -1.35794   0.172528   -1.51428   -1.63751   0.214198   -1.54216   -2.03885   0.389696   -2.76193
       -0        -0        -0        -0        -0        -0        -0        -0        -0        -0  -1.35794   -1.3992  -1.92388  -2.31097 -0.858614  -0.52124   -2.5085  0.391498  -2.96562  0.384928
      -0       -0       -0       -0       -0       -0       -0       -0       -0       -0 0.172528 -1.92388 0.884185 0.285096 -2.42489 -1.08506 -2.90441 0.874863 -1.24979 0.147802
       -0        -0        -0        -0        -0        -0        -0        -0        -0        -0  -1.51428  -2.31097  0.285096 -0.198713  -1.22997 0.0983833  -2.25706  -1.46374  -1.69537  -2.66634
       -0        -0        -0        -0        -0        -0        -0        -0        -0        -0  -1.63751 -0.858614  -2.42489  -1.22997   -1.3358  0.249638  0.292786  -1.83847  0.132768  -2.87213
       -0        -0        -0        -0        -0        -0        -0        -0        -0        -0  0.214198  -0.52124  -1.08506 0.0983833  0.249638 -0.654112  0.180964  -1.46094  -2.00015 -0.559411
      -0       -0       -0       -0       -0       -0       -0       -0       -0       -0 -1.54216  -2.5085 -2.90441 -2.25706 0.292786 0.180964 -1.76585 0.965219 0.650521 0.514624
       -0        -0        -0        -0        -0        -0        -0        -0        -0        -0  -2.03885  0.391498  0.874863  -1.46374  -1.83847  -1.46094  0.965219 -0.449118   -2.1685  -1.63798
      -0       -0       -0       -0       -0       -0       -0       -0       -0       -0 0.389696 -2.96562 -1.24979 -1.69537 0.132768 -2.00015 0.650521  -2.1685 -1.07291 -2.57257
       -0        -0        -0        -0        -0        -0        -0        -0        -0        -0  -2.76193  0.384928  0.147802  -2.66634  -2.87213 -0.559411  0.514624  -1.63798  -2.57257  -1.45637
-0.0954962   0.838491  -0.648697  0.0417462  -0.618353   0.308551   0.644097  -0.167605   0.255846  -0.931364         -0         -0         -0         -0         -0         -0         -0         -0         -0         -0
  0.838491    2.96276    1.43366   0.191037 -0.0295059     2.3422   0.353421    1.52467    2.23009   0.972377         -0         -0         -0         -0         -0         -0         -0         -0         -0         -0
 -0.648697    1.43366   0.776418 -0.0530987   0.325167    2.62629    1.21109  -0.284442   -0.52604  -0.726475         -0         -0         -0         -0         -0         -0         -0         -0         -0         -0
 0.0417462   0.191037 -0.0530987  -0.893386    2.01765    2.08497      1.591    1.15756  -0.117864    1.27973         -0         -0         -0         -0         -0         -0         -0         -0         -0         -0
 -0.618353 -0.0295059   0.325167    2.01765  0.0587741  -0.454296   0.460035   0.542328    1.31506  -0.436624         -0         -0         -0         -0         -0         -0         -0         -0         -0         -0
 0.308551    2.3422   2.62629   2.08497 -0.454296  0.726294 -0.568229  0.774333 0.0196635   0.73356        -0        -0        -0        -0        -0        -0        -0        -0        -0        -0
 0.644097  0.353421   1.21109     1.591  0.460035 -0.568229 -0.386939   1.14086   1.60843    1.7115        -0        -0        -0        -0        -0        -0        -0        -0        -0        -0
-0.167605   1.52467 -0.284442   1.15756  0.542328  0.774333   1.14086  -0.93678   2.04858  0.176437        -0        -0        -0        -0        -0        -0        -0        -0        -0        -0
 0.255846   2.23009  -0.52604 -0.117864   1.31506 0.0196635   1.60843   2.04858  -0.67172  0.203548        -0        -0        -0        -0        -0        -0        -0        -0        -0        -0
-0.931364  0.972377 -0.726475   1.27973 -0.436624   0.73356    1.7115  0.176437  0.203548 -0.145473        -0        -0        -0        -0        -0        -0        -0        -0        -0        -0
        -0         -0         -0         -0         -0         -0         -0         -0         -0         -0  0.0954962  -0.838491   0.648697 -0.0417462   0.618353  -0.308551  -0.644097   0.167605  -0.255846   0.931364
       -0        -0        -0        -0        -0        -0        -0        -0        -0        -0 -0.838491  -2.96276  -1.43366 -0.191037 0.0295059   -2.3422 -0.353421  -1.52467  -2.23009 -0.972377
       -0        -0        -0        -0        -0        -0        -0        -0        -0        -0  0.648697  -1.43366 -0.776418 0.0530987 -0.325167  -2.62629  -1.21109  0.284442   0.52604  0.726475
        -0         -0         -0         -0         -0         -0         -0         -0         -0         -0 -0.0417462  -0.191037  0.0530987   0.893386   -2.01765   -2.08497     -1.591   -1.15756   0.117864   -1.27973
        -0         -0         -0         -0         -0         -0         -0         -0         -0         -0   0.618353  0.0295059  -0.325167   -2.01765 -0.0587741   0.454296  -0.460035  -0.542328   -1.31506   0.436624
        -0         -0         -0         -0         -0         -0         -0         -0         -0         -0  -0.308551    -2.3422   -2.62629   -2.08497   0.454296  -0.726294   0.568229  -0.774333 -0.0196635   -0.73356
       -0        -0        -0        -0        -0        -0        -0        -0        -0        -0 -0.644097 -0.353421  -1.21109    -1.591 -0.460035  0.568229  0.386939  -1.14086  -1.60843   -1.7115
       -0        -0        -0        -0        -0        -0        -0        -0        -0        -0  0.167605  -1.52467  0.284442  -1.15756 -0.542328 -0.774333  -1.14086   0.93678  -2.04858 -0.176437
        -0         -0         -0         -0         -0         -0         -0         -0         -0         -0  -0.255846   -2.23009    0.52604   0.117864   -1.31506 -0.0196635   -1.60843   -2.04858    0.67172  -0.203548
       -0        -0        -0        -0        -0        -0        -0        -0        -0        -0  0.931364 -0.972377  0.726475  -1.27973  0.436624  -0.73356   -1.7115 -0.176437 -0.203548  0.145473
-0.078499   2.46612 -0.348735   2.84105 -0.696907   1.07966 -0.682677   2.25733  0.198943   2.99519        -0        -0        -0        -0        -0        -0        -0        -0        -0        -0
  2.46612   1.24059  0.995298  0.921711   2.89182 -0.127717   1.76876   1.91778   2.32725 -0.222565        -0        -0        -0        -0        -0        -0        -0        -0        -0        -0
-0.348735  0.995298    2.2604  0.897841   2.36713   2.66615 -0.914246 -0.375959   1.20761   1.50274        -0        -0        -0        -0        -0        -0        -0        -0        -0        -0
  2.84105  0.921711  0.897841   2.22025 -0.133886   0.34006   1.21516   1.62445 -0.134905  -0.91906        -0        -0        -0        -0        -0        -0        -0        -0        -0        -0
-0.696907   2.89182   2.36713 -0.133886    2.8319  0.797074  0.989012   2.78389 -0.332691    1.9926        -0        -0        -0        -0        -0        -0        -0        -0        -0        -0
  1.07966 -0.127717   2.66615   0.34006  0.797074   2.94118   2.64452 -0.544057 -0.995312  -0.50825        -0        -0        -0        -0        -0        -0        -0        -0        -0        -0
-0.682677   1.76876 -0.914246   1.21516  0.989012   2.64452  -0.69349  0.114312 -0.193726   2.72547        -0        -0        -0        -0        -0        -0        -0        -0        -0        -0
  2.25733   1.91778 -0.375959   1.62445   2.78389 -0.544057  0.114312   2.52809  0.831143   2.29911        -0        -0        -0        -0        -0        -0        -0        -0        -0        -0
 0.198943   2.32725   1.20761 -0.134905 -0.332691 -0.995312 -0.193726  0.831143 -0.539888   1.62254        -0        -0        -0        -0        -0        -0        -0        -0        -0        -0
  2.99519 -0.222565   1.50274  -0.91906    1.9926  -0.50825   2.72547   2.29911   1.62254   1.34015        -0        -0        -0        -0        -0        -0        -0        -0        -0        -0
       -0        -0        -0        -0        -0        -0        -0        -0        -0        -0  0.078499  -2.46612  0.348735  -2.84105  0.696907  -1.07966  0.682677  -2.25733 -0.198943  -2.99519
       -0        -0        -0        -0        -0        -0        -0        -0        -0        -0  -2.46612  -1.24059 -0.995298 -0.921711  -2.89182  0.127717  -1.76876  -1.91778  -2.32725  0.222565
       -0        -0        -0        -0        -0        -0        -0        -0        -0        -0  0.348735 -0.995298   -2.2604 -0.897841  -2.36713  -2.66615  0.914246  0.375959  -1.20761  -1.50274
       -0        -0        -0        -0        -0        -0        -0        -0        -0        -0  -2.84105 -0.921711 -0.897841  -2.22025  0.133886  -0.34006  -1.21516  -1.62445  0.134905   0.91906
       -0        -0        -0        -0        -0        -0        -0        -0        -0        -0  0.696907  -2.89182  -2.36713  0.133886   -2.8319 -0.797074 -0.989012  -2.78389  0.332691   -1.9926
       -0        -0        -0        -0        -0        -0        -0        -0        -0        -0  -1.07966  0.127717  -2.66615  -0.34006 -0.797074  -2.94118  -2.64452  0.544057  0.995312   0.50825
       -0        -0        -0        -0        -0        -0        -0        -0        -0        -0  0.682677  -1.76876  0.914246  -1.21516 -0.989012  -2.64452   0.69349 -0.114312  0.193726  -2.72547
       -0        -0        -0        -0        -0        -0        -0        -0        -0        -0  -2.25733  -1.91778  0.375959  -1.62445  -2.78389  0.544057 -0.114312  -2.52809 -0.831143  -2.29911
       -0        -0        -0        -0        -0        -0        -0        -0        -0        -0 -0.198943  -2.32725  -1.20761  0.134905  0.332691  0.995312  0.193726 -0.831143  0.539888  -1.62254
      -0       -0       -0       -0       -0       -0       -0       -0       -0       -0 -2.99519 0.222565 -1.50274  0.91906  -1.9926  0.50825 -2.72547 -2.29911 -1.62254 -1.34015
-0.968674   1.95397   2.17421   1.32634 -0.147579   2.70227 -0.149878  0.236028   1.16024   2.73315        -0        -0        -0        -0        -0        -0        -0        -0        -0        -0
  1.95397  0.768856 -0.820218 -0.273151   2.74804  -0.78675   2.82965  0.653035  0.926546  0.851207        -0        -0        -0        -0        -0        -0        -0        -0        -0        -0
   2.17421  -0.820218    1.40382    1.67111    1.96487   0.256397 -0.0751281    2.23877    2.05201    1.26671         -0         -0         -0         -0         -0         -0         -0         -0         -0         -0
  1.32634 -0.273151   1.67111   2.58427   1.53857   1.10608   2.52123 -0.799105   2.41663 -0.341976        -0        -0        -0        -0        -0        -0        -0        -0        -0        -0
 -0.147579    2.74804    1.96487    1.53857 -0.0903811   0.890193    2.41392  -0.808399   -0.96737   0.372437         -0         -0         -0         -0         -0         -0         -0         -0         -0         -0
   2.70227   -0.78675   0.256397    1.10608   0.890193    0.51712    1.30709   -0.85161 -0.0577997   0.680626         -0         -0         -0         -0         -0         -0         -0         -0         -0         -0
 -0.149878    2.82965 -0.0751281    2.52123    2.41392    1.30709    1.69666   0.799714 -0.0662478    1.96511         -0         -0         -0         -0         -0         -0         -0         -0         -0         -0
 0.236028  0.653035   2.23877 -0.799105 -0.808399  -0.85161  0.799714   0.08362   2.53513   -0.9309        -0        -0        -0        -0        -0        -0        -0        -0        -0        -0
   1.16024   0.926546    2.05201    2.41663   -0.96737 -0.0577997 -0.0662478    2.53513 0.00108531   0.720643         -0         -0         -0         -0         -0         -0         -0         -0         -0         -0
  2.73315  0.851207   1.26671 -0.341976  0.372437  0.680626   1.96511   -0.9309  0.720643   2.76573        -0        -0        -0        -0        -0        -0        -0        -0        -0        -0
       -0        -0        -0        -0        -0        -0        -0        -0        -0        -0  0.968674  -1.95397  -2.17421  -1.32634  0.147579  -2.70227  0.149878 -0.236028  -1.16024  -2.73315
       -0        -0        -0        -0        -0        -0        -0        -0        -0        -0  -1.95397 -0.768856  0.820218  0.273151  -2.74804   0.78675  -2.82965 -0.653035 -0.926546 -0.851207
       -0        -0        -0        -0        -0        -0        -0        -0        -0        -0  -2.17421  0.820218  -1.40382  -1.67111  -1.96487 -0.256397 0.0751281  -2.23877  -2.05201  -1.26671
      -0       -0       -0       -0       -0       -0       -0       -0       -0       -0 -1.32634 0.273151 -1.67111 -2.58427 -1.53857 -1.10608 -2.52123 0.799105 -2.41663 0.341976
       -0        -0        -0        -0        -0        -0        -0        -0        -0        -0  0.147579  -2.74804  -1.96487  -1.53857 0.0903811 -0.890193  -2.41392  0.808399   0.96737 -0.372437
       -0        -0        -0        -0        -0        -0        -0        -0        -0        -0  -2.70227   0.78675 -0.256397  -1.10608 -0.890193  -0.51712  -1.30709   0.85161 0.0577997 -0.680626
       -0        -0        -0        -0        -0        -0        -0        -0        -0        -0  0.149878  -2.82965 0.0751281  -2.52123  -2.41392  -1.30709  -1.69666 -0.799714 0.0662478  -1.96511
       -0        -0        -0        -0        -0        -0        -0        -0        -0        -0 -0.236028 -0.653035  -2.23877  0.799105  0.808399   0.85161 -0.799714  -0.08362  -2.53513    0.9309
         -0          -0          -0          -0          -0          -0          -0          -0          -0          -0    -1.16024   -0.926546    -2.05201    -2.41663     0.96737   0.0577997   0.0662478    -2.53513 -0.00108531   -0.720643
       -0        -0        -0        -0        -0        -0        -0        -0        -0        -0  -2.73315 -0.851207  -1.26671  0.341976 -0.372437 -0.680626  -1.96511    0.9309 -0.720643  -2.76573
  2.55983   2.79604   2.64166  0.787593   1.56079   2.60681 -0.710973  -0.74665   1.28742 -0.152841        -0        -0        -0        -0        -0        -0        -0        -0        -0        -0
  2.79604 -0.145783   1.39873   2.64391 -0.822809  0.482026 -0.280417 -0.614879  0.985083   2.23523        -0        -0        -0        -0        -0        -0        -0        -0        -0        -0
  2.64166   1.39873   1.64254 -0.733692 -0.635085  0.853368   0.99231 -0.462447  -0.42358 -0.297517        -0        -0        -0        -0        -0        -0        -0        -0        -0        -0
 0.787593   2.64391 -0.733692   2.20635  0.658605   1.24935 -0.444665 -0.381735 -0.859214   1.83947        -0        -0        -0        -0        -0        -0        -0        -0        -0        -0
  1.56079 -0.822809 -0.635085  0.658605   2.02524   2.39039   2.92594   1.04373 -0.765567   2.79057        -0        -0        -0        -0        -0        -0        -0        -0        -0        -0
   2.60681   0.482026   0.853368    1.24935    2.39039 -0.0898768  -0.565175    2.56279    2.96681   -0.37158         -0         -0         -0         -0         -0         -0         -0         -0         -0         -0
-0.710973 -0.280417   0.99231 -0.444665   2.92594 -0.565175   2.97921  0.254028 0.0509096   2.27429        -0        -0        -0        -0        -0        -0        -0        -0        -0        -0
 -0.74665 -0.614879 -0.462447 -0.381735   1.04373   2.56279  0.254028   1.83278   1.49876   2.76978        -0        -0        -0        -0        -0        -0        -0        -0        -0        -0
  1.28742  0.985083  -0.42358 -0.859214 -0.765567   2.96681 0.0509096   1.49876    1.9462  0.371072        -0        -0        -0        -0        -0        -0        -0        -0        -0        -0
-0.152841   2.23523 -0.297517   1.83947   2.79057  -0.37158   2.27429   2.76978  0.371072   0.09863        -0        -0        -0        -0        -0        -0        -0        -0        -0        -0
       -0        -0        -0        -0        -0        -0        -0        -0        -0        -0  -2.55983  -2.79604  -2.64166 -0.787593  -1.56079  -2.60681  0.710973   0.74665  -1.28742  0.152841
       -0        -0        -0        -0        -0        -0        -0        -0        -0        -0  -2.79604  0.145783  -1.39873  -2.64391  0.822809 -0.482026  0.280417  0.614879 -0.985083  -2.23523
       -0        -0        -0        -0        -0        -0        -0        -0        -0        -0  -2.64166  -1.39873  -1.64254  0.733692  0.635085 -0.853368  -0.99231  0.462447   0.42358  0.297517
       -0        -0        -0        -0        -0        -0        -0        -0        -0        -0 -0.787593  -2.64391  0.733692  -2.20635 -0.658605  -1.24935  0.444665  0.381735  0.859214  -1.83947
       -0        -0        -0        -0        -0        -0        -0        -0        -0        -0  -1.56079  0.822809  0.635085 -0.658605  -2.02524  -2.39039  -2.92594  -1.04373  0.765567  -2.79057
       -0        -0        -0        -0        -0        -0        -0        -0        -0        -0  -2.60681 -0.482026 -0.853368  -1.24935  -2.39039 0.0898768  0.565175  -2.56279  -2.96681   0.37158
        -0         -0         -0         -0         -0         -0         -0         -0         -0         -0   0.710973   0.280417   -0.99231   0.444665   -2.92594   0.565175   -2.97921  -0.254028 -0.0509096   -2.27429
       -0        -0        -0        -0        -0        -0        -0        -0        -0        -0   0.74665  0.614879  0.462447  0.381735  -1.04373  -2.56279 -0.254028  -1.83278  -1.49876  -2.76978
        -0         -0         -0         -0         -0         -0         -0         -0         -0         -0   -1.28742  -0.985083    0.42358   0.859214   0.765567   -2.96681 -0.0509096   -1.49876    -1.9462  -0.371072
       -0        -0        -0        -0        -0        -0        -0        -0        -0        -0  0.152841  -2.23523  0.297517  -1.83947  -2.79057   0.37158  -2.27429  -2.76978 -0.371072  -0.09863
-0.869862   1.59111  0.822275   2.38658 -0.486815    1.8616   1.05805   1.15088    2.5623   2.87567        -0        -0        -0        -0        -0        -0        -0        -0        -0        -0
   1.59111  -0.352321  -0.825816 0.00626081    1.47918    2.85586    1.12467    2.25768  -0.745298    0.61274         -0         -0         -0         -0         -0         -0         -0         -0         -0         -0
 0.822275 -0.825816   0.31578   1.14867   2.40575  0.436496   2.16611   1.96533   2.64028   1.31171        -0        -0        -0        -0        -0        -0        -0        -0        -0        -0
    2.38658  0.00626081     1.14867   -0.129671    0.107019   -0.822617   -0.793282    0.556621 -0.00120541     2.04178          -0          -0          -0          -0          -0          -0          -0          -0          -0          -0
-0.486815   1.47918   2.40575  0.107019  0.646711   1.38062     1.995 -0.635299 -0.567915  0.819459        -0        -0        -0        -0        -0        -0        -0        -0        -0        -0
   1.8616   2.85586  0.436496 -0.822617   1.38062 -0.549851 -0.159935 -0.387956    1.0209  0.306717        -0        -0        -0        -0        -0        -0        -0        -0        -0        -0
  1.05805   1.12467   2.16611 -0.793282     1.995 -0.159935 -0.401923  0.750832  0.448944   2.88184        -0        -0        -0        -0        -0        -0        -0        -0        -0        -0
  1.15088   2.25768   1.96533  0.556621 -0.635299 -0.387956  0.750832   1.29999  0.715814   1.41754        -0        -0        -0        -0        -0        -0        -0        -0        -0        -0
     2.5623   -0.745298     2.64028 -0.00120541   -0.567915      1.0209    0.448944    0.715814     2.55469   -0.300474          -0          -0          -0          -0          -0          -0          -0          -0          -0          -0
  2.87567   0.61274   1.31171   2.04178  0.819459  0.306717   2.88184   1.41754 -0.300474   1.62634        -0        -0        -0        -0        -0        -0        -0        -0        -0        -0
       -0        -0        -0        -0        -0        -0        -0        -0        -0        -0  0.869862  -1.59111 -0.822275  -2.38658  0.486815   -1.8616  -1.05805  -1.15088   -2.5623  -2.87567
         -0          -0          -0          -0          -0          -0          -0          -0          -0          -0    -1.59111    0.352321    0.825816 -0.00626081    -1.47918    -2.85586    -1.12467    -2.25768    0.745298    -0.61274
       -0        -0        -0        -0        -0        -0        -0        -0        -0        -0 -0.822275  0.825816  -0.31578  -1.14867  -2.40575 -0.436496  -2.16611  -1.96533  -2.64028  -1.31171
         -0          -0          -0          -0          -0          -0          -0          -0          -0          -0    -2.38658 -0.00626081    -1.14867    0.129671   -0.107019    0.822617    0.793282   -0.556621  0.00120541    -2.04178
       -0        -0        -0        -0        -0        -0        -0        -0        -0        -0  0.486815  -1.47918  -2.40575 -0.107019 -0.646711  -1.38062    -1.995  0.635299  0.567915 -0.819459
       -0        -0        -0        -0        -0        -0        -0        -0        -0        -0   -1.8616  -2.85586 -0.436496  0.822617  -1.38062  0.549851  0.159935  0.387956   -1.0209 -0.306717
       -0        -0        -0        -0        -0        -0        -0        -0        -0        -0  -1.05805  -1.12467  -2.16611  0.793282    -1.995  0.159935  0.401923 -0.750832 -0.448944  -2.88184
       -0        -0        -0        -0        -0        -0        -0        -0        -0        -0  -1.15088  -2.25768  -1.96533 -0.556621  0.635299  0.387956 -0.750832  -1.29999 -0.715814  -1.41754
        -0         -0         -0         -0         -0         -0         -0         -0         -0         -0    -2.5623   0.745298   -2.64028 0.00120541   0.567915    -1.0209  -0.448944  -0.715814   -2.55469   0.300474
       -0        -0        -0        -0        -0        -0        -0        -0        -0        -0  -2.87567  -0.61274  -1.31171  -2.04178 -0.819459 -0.306717  -2.88184  -1.41754  0.300474  -1.62634
  1.90369  0.942273   1.74579   2.70239 -0.864196   1.76544  0.394676 0.0328416  0.416795   2.70445        -0        -0        -0        -0        -0        -0        -0        -0        -0        -0
 0.942273 -0.888989   1.15243   2.91156    1.4213    1.9092   2.22744  0.224138   1.90691  0.897296        -0        -0        -0        -0        -0        -0        -0        -0        -0        -0
  1.74579   1.15243 -0.229116  0.914149  -0.50514  0.254803   2.04611 -0.469681   1.20498    2.8731        -0        -0        -0        -0        -0        -0        -0        -0        -0        -0
  2.70239   2.91156  0.914149  0.586412 -0.735333   2.53633   2.30882  0.527701    1.6716   1.75056        -0        -0        -0        -0        -0        -0        -0        -0        -0        -0
-0.864196    1.4213  -0.50514 -0.735333 -0.996151   2.96671 -0.186144  0.488805   1.44323  0.206121        -0        -0        -0        -0        -0        -0        -0        -0        -0        -0
  1.76544    1.9092  0.254803   2.53633   2.96671   1.44901  -0.17331 -0.465831   1.17169  -0.31304        -0        -0        -0        -0        -0        -0        -0        -0        -0        -0
 0.394676   2.22744   2.04611   2.30882 -0.186144  -0.17331  0.629996   2.13237  0.120605   2.57725        -0        -0        -0        -0        -0        -0        -0        -0        -0        -0
0.0328416  0.224138 -0.469681  0.527701  0.488805 -0.465831   2.13237   1.31442 -0.430097   1.83612        -0        -0        -0        -0        -0        -0        -0        -0        -0        -0
 0.416795   1.90691   1.20498    1.6716   1.44323   1.17169  0.120605 -0.430097  -0.49738  0.335953        -0        -0        -0        -0        -0        -0        -0        -0        -0        -0
  2.70445  0.897296    2.8731   1.75056  0.206121  -0.31304   2.57725   1.83612  0.335953 -0.334421        -0        -0        -0        -0        -0        -0        -0        -0        -0        -0
        -0         -0         -0         -0         -0         -0         -0         -0         -0         -0   -1.90369  -0.942273   -1.74579   -2.70239   0.864196   -1.76544  -0.394676 -0.0328416  -0.416795   -2.70445
       -0        -0        -0        -0        -0        -0        -0        -0        -0        -0 -0.942273  0.888989  -1.15243  -2.91156   -1.4213   -1.9092  -2.22744 -0.224138  -1.90691 -0.897296
       -0        -0        -0        -0        -0        -0        -0        -0        -0        -0  -1.74579  -1.15243  0.229116 -0.914149   0.50514 -0.254803  -2.04611  0.469681  -1.20498   -2.8731
       -0        -0        -0        -0        -0        -0        -0        -0        -0        -0  -2.70239  -2.91156 -0.914149 -0.586412  0.735333  -2.53633  -2.30882 -0.527701   -1.6716  -1.75056
       -0        -0        -0        -0        -0        -0        -0        -0        -0        -0  0.864196   -1.4213   0.50514  0.735333  0.996151  -2.96671  0.186144 -0.488805  -1.44323 -0.206121
       -0        -0        -0        -0        -0        -0        -0        -0        -0        -0  -1.76544   -1.9092 -0.254803  -2.53633  -2.96671  -1.44901   0.17331  0.465831  -1.17169   0.31304
       -0        -0        -0        -0        -0        -0        -0        -0        -0        -0 -0.394676  -2.22744  -2.04611  -2.30882  0.186144   0.17331 -0.629996  -2.13237 -0.120605  -2.57725
        -0         -0         -0         -0         -0         -0         -0         -0         -0         -0 -0.0328416  -0.224138   0.469681  -0.527701  -0.488805   0.465831   -2.13237   -1.31442   0.430097   -1.83612
       -0        -0        -0        -0        -0        -0        -0        -0        -0        -0 -0.416795  -1.90691  -1.20498   -1.6716  -1.44323  -1.17169 -0.120605  0.430097   0.49738 -0.335953
       -0        -0        -0        -0        -0        -0        -0        -0        -0        -0  -2.70445 -0.897296   -2.8731  -1.75056 -0.206121   0.31304  -2.57725  -1.83612 -0.335953  0.334421
-0.0548622    1.32464     2.5476    1.76897    2.72479    2.49729    1.04275   0.955305   -0.57752    1.30069         -0         -0         -0         -0         -0         -0         -0         -0         -0         -0
  1.32464   2.10974   2.77559   1.08861 0.0624129 0.0707589   2.52926    2.0005   1.74694   2.14367        -0        -0        -0        -0        -0        -0        -0        -0        -0        -0
   2.5476   2.77559  0.101233   2.81241 -0.160115 -0.869245   1.13796  0.364254 -0.989673   2.49969        -0        -0        -0        -0        -0        -0        -0        -0        -0        -0
  1.76897   1.08861   2.81241 -0.341313 -0.217212 -0.401475  0.855161   1.79519 -0.446764 -0.561353        -0        -0        -0        -0        -0        -0        -0        -0        -0        -0
    2.72479   0.0624129   -0.160115   -0.217212    0.592038   -0.508536   -0.812052     2.78329     2.34546 -0.00117266          -0          -0          -0          -0          -0          -0          -0          -0          -0          -0
  2.49729 0.0707589 -0.869245 -0.401475 -0.508536    1.6569  0.702022   1.95629 -0.498209   2.68764        -0        -0        -0        -0        -0        -0        -0        -0        -0        -0
  1.04275   2.52926   1.13796  0.855161 -0.812052  0.702022   0.56407  0.416409   2.21014   1.14067        -0        -0        -0        -0        -0        -0        -0        -0        -0        -0
 0.955305    2.0005  0.364254   1.79519   2.78329   1.95629  0.416409 -0.932687   1.25134    1.5629        -0        -0        -0        -0        -0        -0        -0        -0        -0        -0
 -0.57752   1.74694 -0.989673 -0.446764   2.34546 -0.498209   2.21014   1.25134   0.10092   2.91279        -0        -0        -0        -0        -0        -0        -0        -0        -0        -0
    1.30069     2.14367     2.49969   -0.561353 -0.00117266     2.68764     1.14067      1.5629     2.91279    0.416383          -0          -0          -0          -0          -0          -0          -0          -0          -0          -0
       -0        -0        -0        -0        -0        -0        -0        -0        -0        -0 0.0548622  -1.32464   -2.5476  -1.76897  -2.72479  -2.49729  -1.04275 -0.955305   0.57752  -1.30069
        -0         -0         -0         -0         -0         -0         -0         -0         -0         -0   -1.32464   -2.10974   -2.77559   -1.08861 -0.0624129 -0.0707589   -2.52926    -2.0005   -1.74694   -2.14367
       -0        -0        -0        -0        -0        -0        -0        -0        -0        -0   -2.5476  -2.77559 -0.101233  -2.81241  0.160115  0.869245  -1.13796 -0.364254  0.989673  -2.49969
       -0        -0        -0        -0        -0        -0        -0        -0        -0        -0  -1.76897  -1.08861  -2.81241  0.341313  0.217212  0.401475 -0.855161  -1.79519  0.446764  0.561353
        -0         -0         -0         -0         -0         -0         -0         -0         -0         -0   -2.72479 -0.0624129   0.160115   0.217212  -0.592038   0.508536   0.812052   -2.78329   -2.34546 0.00117266
        -0         -0         -0         -0         -0         -0         -0         -0         -0         -0   -2.49729 -0.0707589   0.869245   0.401475   0.508536    -1.6569  -0.702022   -1.95629   0.498209   -2.68764
