20
1
20
  0.295582  0.0763414   0.552054  -0.114043   -0.29585   0.123641  0.0241055  -0.442055  -0.143928  -0.186031  0.0398518  -0.038395  -0.195369  -0.318406    0.03852   0.187793  -0.116715   0.131766  -0.156669 0.00308477
-21.0906 -5.08234 -3.91691 -9.92963 -5.92806  3.19198 -3.91425  -8.7371 -10.3447 -8.45357 -9.57501 -10.0946 -4.82684 -7.08773 -4.53239  -12.559 -11.8117 -10.8292 -4.31634 -12.8169
 -5.08234  -30.0501  -10.5514  -16.3868  -12.4442  -8.34665  -14.1075  -3.56322  -6.49761  -23.1246 -0.859278  -8.78361  -6.83259    -6.613   2.37555  -18.8485  -8.09403  -15.7447  -7.03623  -15.7372
-3.91691 -10.5514 -48.6232 -16.7622  -14.147  -6.6776 -15.5871 -9.11717  -12.123 -17.0444 -10.1815  1.20992 -21.2101 -15.6975 -3.71171 -10.8167 -19.7437 -12.7115 -15.1801 -21.8371
-9.92963 -16.3868 -16.7622 -47.7802  -16.596 -12.2036 -8.48821 -6.06364 -16.0238   -22.19  -28.512 -12.4022 -11.6407 -8.72602 -4.71376  -11.986 -21.6451 -22.5611 -13.3484 -32.8438
-5.92806 -12.4442  -14.147  -16.596 -44.1415 -15.3113 -16.5819 -24.5787 -20.6252 -28.1641 -13.8818 -2.18572 -24.2501 -21.3564 -18.2009 -24.6367 -25.9157 -27.8897 -22.4484 -23.0398
 3.19198 -8.34665  -6.6776 -12.2036 -15.3113 -36.7226 -9.82595  -13.776 -8.03161 -11.2139 -15.7835 -3.86798 -10.0231 -21.9414 -14.1688 -19.1513 -17.9408 -12.2831 -24.6679 -10.1025
-3.91425 -14.1075 -15.5871 -8.48821 -16.5819 -9.82595 -34.1612  -19.126 -11.4859 -22.8019 -9.88309 -6.94028  -8.9058 -16.8831 -10.4017 -28.9977 -11.2195 -21.0456 -10.9783 -23.3402
 -8.7371 -3.56322 -9.11717 -6.06364 -24.5787  -13.776  -19.126 -44.4768 -15.1425 -14.8988 -20.2817  1.66101 -16.8227 -18.9685 -16.1924 -25.0907 -21.9929 -14.4132 -18.1237  -24.207
-10.3447 -6.49761  -12.123 -16.0238 -20.6252 -8.03161 -11.4859 -15.1425 -42.6224 -7.76335 -15.5134 -10.0322 -15.0735 -19.8554 -10.8629 -13.1904 -16.5447  -20.404 -14.7349 -25.7815
-8.45357 -23.1246 -17.0444   -22.19 -28.1641 -11.2139 -22.8019 -14.8988 -7.76335 -49.6196  -11.953 -14.3662 -11.4387 -16.2832 -14.5746 -31.4414 -20.4232 -32.7259 -17.0982 -23.2816
 -9.57501 -0.859278  -10.1815   -28.512  -13.8818  -15.7835  -9.88309  -20.2817  -15.5134   -11.953  -45.5881  -14.5039  -12.0041  -13.6836  -11.1478  -17.2719  -24.6507  -21.6803  -14.1437  -31.2276
-10.0946 -8.78361  1.20992 -12.4022 -2.18572 -3.86798 -6.94028  1.66101 -10.0322 -14.3662 -14.5039  -31.897  2.58516 -11.0311 -4.22637 -19.3333 -9.28526 -21.3828 -3.39474 -12.5022
-4.82684 -6.83259 -21.2101 -11.6407 -24.2501 -10.0231  -8.9058 -16.8227 -15.0735 -11.4387 -12.0041  2.58516 -27.3596 -13.6363 -4.47184 -9.07429 -16.4992  -12.318 -13.7258 -17.8524
-7.08773   -6.613 -15.6975 -8.72602 -21.3564 -21.9414 -16.8831 -18.9685 -19.8554 -16.2832 -13.6836 -11.0311 -13.6363 -38.0443 -19.8814 -26.8298 -27.3031 -23.5002 -23.9698 -25.6525
-4.53239  2.37555 -3.71171 -4.71376 -18.2009 -14.1688 -10.4017 -16.1924 -10.8629 -14.5746 -11.1478 -4.22637 -4.47184 -19.8814 -29.6877 -16.2073 -13.4651 -21.5866  -25.274 -12.8847
 -12.559 -18.8485 -10.8167  -11.986 -24.6367 -19.1513 -28.9977 -25.0907 -13.1904 -31.4414 -17.2719 -19.3333 -9.07429 -26.8298 -16.2073 -50.1741 -29.8003 -30.8485 -17.0019 -21.4214
-11.8117 -8.09403 -19.7437 -21.6451 -25.9157 -17.9408 -11.2195 -21.9929 -16.5447 -20.4232 -24.6507 -9.28526 -16.4992 -27.3031 -13.4651 -29.8003 -52.9249 -19.4559 -16.2219 -28.9086
-10.8292 -15.7447 -12.7115 -22.5611 -27.8897 -12.2831 -21.0456 -14.4132  -20.404 -32.7259 -21.6803 -21.3828  -12.318 -23.5002 -21.5866 -30.8485 -19.4559 -47.6839 -26.5146 -32.5897
-4.31634 -7.03623 -15.1801 -13.3484 -22.4484 -24.6679 -10.9783 -18.1237 -14.7349 -17.0982 -14.1437 -3.39474 -13.7258 -23.9698  -25.274 -17.0019 -16.2219 -26.5146 -46.0105 -21.8896
-12.8169 -15.7372 -21.8371 -32.8438 -23.0398 -10.1025 -23.3402  -24.207 -25.7815 -23.2816 -31.2276 -12.5022 -17.8524 -25.6525 -12.8847 -21.4214 -28.9086 -32.5897 -21.8896 -65.6969
 0.4657  1.0323 2.37782 2.98666 1.34048 1.05616   0.417 1.57225 1.43652 2.82737      -0      -0      -0      -0      -0      -0      -0      -0      -0      -0
   1.0323   2.97604 -0.088744   1.29044   2.92367   2.55952   1.39939   1.43036   2.70108   2.15819        -0        -0        -0        -0        -0        -0        -0        -0        -0        -0
  2.37782 -0.088744   1.37294  0.532274 0.0417356   1.14948 -0.448594   2.96644   1.10614   1.86224        -0        -0        -0        -0        -0        -0        -0        -0        -0        -0
  2.98666   1.29044  0.532274  0.520169  0.876132 -0.570898   1.94927   2.61399 -0.414005 -0.621224        -0        -0        -0        -0        -0        -0        -0        -0        -0        -0
  1.34048   2.92367 0.0417356  0.876132  0.598452  0.788827   2.91956 -0.693506 -0.869817   1.10746        -0        -0        -0        -0        -0        -0        -0        -0        -0        -0
  1.05616   2.55952   1.14948 -0.570898  0.788827  0.464118   2.44419   0.56489   2.89496    1.7818        -0        -0        -0        -0        -0        -0        -0        -0        -0        -0
    0.417   1.39939 -0.448594   1.94927   2.91956   2.44419    1.1514   1.36492   1.05011   2.82296        -0        -0        -0        -0        -0        -0        -0        -0        -0        -0
  1.57225   1.43036   2.96644   2.61399 -0.693506   0.56489   1.36492  0.198294  0.566405 -0.741141        -0        -0        -0        -0        -0        -0        -0        -0        -0        -0
  1.43652   2.70108   1.10614 -0.414005 -0.869817   2.89496   1.05011  0.566405  0.741189 -0.711644        -0        -0        -0        -0        -0        -0        -0        -0        -0        -0
  2.82737   2.15819   1.86224 -0.621224   1.10746    1.7818   2.82296 -0.741141 -0.711644   2.91284        -0        -0        -0        -0        -0        -0        -0        -0        -0        -0
      -0       -0       -0       -0       -0       -0       -0       -0       -0       -0  -0.4657  -1.0323 -2.37782 -2.98666 -1.34048 -1.05616   -0.417 -1.57225 -1.43652 -2.82737
      -0       -0       -0       -0       -0       -0       -0       -0       -0       -0  -1.0323 -2.97604 0.088744 -1.29044 -2.92367 -2.55952 -1.39939 -1.43036 -2.70108 -2.15819
        -0         -0         -0         -0         -0         -0         -0         -0         -0         -0   -2.37782   0.088744   -1.37294  -0.532274 -0.0417356   -1.14948   0.448594   -2.96644   -1.10614   -1.86224
       -0        -0        -0        -0        -0        -0        -0        -0        -0        -0  -2.98666  -1.29044 -0.532274 -0.520169 -0.876132  0.570898  -1.94927  -2.61399  0.414005  0.621224
        -0         -0         -0         -0         -0         -0         -0         -0         -0         -0   -1.34048   -2.92367 -0.0417356  -0.876132  -0.598452  -0.788827   -2.91956   0.693506   0.869817   -1.10746
       -0        -0        -0        -0        -0        -0        -0        -0        -0        -0  -1.05616  -2.55952  -1.14948  0.570898 -0.788827 -0.464118  -2.44419  -0.56489  -2.89496   -1.7818
      -0       -0       -0       -0       -0       -0       -0       -0       -0       -0   -0.417 -1.39939 0.448594 -1.94927 -2.91956 -2.44419  -1.1514 -1.36492 -1.05011 -2.82296
       -0        -0        -0        -0        -0        -0        -0        -0        -0        -0  -1.57225  -1.43036  -2.96644  -2.61399  0.693506  -0.56489  -1.36492 -0.198294 -0.566405  0.741141
       -0        -0        -0        -0        -0        -0        -0        -0        -0        -0  -1.43652  -2.70108  -1.10614  0.414005  0.869817  -2.89496  -1.05011 -0.566405 -0.741189  0.711644
      -0       -0       -0       -0       -0       -0       -0       -0       -0       -0 -2.82737 -2.15819 -1.86224 0.621224 -1.10746  -1.7818 -2.82296 0.741141 0.711644 -2.91284
-0.698373   2.38614  0.383462 -0.182504   1.53346   1.88465   2.70654 -0.966656   1.61559    1.8661        -0        -0        -0        -0        -0        -0        -0        -0        -0        -0
   2.38614    1.28451  -0.297086 -0.0454365  -0.123287   0.117485   0.403853   0.984515   0.911215   0.101569         -0         -0         -0         -0         -0         -0         -0         -0         -0         -0
  0.383462  -0.297086    1.28661    1.17646     2.9429    1.60001    2.17284 -0.0986456    2.64116    1.88752         -0         -0         -0         -0         -0         -0         -0         -0         -0         -0
 -0.182504 -0.0454365    1.17646     2.1607   0.712417   0.171264   0.883005    2.97625   0.215602    1.03894         -0         -0         -0         -0         -0         -0         -0         -0         -0         -0
  1.53346 -0.123287    2.9429  0.712417   1.36899  0.363185 -0.435447   2.69693   2.08248   1.98457        -0        -0        -0        -0        -0        -0        -0        -0        -0        -0
   1.88465   0.117485    1.60001   0.171264   0.363185     2.6817   -0.60453    2.27034 0.00434308    2.45207         -0         -0         -0         -0         -0         -0         -0         -0         -0         -0
  2.70654  0.403853   2.17284  0.883005 -0.435447  -0.60453   1.53406   1.78965 -0.102694   1.43441        -0        -0        -0        -0        -0        -0        -0        -0        -0        -0
 -0.966656   0.984515 -0.0986456    2.97625    2.69693    2.27034    1.78965  -0.281512  -0.352179   0.518638         -0         -0         -0         -0         -0         -0         -0         -0         -0         -0
   1.61559   0.911215    2.64116   0.215602    2.08248 0.00434308  -0.102694  -0.352179   0.395028   0.827021         -0         -0         -0         -0         -0         -0         -0         -0         -0         -0
  1.8661 0.101569  1.88752  1.03894  1.98457  2.45207  1.43441 0.518638 0.827021 0.885462       -0       -0       -0       -0       -0       -0       -0       -0       -0       -0
       -0        -0        -0        -0        -0        -0        -0        -0        -0        -0  0.698373  -2.38614 -0.383462  0.182504  -1.53346  -1.88465  -2.70654  0.966656  -1.61559   -1.8661
       -0        -0        -0        -0        -0        -0        -0        -0        -0        -0  -2.38614  -1.28451  0.297086 0.0454365  0.123287 -0.117485 -0.403853 -0.984515 -0.911215 -0.101569
       -0        -0        -0        -0        -0        -0        -0        -0        -0        -0 -0.383462  0.297086  -1.28661  -1.17646   -2.9429  -1.60001  -2.17284 0.0986456  -2.64116  -1.88752
       -0        -0        -0        -0        -0        -0        -0        -0        -0        -0  0.182504 0.0454365  -1.17646   -2.1607 -0.712417 -0.171264 -0.883005  -2.97625 -0.215602  -1.03894
       -0        -0        -0        -0        -0        -0        -0        -0        -0        -0  -1.53346  0.123287   -2.9429 -0.712417  -1.36899 -0.363185  0.435447  -2.69693  -2.08248  -1.98457
         -0          -0          -0          -0          -0          -0          -0          -0          -0          -0    -1.88465   -0.117485    -1.60001   -0.171264   -0.363185     -2.6817     0.60453    -2.27034 -0.00434308    -2.45207
       -0        -0        -0        -0        -0        -0        -0        -0        -0        -0  -2.70654 -0.403853  -2.17284 -0.883005  0.435447   0.60453  -1.53406  -1.78965  0.102694  -1.43441
       -0        -0        -0        -0        -0        -0        -0        -0        -0        -0  0.966656 -0.984515 0.0986456  -2.97625  -2.69693  -2.27034  -1.78965  0.281512  0.352179 -0.518638
         -0          -0          -0          -0          -0          -0          -0          -0          -0          -0    -1.61559   -0.911215    -2.64116   -0.215602    -2.08248 -0.00434308    0.102694    0.352179   -0.395028   -0.827021
       -0        -0        -0        -0        -0        -0        -0        -0        -0        -0   -1.8661 -0.101569  -1.88752  -1.03894  -1.98457  -2.45207  -1.43441 -0.518638 -0.827021 -0.885462
 0.543279   2.14993   1.49756   2.60796  0.239671  0.914325   1.74564   2.73145   1.66849 -0.709823        -0        -0        -0        -0        -0        -0        -0        -0        -0        -0
  2.14993   1.90099  0.249153 -0.661477   1.13733  0.859269  0.878418  0.137689   1.32265   2.60294        -0        -0        -0        -0        -0        -0        -0        -0        -0        -0
  1.49756  0.249153   1.29203 -0.475473   1.23123  0.259869  -0.38327   1.75604  0.531476 -0.374804        -0        -0        -0        -0        -0        -0        -0        -0        -0        -0
   2.60796  -0.661477  -0.475473    2.47794    2.89243  -0.793643    2.27017   0.962677    2.92836 -0.0930921         -0         -0         -0         -0         -0         -0         -0         -0         -0         -0
  0.239671    1.13733    1.23123    2.89243 -0.0715743    2.24434   0.356356  0.0301148    1.52901    1.87311         -0         -0         -0         -0         -0         -0         -0         -0         -0         -0
 0.914325  0.859269  0.259869 -0.793643   2.24434  -0.45204   2.39989   2.68446 -0.224184  0.981552        -0        -0        -0        -0        -0        -0        -0        -0        -0        -0
  1.74564  0.878418  -0.38327   2.27017  0.356356   2.39989  0.631305 -0.689505  -0.52368 -0.693205        -0        -0        -0        -0        -0        -0        -0        -0        -0        -0
  2.73145  0.137689   1.75604  0.962677 0.0301148   2.68446 -0.689505   1.65778  -0.98803 -0.495589        -0        -0        -0        -0        -0        -0        -0        -0        -0        -0
  1.66849   1.32265  0.531476   2.92836   1.52901 -0.224184  -0.52368  -0.98803 -0.142704   1.38275        -0        -0        -0        -0        -0        -0        -0        -0        -0        -0
 -0.709823    2.60294  -0.374804 -0.0930921    1.87311   0.981552  -0.693205  -0.495589    1.38275  -0.795187         -0         -0         -0         -0         -0         -0         -0         -0         -0         -0
       -0        -0        -0        -0        -0        -0        -0        -0        -0        -0 -0.543279  -2.14993  -1.49756  -2.60796 -0.239671 -0.914325  -1.74564  -2.73145  -1.66849  0.709823
       -0        -0        -0        -0        -0        -0        -0        -0        -0        -0  -2.14993  -1.90099 -0.249153  0.661477  -1.13733 -0.859269 -0.878418 -0.137689  -1.32265  -2.60294
       -0        -0        -0        -0        -0        -0        -0        -0        -0        -0  -1.49756 -0.249153  -1.29203  0.475473  -1.23123 -0.259869   0.38327  -1.75604 -0.531476  0.374804
       -0        -0        -0        -0        -0        -0        -0        -0        -0        -0  -2.60796  0.661477  0.475473  -2.47794  -2.89243  0.793643  -2.27017 -0.962677  -2.92836 0.0930921
        -0         -0         -0         -0         -0         -0         -0         -0         -0         -0  -0.239671   -1.13733   -1.23123   -2.89243  0.0715743   -2.24434  -0.356356 -0.0301148   -1.52901   -1.87311
       -0        -0        -0        -0        -0        -0        -0        -0        -0        -0 -0.914325 -0.859269 -0.259869  0.793643  -2.24434   0.45204  -2.39989  -2.68446  0.224184 -0.981552
       -0        -0        -0        -0        -0        -0        -0        -0        -0        -0  -1.74564 -0.878418   0.38327  -2.27017 -0.356356  -2.39989 -0.631305  0.689505   0.52368  0.693205
        -0         -0         -0         -0         -0         -0         -0         -0         -0         -0   -2.73145  -0.137689   -1.75604  -0.962677 -0.0301148   -2.68446   0.689505   -1.65778    0.98803   0.495589
       -0        -0        -0        -0        -0        -0        -0        -0        -0        -0  -1.66849  -1.32265 -0.531476  -2.92836  -1.52901  0.224184   0.52368   0.98803  0.142704  -1.38275
       -0        -0        -0        -0        -0        -0        -0        -0        -0        -0  0.709823  -2.60294  0.374804 0.0930921  -1.87311 -0.981552  0.693205  0.495589  -1.38275  0.795187
 0.123115 -0.940419   1.85034   1.54426   1.74244  0.659979   1.34227 -0.825826   1.03333   1.45446        -0        -0        -0        -0        -0        -0        -0        -0        -0        -0
-0.940419   2.69888  0.125741   2.32774   1.47788  0.569801   1.73828 -0.560504   2.38815   2.95802        -0        -0        -0        -0        -0        -0        -0        -0        -0        -0
 1.85034 0.125741  1.82711 0.954046  1.98865  2.82193  2.71966  2.22342  1.06798  1.64213       -0       -0       -0       -0       -0       -0       -0       -0       -0       -0
  1.54426   2.32774  0.954046   2.88676 0.0370284 -0.512913 -0.703679   2.16282  0.855258   1.17412        -0        -0        -0        -0        -0        -0        -0        -0        -0        -0
  1.74244   1.47788   1.98865 0.0370284 -0.931063 0.0453394   1.62503  0.476525   2.87524 -0.745657        -0        -0        -0        -0        -0        -0        -0        -0        -0        -0
 0.659979  0.569801   2.82193 -0.512913 0.0453394  0.854575   1.92655   2.29236   2.11332  0.267162        -0        -0        -0        -0        -0        -0        -0        -0        -0        -0
  1.34227   1.73828   2.71966 -0.703679   1.62503   1.92655   1.32725  0.778719   2.70983  0.100672        -0        -0        -0        -0        -0        -0        -0        -0        -0        -0
-0.825826 -0.560504   2.22342   2.16282  0.476525   2.29236  0.778719   2.33715   1.06254   1.58159        -0        -0        -0        -0        -0        -0        -0        -0        -0        -0
 1.03333  2.38815  1.06798 0.855258  2.87524  2.11332  2.70983  1.06254 0.615748  1.15157       -0       -0       -0       -0       -0       -0       -0       -0       -0       -0
  1.45446   2.95802   1.64213   1.17412 -0.745657  0.267162  0.100672   1.58159   1.15157   1.79773        -0        -0        -0        -0        -0        -0        -0        -0        -0        -0
       -0        -0        -0        -0        -0        -0        -0        -0        -0        -0 -0.123115  0.940419  -1.85034  -1.54426  -1.74244 -0.659979  -1.34227  0.825826  -1.03333  -1.45446
       -0        -0        -0        -0        -0        -0        -0        -0        -0        -0  0.940419  -2.69888 -0.125741  -2.32774  -1.47788 -0.569801  -1.73828  0.560504  -2.38815  -2.95802
       -0        -0        -0        -0        -0        -0        -0        -0        -0        -0  -1.85034 -0.125741  -1.82711 -0.954046  -1.98865  -2.82193  -2.71966  -2.22342  -1.06798  -1.64213
        -0         -0         -0         -0         -0         -0         -0         -0         -0         -0   -1.54426   -2.32774  -0.954046   -2.88676 -0.0370284   0.512913   0.703679   -2.16282  -0.855258   -1.17412
        -0         -0         -0         -0         -0         -0         -0         -0         -0         -0   -1.74244   -1.47788   -1.98865 -0.0370284   0.931063 -0.0453394   -1.62503  -0.476525   -2.87524   0.745657
        -0         -0         -0         -0         -0         -0         -0         -0         -0         -0  -0.659979  -0.569801   -2.82193   0.512913 -0.0453394  -0.854575   -1.92655   -2.29236   -2.11332  -0.267162
       -0        -0        -0        -0        -0        -0        -0        -0        -0        -0  -1.34227  -1.73828  -2.71966  0.703679  -1.62503  -1.92655  -1.32725 -0.778719  -2.70983 -0.100672
       -0        -0        -0        -0        -0        -0        -0        -0        -0        -0  0.825826  0.560504  -2.22342  -2.16282 -0.476525  -2.29236 -0.778719  -2.33715  -1.06254  -1.58159
       -0        -0        -0        -0        -0        -0        -0        -0        -0        -0  -1.03333  -2.38815  -1.06798 -0.855258  -2.87524  -2.11332  -2.70983  -1.06254 -0.615748  -1.15157
       -0        -0        -0        -0        -0        -0        -0        -0        -0        -0  -1.45446  -2.95802  -1.64213  -1.17412  0.745657 -0.267162 -0.100672  -1.58159  -1.15157  -1.79773
  2.32713   2.76547   2.55317  0.423992 -0.351835  0.803812  0.923843   2.72825   2.48685   2.66758        -0        -0        -0        -0        -0        -0        -0        -0        -0        -0
  2.76547   1.08423   2.35147 -0.316402 -0.538904   1.65205 -0.733785   1.09868   2.78834   2.51984        -0        -0        -0        -0        -0        -0        -0        -0        -0        -0
  2.55317   2.35147   1.52053   2.93977   2.51008   1.69037  0.139281 -0.551314 -0.561171  0.501618        -0        -0        -0        -0        -0        -0        -0        -0        -0        -0
 0.423992 -0.316402   2.93977 -0.338786    2.6074 -0.675656  0.863617   2.23833   1.17722 -0.193135        -0        -0        -0        -0        -0        -0        -0        -0        -0        -0
 -0.351835  -0.538904    2.51008     2.6074    1.29454  -0.152648 -0.0725704    0.70608  -0.887317   0.383453         -0         -0         -0         -0         -0         -0         -0         -0         -0         -0
 0.803812   1.65205   1.69037 -0.675656 -0.152648 -0.784041 -0.626564   1.74323  0.286181   1.42905        -0        -0        -0        -0        -0        -0        -0        -0        -0        -0
  0.923843  -0.733785   0.139281   0.863617 -0.0725704  -0.626564    2.29196    1.68789    1.39318   0.180301         -0         -0         -0         -0         -0         -0         -0         -0         -0         -0
  2.72825   1.09868 -0.551314   2.23833   0.70608   1.74323   1.68789 -0.852039    2.2119 -0.324587        -0        -0        -0        -0        -0        -0        -0        -0        -0        -0
  2.48685   2.78834 -0.561171   1.17722 -0.887317  0.286181   1.39318    2.2119  0.595994 -0.268561        -0        -0        -0        -0        -0        -0        -0        -0        -0        -0
  2.66758   2.51984  0.501618 -0.193135  0.383453   1.42905  0.180301 -0.324587 -0.268561   1.63081        -0        -0        -0        -0        -0        -0        -0        -0        -0        -0
       -0        -0        -0        -0        -0        -0        -0        -0        -0        -0  -2.32713  -2.76547  -2.55317 -0.423992  0.351835 -0.803812 -0.923843  -2.72825  -2.48685  -2.66758
      -0       -0       -0       -0       -0       -0       -0       -0       -0       -0 -2.76547 -1.08423 -2.35147 0.316402 0.538904 -1.65205 0.733785 -1.09868 -2.78834 -2.51984
       -0        -0        -0        -0        -0        -0        -0        -0        -0        -0  -2.55317  -2.35147  -1.52053  -2.93977  -2.51008  -1.69037 -0.139281  0.551314  0.561171 -0.501618
       -0        -0        -0        -0        -0        -0        -0        -0        -0        -0 -0.423992  0.316402  -2.93977  0.338786   -2.6074  0.675656 -0.863617  -2.23833  -1.17722  0.193135
       -0        -0        -0        -0        -0        -0        -0        -0        -0        -0  0.351835  0.538904  -2.51008   -2.6074  -1.29454  0.152648 0.0725704  -0.70608  0.887317 -0.383453
       -0        -0        -0        -0        -0        -0        -0        -0        -0        -0 -0.803812  -1.65205  -1.69037  0.675656  0.152648  0.784041  0.626564  -1.74323 -0.286181  -1.42905
       -0        -0        -0        -0        -0        -0        -0        -0        -0        -0 -0.923843  0.733785 -0.139281 -0.863617 0.0725704  0.626564  -2.29196  -1.68789  -1.39318 -0.180301
      -0       -0       -0       -0       -0       -0       -0       -0       -0       -0 -2.72825 -1.09868 0.551314 -2.23833 -0.70608 -1.74323 -1.68789 0.852039  -2.2119 0.324587
       -0        -0        -0        -0        -0        -0        -0        -0        -0        -0  -2.48685  -2.78834  0.561171  -1.17722  0.887317 -0.286181  -1.39318   -2.2119 -0.595994  0.268561
       -0        -0        -0        -0        -0        -0        -0        -0        -0        -0  -2.66758  -2.51984 -0.501618  0.193135 -0.383453  -1.42905 -0.180301  0.324587  0.268561  -1.63081
-0.336997 -0.827319   2.87619  0.237927 -0.458564  0.257462  0.544406 -0.889249 -0.492815   2.14145        -0        -0        -0        -0        -0        -0        -0        -0        -0        -0
-0.827319   1.07038 -0.380051  0.735391   2.25458   2.82146   1.75385  0.566248 -0.537836  0.988665        -0        -0        -0        -0        -0        -0        -0        -0        -0        -0
    2.87619   -0.380051     2.01352 -0.00202496   0.0568919    0.481992     2.47574    0.574839     1.23888    0.167749          -0          -0          -0          -0          -0          -0          -0          -0          -0          -0
   0.237927    0.735391 -0.00202496    0.967414     1.16922   -0.729016     1.54238    0.167643    0.989177     1.61719          -0          -0          -0          -0          -0          -0          -0          -0          -0          -0
-0.458564   2.25458 0.0568919   1.16922   2.86609  0.199265 -0.278739   2.73546 -0.266852 -0.468954        -0        -0        -0        -0        -0        -0        -0        -0        -0        -0
 0.257462   2.82146  0.481992 -0.729016  0.199265   1.90881   1.32282  0.440924   2.43814   0.88901        -0        -0        -0        -0        -0        -0        -0        -0        -0        -0
  0.544406    1.75385    2.47574    1.54238  -0.278739    1.32282    2.23837    1.47214  -0.102018 -0.0599914         -0         -0         -0         -0         -0         -0         -0         -0         -0         -0
-0.889249  0.566248  0.574839  0.167643   2.73546  0.440924   1.47214   2.64514  0.401107   2.76942        -0        -0        -0        -0        -0        -0        -0        -0        -0        -0
-0.492815 -0.537836   1.23888  0.989177 -0.266852   2.43814 -0.102018  0.401107 -0.555741   2.01325        -0        -0        -0        -0        -0        -0        -0        -0        -0        -0
   2.14145   0.988665   0.167749    1.61719  -0.468954    0.88901 -0.0599914    2.76942    2.01325   0.964821         -0         -0         -0         -0         -0         -0         -0         -0         -0         -0
       -0        -0        -0        -0        -0        -0        -0        -0        -0        -0  0.336997  0.827319  -2.87619 -0.237927  0.458564 -0.257462 -0.544406  0.889249  0.492815  -2.14145
       -0        -0        -0        -0        -0        -0        -0        -0        -0        -0  0.827319  -1.07038  0.380051 -0.735391  -2.25458  -2.82146  -1.75385 -0.566248  0.537836 -0.988665
        -0         -0         -0         -0         -0         -0         -0         -0         -0         -0   -2.87619   0.380051   -2.01352 0.00202496 -0.0568919  -0.481992   -2.47574  -0.574839   -1.23888  -0.167749
        -0         -0         -0         -0         -0         -0         -0         -0         -0         -0  -0.237927  -0.735391 0.00202496  -0.967414   -1.16922   0.729016   -1.54238  -0.167643  -0.989177   -1.61719
        -0         -0         -0         -0         -0         -0         -0         -0         -0         -0   0.458564   -2.25458 -0.0568919   -1.16922   -2.86609  -0.199265   0.278739   -2.73546   0.266852   0.468954
       -0        -0        -0        -0        -0        -0        -0        -0        -0        -0 -0.257462  -2.82146 -0.481992  0.729016 -0.199265  -1.90881  -1.32282 -0.440924  -2.43814  -0.88901
       -0        -0        -0        -0        -0        -0        -0        -0        -0        -0 -0.544406  -1.75385  -2.47574  -1.54238  0.278739  -1.32282  -2.23837  -1.47214  0.102018 0.0599914
       -0        -0        -0        -0        -0        -0        -0        -0        -0        -0  0.889249 -0.566248 -0.574839 -0.167643  -2.73546 -0.440924  -1.47214  -2.64514 -0.401107  -2.76942
       -0        -0        -0        -0        -0        -0        -0        -0        -0        -0  0.492815  0.537836  -1.23888 -0.989177  0.266852  -2.43814  0.102018 -0.401107  0.555741  -2.01325
       -0        -0        -0        -0        -0        -0        -0        -0        -0        -0  -2.14145 -0.988665 -0.167749  -1.61719  0.468954  -0.88901 0.0599914  -2.76942  -2.01325 -0.964821
  1.08968    0.1812 -0.280081   2.57004 -0.238614   2.73134  0.586416 -0.417765   2.19456   1.86015        -0        -0        -0        -0        -0        -0        -0        -0        -0        -0
   0.1812   2.41886   1.04802   2.68129   1.15056   0.13214  0.834186 -0.323997    1.5567 -0.666326        -0        -0        -0        -0        -0        -0        -0        -0        -0        -0
 -0.280081    1.04802   0.291145   0.913933  -0.301832    2.99373  -0.882429  -0.174146 -0.0690352    2.94556         -0         -0         -0         -0         -0         -0         -0         -0         -0         -0
  2.57004   2.68129  0.913933    2.1011  0.533694 0.0224874   2.50035  0.280402   2.18829   1.97772        -0        -0        -0        -0        -0        -0        -0        -0        -0        -0
 -0.238614    1.15056  -0.301832   0.533694   0.570641    2.01981 -0.0647098     1.2097    2.57919    2.83402         -0         -0         -0         -0         -0         -0         -0         -0         -0         -0
  2.73134   0.13214   2.99373 0.0224874   2.01981 -0.341065   2.46337   1.39649   2.95077 -0.119152        -0        -0        -0        -0        -0        -0        -0        -0        -0        -0
  0.586416   0.834186  -0.882429    2.50035 -0.0647098    2.46337   0.705927    2.38661    2.84722    1.44109         -0         -0         -0         -0         -0         -0         -0         -0         -0         -0
-0.417765 -0.323997 -0.174146  0.280402    1.2097   1.39649   2.38661  0.248846   1.42386  0.539949        -0        -0        -0        -0        -0        -0        -0        -0        -0        -0
   2.19456     1.5567 -0.0690352    2.18829    2.57919    2.95077    2.84722    1.42386    1.74726  -0.816226         -0         -0         -0         -0         -0         -0         -0         -0         -0         -0
  1.86015 -0.666326   2.94556   1.97772   2.83402 -0.119152   1.44109  0.539949 -0.816226   1.35571        -0        -0        -0        -0        -0        -0        -0        -0        -0        -0
       -0        -0        -0        -0        -0        -0        -0        -0        -0        -0  -1.08968   -0.1812  0.280081  -2.57004  0.238614  -2.73134 -0.586416  0.417765  -2.19456  -1.86015
       -0        -0        -0        -0        -0        -0        -0        -0        -0        -0   -0.1812  -2.41886  -1.04802  -2.68129  -1.15056  -0.13214 -0.834186  0.323997   -1.5567  0.666326
       -0        -0        -0        -0        -0        -0        -0        -0        -0        -0  0.280081  -1.04802 -0.291145 -0.913933  0.301832  -2.99373  0.882429  0.174146 0.0690352  -2.94556
        -0         -0         -0         -0         -0         -0         -0         -0         -0         -0   -2.57004   -2.68129  -0.913933    -2.1011  -0.533694 -0.0224874   -2.50035  -0.280402   -2.18829   -1.97772
       -0        -0        -0        -0        -0        -0        -0        -0        -0        -0  0.238614  -1.15056  0.301832 -0.533694 -0.570641  -2.01981 0.0647098   -1.2097  -2.57919  -2.83402
        -0         -0         -0         -0         -0         -0         -0         -0         -0         -0   -2.73134   -0.13214   -2.99373 -0.0224874   -2.01981   0.341065   -2.46337   -1.39649   -2.95077   0.119152
       -0        -0        -0        -0        -0        -0        -0        -0        -0        -0 -0.586416 -0.834186  0.882429  -2.50035 0.0647098  -2.46337 -0.705927  -2.38661  -2.84722  -1.44109
       -0        -0        -0        -0        -0        -0        -0        -0        -0        -0  0.417765  0.323997  0.174146 -0.280402   -1.2097  -1.39649  -2.38661 -0.248846  -1.42386 -0.539949
       -0        -0        -0        -0        -0        -0        -0        -0        -0        -0  -2.19456   -1.5567 0.0690352  -2.18829  -2.57919  -2.95077  -2.84722  -1.42386  -1.74726  0.816226
       -0        -0        -0        -0        -0        -0        -0        -0        -0        -0  -1.86015  0.666326  -2.94556  -1.97772  -2.83402  0.119152  -1.44109 -0.539949  0.816226  -1.35571
 -0.78476  0.231841   1.83169  0.457368  0.525347   1.45637 -0.392101   1.90926  0.299497 -0.611437        -0        -0        -0        -0        -0        -0        -0        -0        -0        -0
 0.231841  0.684814  0.682842   1.78372  0.319147   1.33068 -0.531061   1.64418 -0.189623     2.905        -0        -0        -0        -0        -0        -0        -0        -0        -0        -0
  1.83169  0.682842  0.194511 -0.392119  0.905561   2.24935   1.03162  0.276525  0.423143   2.93927        -0        -0        -0        -0        -0        -0        -0        -0        -0        -0
 0.457368   1.78372 -0.392119 -0.510919   1.34499   2.65088   0.21578  -0.18518 -0.451153   1.42018        -0        -0        -0        -0        -0        -0        -0        -0        -0        -0
  0.525347   0.319147   0.905561    1.34499    2.48195   0.107928 -0.0419793 -0.0108278  -0.538744   0.120775         -0         -0         -0         -0         -0         -0         -0         -0         -0         -0
  1.45637   1.33068   2.24935   2.65088  0.107928   2.90991  0.856433 -0.241522   1.53107 -0.102709        -0        -0        -0        -0        -0        -0        -0        -0        -0        -0
 -0.392101  -0.531061    1.03162    0.21578 -0.0419793   0.856433    2.87007    2.59348   -0.54124  -0.723387         -0         -0         -0         -0         -0         -0         -0         -0         -0         -0
    1.90926     1.64418    0.276525    -0.18518  -0.0108278   -0.241522     2.59348     2.73299    0.140668 -0.00915391          -0          -0          -0          -0          -0          -0          -0          -0          -0          -0
 0.299497 -0.189623  0.423143 -0.451153 -0.538744   1.53107  -0.54124  0.140668    2.2971    2.5858        -0        -0        -0        -0        -0        -0        -0        -0        -0        -0
  -0.611437       2.905     2.93927     1.42018    0.120775   -0.102709   -0.723387 -0.00915391      2.5858    0.395448          -0          -0          -0          -0          -0          -0          -0          -0          -0          -0
       -0        -0        -0        -0        -0        -0        -0        -0        -0        -0   0.78476 -0.231841  -1.83169 -0.457368 -0.525347  -1.45637  0.392101  -1.90926 -0.299497  0.611437
       -0        -0        -0        -0        -0        -0        -0        -0        -0        -0 -0.231841 -0.684814 -0.682842  -1.78372 -0.319147  -1.33068  0.531061  -1.64418  0.189623    -2.905
       -0        -0        -0        -0        -0        -0        -0        -0        -0        -0  -1.83169 -0.682842 -0.194511  0.392119 -0.905561  -2.24935  -1.03162 -0.276525 -0.423143  -2.93927
       -0        -0        -0        -0        -0        -0        -0        -0        -0        -0 -0.457368  -1.78372  0.392119  0.510919  -1.34499  -2.65088  -0.21578   0.18518  0.451153  -1.42018
       -0        -0        -0        -0        -0        -0        -0        -0        -0        -0 -0.525347 -0.319147 -0.905561  -1.34499  -2.48195 -0.107928 0.0419793 0.0108278  0.538744 -0.120775
       -0        -0        -0        -0        -0        -0        -0        -0        -0        -0  -1.45637  -1.33068  -2.24935  -2.65088 -0.107928  -2.90991 -0.856433  0.241522  -1.53107  0.102709
       -0        -0        -0        -0        -0        -0        -0        -0        -0        -0  0.392101  0.531061  -1.03162  -0.21578 0.0419793 -0.856433  -2.87007  -2.59348   0.54124  0.723387
        -0         -0         -0         -0         -0         -0         -0         -0         -0         -0   -1.90926   -1.64418  -0.276525    0.18518  0.0108278   0.241522   -2.59348   -2.73299  -0.140668 0.00915391
       -0        -0        -0        -0        -0        -0        -0        -0        -0        -0 -0.299497  0.189623 -0.423143  0.451153  0.538744  -1.53107   0.54124 -0.140668   -2.2971   -2.5858
        -0         -0         -0         -0         -0         -0         -0         -0         -0         -0   0.611437     -2.905   -2.93927   -1.42018  -0.120775   0.102709   0.723387 0.00915391    -2.5858  -0.395448
-0.0517764    0.99583    1.53923   -0.76966    1.75719  -0.718113   0.155993  -0.345866    0.47823   0.227795         -0         -0         -0         -0         -0         -0         -0         -0         -0         -0
  0.99583   1.06129 -0.861901 -0.788019   0.66573 -0.659884 0.0248183  0.796548  0.116148   2.81799        -0        -0        -0        -0        -0        -0        -0        -0        -0        -0
  1.53923 -0.861901  0.152136  0.456653 -0.878143   2.40131   2.18267 -0.285189  0.648988  -0.34158        -0        -0        -0        -0        -0        -0        -0        -0        -0        -0
  -0.76966  -0.788019   0.456653  -0.730028 -0.0951968   0.434023    1.61265  -0.224009  -0.120463  -0.589533         -0         -0         -0         -0         -0         -0         -0         -0         -0         -0
   1.75719    0.66573  -0.878143 -0.0951968  0.0847032    1.81861    0.29479    1.70135    1.55017    1.43064         -0         -0         -0         -0         -0         -0         -0         -0         -0         -0
-0.718113 -0.659884   2.40131  0.434023   1.81861  0.959586  0.619401  0.799514 -0.532399   0.95321        -0        -0        -0        -0        -0        -0        -0        -0        -0        -0
 0.155993 0.0248183   2.18267   1.61265   0.29479  0.619401   2.37918   2.50798   1.83912   1.02987        -0        -0        -0        -0        -0        -0        -0        -0        -0        -0
-0.345866  0.796548 -0.285189 -0.224009   1.70135  0.799514   2.50798   1.21502    1.2571  0.809822        -0        -0        -0        -0        -0        -0        -0        -0        -0        -0
  0.47823  0.116148  0.648988 -0.120463   1.55017 -0.532399   1.83912    1.2571     1.662 -0.453224        -0        -0        -0        -0        -0        -0        -0        -0        -0        -0
 0.227795   2.81799  -0.34158 -0.589533   1.43064   0.95321   1.02987  0.809822 -0.453224 0.0692242        -0        -0        -0        -0        -0        -0        -0        -0        -0        -0
       -0        -0        -0        -0        -0        -0        -0        -0        -0        -0 0.0517764  -0.99583  -1.53923   0.76966  -1.75719  0.718113 -0.155993  0.345866  -0.47823 -0.227795
        -0         -0         -0         -0         -0         -0         -0         -0         -0         -0   -0.99583   -1.06129   0.861901   0.788019   -0.66573   0.659884 -0.0248183  -0.796548  -0.116148   -2.81799
       -0        -0        -0        -0        -0        -0        -0        -0        -0        -0  -1.53923  0.861901 -0.152136 -0.456653  0.878143  -2.40131  -2.18267  0.285189 -0.648988   0.34158
       -0        -0        -0        -0        -0        -0        -0        -0        -0        -0   0.76966  0.788019 -0.456653  0.730028 0.0951968 -0.434023  -1.61265  0.224009  0.120463  0.589533
        -0         -0         -0         -0         -0         -0         -0         -0         -0         -0   -1.75719   -0.66573   0.878143  0.0951968 -0.0847032   -1.81861   -0.29479   -1.70135   -1.55017   -1.43064
       -0        -0        -0        -0        -0        -0        -0        -0        -0        -0  0.718113  0.659884  -2.40131 -0.434023  -1.81861 -0.959586 -0.619401 -0.799514  0.532399  -0.95321
