20
1
20
  -0.299546   -0.157388   -0.109009     0.25502   0.0578751  -0.0751347    0.290722 -0.00499159    0.413972   0.0526719     0.30669    0.131881    0.407216  -0.0285356  -0.0577314    0.466581  0.00216795   -0.106609   0.0488308   -0.167397
-59.8319 -40.7515 -21.3689 -5.55326 -34.1296 -21.6968 -31.5732 -30.1851 -26.9803 -18.7875 -19.6366 -16.1489 -18.0211 -13.4852 -12.0754 -20.3398 -27.4644 -11.9967 -36.7093 -18.9185
-40.7515 -73.9761 -27.5459 -18.4081 -31.7246 -25.1516 -29.7455 -34.6802 -16.5787 -25.1752  -32.235 -30.0835 -15.6335 -12.4636 -24.9078 -22.0504  -26.321 -19.4835  -39.487  -35.334
-21.3689 -27.5459 -42.3379 -16.3447 -25.3842 -19.7309 -28.9614 -22.3655 -25.2455 -17.6198 -18.7869 -23.3173 -18.2958 -27.0431 -14.8173 -15.2846 -24.4798 -14.3435 -16.0918 -13.1839
-5.55326 -18.4081 -16.3447 -28.6684 -21.1723 -21.1662 -13.4146 -7.58466 -10.6874 -6.50665  -7.8749 -6.80106  4.85902  -22.643 -13.2366 -16.7795 -2.84508 -14.0867 -20.5604 -18.9253
-34.1296 -31.7246 -25.3842 -21.1723 -49.9576 -24.3634 -32.3556 -33.0316 -24.8539 -15.0285 -13.1836 -14.7526  -10.618  -25.712 -19.6237 -20.9327 -12.8449 -12.4986 -40.3067 -19.4026
-21.6968 -25.1516 -19.7309 -21.1662 -24.3634 -69.5019 -25.0797 -15.2401 -28.6251 -35.9663 -26.9626 -6.29141 -14.5041 -30.1615 -29.3546  -17.105 -15.1876 -17.6489 -22.4716 -32.4749
-31.5732 -29.7455 -28.9614 -13.4146 -32.3556 -25.0797   -58.37  -34.716  -29.556 -23.1791 -18.8385  -27.512 -15.9209 -16.4231 -22.0111  -30.456 -25.4859 -15.7225 -25.7729 -15.5593
-30.1851 -34.6802 -22.3655 -7.58466 -33.0316 -15.2401  -34.716 -50.9653 -18.9822 -15.5806 -18.0595  -23.598 -21.7625 -8.34269  -14.787 -21.3748 -28.5331 -16.8094 -27.5287 -7.95666
-26.9803 -16.5787 -25.2455 -10.6874 -24.8539 -28.6251  -29.556 -18.9822 -35.8543 -22.3522 -13.8834 -18.2729 -17.9792 -17.8229 -9.57098  -12.444 -22.8473 -11.6923 -19.2962 -14.4155
-18.7875 -25.1752 -17.6198 -6.50665 -15.0285 -35.9663 -23.1791 -15.5806 -22.3522 -40.9754 -20.7527 -17.9518 -23.2158 -6.71137 -16.7087 -13.1865 -17.5406 -11.1698 -15.9428 -19.7567
-19.6366  -32.235 -18.7869  -7.8749 -13.1836 -26.9626 -18.8385 -18.0595 -13.8834 -20.7527 -40.8994 -17.3654 -6.79103 -10.6645 -19.5112 -15.7232 -12.7601 -11.2505 -13.6641 -16.6809
-16.1489 -30.0835 -23.3173 -6.80106 -14.7526 -6.29141  -27.512  -23.598 -18.2729 -17.9518 -17.3654 -48.9199 -13.2078  1.65585 -17.4453 -8.19719 -29.7534 -16.3183 -11.1917 -14.4703
-18.0211 -15.6335 -18.2958  4.85902  -10.618 -14.5041 -15.9209 -21.7625 -17.9792 -23.2158 -6.79103 -13.2078 -42.1245 -2.38537 -3.90913 -2.22741 -27.7327 -8.58006  -6.9935 -1.79526
-13.4852 -12.4636 -27.0431  -22.643  -25.712 -30.1615 -16.4231 -8.34269 -17.8229 -6.71137 -10.6645  1.65585 -2.38537 -47.7978 -16.0265 -11.1444  -7.0479 -9.55456  -16.605 -13.8912
-12.0754 -24.9078 -14.8173 -13.2366 -19.6237 -29.3546 -22.0111  -14.787 -9.57098 -16.7087 -19.5112 -17.4453 -3.90913 -16.0265 -37.5856 -13.9208 -6.97252 -13.5419 -17.2778 -21.6234
-20.3398 -22.0504 -15.2846 -16.7795 -20.9327  -17.105  -30.456 -21.3748  -12.444 -13.1865 -15.7232 -8.19719 -2.22741 -11.1444 -13.9208 -41.8291 -9.69876 -17.8489 -26.2323 -10.6955
-27.4644  -26.321 -24.4798 -2.84508 -12.8449 -15.1876 -25.4859 -28.5331 -22.8473 -17.5406 -12.7601 -29.7534 -27.7327  -7.0479 -6.97252 -9.69876 -51.1164 -17.6289 -11.6784 -7.14308
-11.9967 -19.4835 -14.3435 -14.0867 -12.4986 -17.6489 -15.7225 -16.8094 -11.6923 -11.1698 -11.2505 -16.3183 -8.58006 -9.55456 -13.5419 -17.8489 -17.6289 -32.1222 -16.6025 -17.0016
-36.7093  -39.487 -16.0918 -20.5604 -40.3067 -22.4716 -25.7729 -27.5287 -19.2962 -15.9428 -13.6641 -11.1917  -6.9935  -16.605 -17.2778 -26.2323 -11.6784 -16.6025 -48.1763 -25.1852
-18.9185  -35.334 -13.1839 -18.9253 -19.4026 -32.4749 -15.5593 -7.95666 -14.4155 -19.7567 -16.6809 -14.4703 -1.79526 -13.8912 -21.6234 -10.6955 -7.14308 -17.0016 -25.1852 -41.1074
   2.9532  0.245951 -0.380723   2.34964   1.28745   2.60488   1.35057   2.03523   0.91086   2.36339        -0        -0        -0        -0        -0        -0        -0        -0        -0        -0
 0.245951 -0.146038  0.381546 -0.395257   0.98698  -0.62097   1.35008  0.563749   1.53372   1.16852        -0        -0        -0        -0        -0        -0        -0        -0        -0        -0
-0.380723  0.381546   2.07981    2.7446   2.53244   2.73221 -0.996993 -0.510546   2.60596   1.99789        -0        -0        -0        -0        -0        -0        -0        -0        -0        -0
   2.34964  -0.395257     2.7446 -0.0526346  -0.696703    1.68468    1.09516    1.56768   0.643066     2.3664         -0         -0         -0         -0         -0         -0         -0         -0         -0         -0
  1.28745   0.98698   2.53244 -0.696703  0.657657 -0.895766   2.29744  0.867046  0.218405 -0.736321        -0        -0        -0        -0        -0        -0        -0        -0        -0        -0
  2.60488  -0.62097   2.73221   1.68468 -0.895766 -0.995694   1.92912   1.14711   2.71019   1.29533        -0        -0        -0        -0        -0        -0        -0        -0        -0        -0
  1.35057   1.35008 -0.996993   1.09516   2.29744   1.92912  0.761444   2.46717  0.647371   1.29551        -0        -0        -0        -0        -0        -0        -0        -0        -0        -0
  2.03523  0.563749 -0.510546   1.56768  0.867046   1.14711   2.46717    2.5602   2.96512   1.02512        -0        -0        -0        -0        -0        -0        -0        -0        -0        -0
 0.91086  1.53372  2.60596 0.643066 0.218405  2.71019 0.647371  2.96512  2.81795  1.65209       -0       -0       -0       -0       -0       -0       -0       -0       -0       -0
  2.36339   1.16852   1.99789    2.3664 -0.736321   1.29533   1.29551   1.02512   1.65209  0.571807        -0        -0        -0        -0        -0        -0        -0        -0        -0        -0
       -0        -0        -0        -0        -0        -0        -0        -0        -0        -0   -2.9532 -0.245951  0.380723  -2.34964  -1.28745  -2.60488  -1.35057  -2.03523  -0.91086  -2.36339
       -0        -0        -0        -0        -0        -0        -0        -0        -0        -0 -0.245951  0.146038 -0.381546  0.395257  -0.98698   0.62097  -1.35008 -0.563749  -1.53372  -1.16852
       -0        -0        -0        -0        -0        -0        -0        -0        -0        -0  0.380723 -0.381546  -2.07981   -2.7446  -2.53244  -2.73221  0.996993  0.510546  -2.60596  -1.99789
       -0        -0        -0        -0        -0        -0        -0        -0        -0        -0  -2.34964  0.395257   -2.7446 0.0526346  0.696703  -1.68468  -1.09516  -1.56768 -0.643066   -2.3664
       -0        -0        -0        -0        -0        -0        -0        -0        -0        -0  -1.28745  -0.98698  -2.53244  0.696703 -0.657657  0.895766  -2.29744 -0.867046 -0.218405  0.736321
      -0       -0       -0       -0       -0       -0       -0       -0       -0       -0 -2.60488  0.62097 -2.73221 -1.68468 0.895766 0.995694 -1.92912 -1.14711 -2.71019 -1.29533
       -0        -0        -0        -0        -0        -0        -0        -0        -0        -0  -1.35057  -1.35008  0.996993  -1.09516  -2.29744  -1.92912 -0.761444  -2.46717 -0.647371  -1.29551
       -0        -0        -0        -0        -0        -0        -0        -0        -0        -0  -2.03523 -0.563749  0.510546  -1.56768 -0.867046  -1.14711  -2.46717   -2.5602  -2.96512  -1.02512
       -0        -0        -0        -0        -0        -0        -0        -0        -0        -0  -0.91086  -1.53372  -2.60596 -0.643066 -0.218405  -2.71019 -0.647371  -2.96512  -2.81795  -1.65209
       -0        -0        -0        -0        -0        -0        -0        -0        -0        -0  -2.36339  -1.16852  -1.99789   -2.3664  0.736321  -1.29533  -1.29551  -1.02512  -1.65209 -0.571807
-0.472402   1.94909   1.41191 -0.592643  0.342329  0.874275   2.34686   2.77778 -0.665507   2.82386        -0        -0        -0        -0        -0        -0        -0        -0        -0        -0
   1.94909    1.47366   0.173644    2.06811    1.97079    2.87472    1.58104 -0.0732018   0.874624    1.01704         -0         -0         -0         -0         -0         -0         -0         -0         -0         -0
  1.41191  0.173644 -0.748293 -0.955466   2.58198   1.79809 -0.750013   1.68342  -0.60399   2.22543        -0        -0        -0        -0        -0        -0        -0        -0        -0        -0
-0.592643   2.06811 -0.955466   2.54291  0.969057   1.12598    2.3914   2.35977   2.13258 -0.926157        -0        -0        -0        -0        -0        -0        -0        -0        -0        -0
 0.342329   1.97079   2.58198  0.969057  0.525844  0.284521   1.12395   1.89586 -0.999393  0.408443        -0        -0        -0        -0        -0        -0        -0        -0        -0        -0
 0.874275   2.87472   1.79809   1.12598  0.284521   2.33813 -0.664854 -0.790735  0.680531  0.349385        -0        -0        -0        -0        -0        -0        -0        -0        -0        -0
  2.34686   1.58104 -0.750013    2.3914   1.12395 -0.664854   2.69093   2.05848   1.47072 -0.591011        -0        -0        -0        -0        -0        -0        -0        -0        -0        -0
   2.77778 -0.0732018    1.68342    2.35977    1.89586  -0.790735    2.05848    1.71005    1.64198  0.0993706         -0         -0         -0         -0         -0         -0         -0         -0         -0         -0
-0.665507  0.874624  -0.60399   2.13258 -0.999393  0.680531   1.47072   1.64198   1.67018 -0.981148        -0        -0        -0        -0        -0        -0        -0        -0        -0        -0
  2.82386   1.01704   2.22543 -0.926157  0.408443  0.349385 -0.591011 0.0993706 -0.981148   2.99346        -0        -0        -0        -0        -0        -0        -0        -0        -0        -0
       -0        -0        -0        -0        -0        -0        -0        -0        -0        -0  0.472402  -1.94909  -1.41191  0.592643 -0.342329 -0.874275  -2.34686  -2.77778  0.665507  -2.82386
       -0        -0        -0        -0        -0        -0        -0        -0        -0        -0  -1.94909  -1.47366 -0.173644  -2.06811  -1.97079  -2.87472  -1.58104 0.0732018 -0.874624  -1.01704
       -0        -0        -0        -0        -0        -0        -0        -0        -0        -0  -1.41191 -0.173644  0.748293  0.955466  -2.58198  -1.79809  0.750013  -1.68342   0.60399  -2.22543
       -0        -0        -0        -0        -0        -0        -0        -0        -0        -0  0.592643  -2.06811  0.955466  -2.54291 -0.969057  -1.12598   -2.3914  -2.35977  -2.13258  0.926157
       -0        -0        -0        -0        -0        -0        -0        -0        -0        -0 -0.342329  -1.97079  -2.58198 -0.969057 -0.525844 -0.284521  -1.12395  -1.89586  0.999393 -0.408443
       -0        -0        -0        -0        -0        -0        -0        -0        -0        -0 -0.874275  -2.87472  -1.79809  -1.12598 -0.284521  -2.33813  0.664854  0.790735 -0.680531 -0.349385
      -0       -0       -0       -0       -0       -0       -0       -0       -0       -0 -2.34686 -1.58104 0.750013  -2.3914 -1.12395 0.664854 -2.69093 -2.05848 -1.47072 0.591011
        -0         -0         -0         -0         -0         -0         -0         -0         -0         -0   -2.77778  0.0732018   -1.68342   -2.35977   -1.89586   0.790735   -2.05848   -1.71005   -1.64198 -0.0993706
       -0        -0        -0        -0        -0        -0        -0        -0        -0        -0  0.665507 -0.874624   0.60399  -2.13258  0.999393 -0.680531  -1.47072  -1.64198  -1.67018  0.981148
        -0         -0         -0         -0         -0         -0         -0         -0         -0         -0   -2.82386   -1.01704   -2.22543   0.926157  -0.408443  -0.349385   0.591011 -0.0993706   0.981148   -2.99346
-0.188003   1.73617  0.108347 -0.477615   2.72488 0.0338825  0.930058   1.81068  0.625936  0.308932        -0        -0        -0        -0        -0        -0        -0        -0        -0        -0
  1.73617   1.86065 -0.953905 -0.180255  0.606107   1.21109 -0.675621   1.32957   2.88298   1.11184        -0        -0        -0        -0        -0        -0        -0        -0        -0        -0
 0.108347 -0.953905  0.499935  0.498655   1.64556   2.15313   1.26969 -0.440183  0.408869 -0.821492        -0        -0        -0        -0        -0        -0        -0        -0        -0        -0
-0.477615 -0.180255  0.498655  0.442641  0.304533   1.53382   2.42871   0.45624 -0.220934   2.57862        -0        -0        -0        -0        -0        -0        -0        -0        -0        -0
  2.72488  0.606107   1.64556  0.304533 -0.261716   1.54487   0.76702   2.63411   1.41679  0.540552        -0        -0        -0        -0        -0        -0        -0        -0        -0        -0
0.0338825   1.21109   2.15313   1.53382   1.54487   2.27307   1.58485  0.298102   2.95374  0.945528        -0        -0        -0        -0        -0        -0        -0        -0        -0        -0
 0.930058 -0.675621   1.26969   2.42871   0.76702   1.58485 -0.916228   1.09503 -0.947866   1.16347        -0        -0        -0        -0        -0        -0        -0        -0        -0        -0
  1.81068   1.32957 -0.440183   0.45624   2.63411  0.298102   1.09503    1.5189   2.85899  0.624323        -0        -0        -0        -0        -0        -0        -0        -0        -0        -0
  0.625936    2.88298   0.408869  -0.220934    1.41679    2.95374  -0.947866    2.85899  -0.818219 -0.0287005         -0         -0         -0         -0         -0         -0         -0         -0         -0         -0
  0.308932    1.11184  -0.821492    2.57862   0.540552   0.945528    1.16347   0.624323 -0.0287005  -0.231833         -0         -0         -0         -0         -0         -0         -0         -0         -0         -0
        -0         -0         -0         -0         -0         -0         -0         -0         -0         -0   0.188003   -1.73617  -0.108347   0.477615   -2.72488 -0.0338825  -0.930058   -1.81068  -0.625936  -0.308932
       -0        -0        -0        -0        -0        -0        -0        -0        -0        -0  -1.73617  -1.86065  0.953905  0.180255 -0.606107  -1.21109  0.675621  -1.32957  -2.88298  -1.11184
       -0        -0        -0        -0        -0        -0        -0        -0        -0        -0 -0.108347  0.953905 -0.499935 -0.498655  -1.64556  -2.15313  -1.26969  0.440183 -0.408869  0.821492
       -0        -0        -0        -0        -0        -0        -0        -0        -0        -0  0.477615  0.180255 -0.498655 -0.442641 -0.304533  -1.53382  -2.42871  -0.45624  0.220934  -2.57862
       -0        -0        -0        -0        -0        -0        -0        -0        -0        -0  -2.72488 -0.606107  -1.64556 -0.304533  0.261716  -1.54487  -0.76702  -2.63411  -1.41679 -0.540552
        -0         -0         -0         -0         -0         -0         -0         -0         -0         -0 -0.0338825   -1.21109   -2.15313   -1.53382   -1.54487   -2.27307   -1.58485  -0.298102   -2.95374  -0.945528
       -0        -0        -0        -0        -0        -0        -0        -0        -0        -0 -0.930058  0.675621  -1.26969  -2.42871  -0.76702  -1.58485  0.916228  -1.09503  0.947866  -1.16347
       -0        -0        -0        -0        -0        -0        -0        -0        -0        -0  -1.81068  -1.32957  0.440183  -0.45624  -2.63411 -0.298102  -1.09503   -1.5189  -2.85899 -0.624323
       -0        -0        -0        -0        -0        -0        -0        -0        -0        -0 -0.625936  -2.88298 -0.408869  0.220934  -1.41679  -2.95374  0.947866  -2.85899  0.818219 0.0287005
       -0        -0        -0        -0        -0        -0        -0        -0        -0        -0 -0.308932  -1.11184  0.821492  -2.57862 -0.540552 -0.945528  -1.16347 -0.624323 0.0287005  0.231833
-0.421966   1.53103   2.56201     2.263   1.78902  0.450795 -0.770416   2.62427 -0.506217   1.92892        -0        -0        -0        -0        -0        -0        -0        -0        -0        -0
  1.53103   1.87668  -0.24726   0.93017  0.541833 -0.854334  0.827607   1.00919     2.207 -0.862622        -0        -0        -0        -0        -0        -0        -0        -0        -0        -0
  2.56201  -0.24726   1.18726   1.43933  0.220018   2.73842   1.64817   1.89909   1.44937 -0.305807        -0        -0        -0        -0        -0        -0        -0        -0        -0        -0
    2.263   0.93017   1.43933   1.36074   2.95705   2.63806   1.66891 -0.155715   -0.7678  0.577094        -0        -0        -0        -0        -0        -0        -0        -0        -0        -0
  1.78902  0.541833  0.220018   2.95705  0.481732   2.88619 -0.811654  0.966239   1.84505   1.80629        -0        -0        -0        -0        -0        -0        -0        -0        -0        -0
 0.450795 -0.854334   2.73842   2.63806   2.88619 -0.930223  0.716194 -0.619173   1.33556 -0.117461        -0        -0        -0        -0        -0        -0        -0        -0        -0        -0
-0.770416  0.827607   1.64817   1.66891 -0.811654  0.716194   1.34646  0.720053 -0.698023   2.29329        -0        -0        -0        -0        -0        -0        -0        -0        -0        -0
  2.62427   1.00919   1.89909 -0.155715  0.966239 -0.619173  0.720053  0.508107   1.21092   0.15275        -0        -0        -0        -0        -0        -0        -0        -0        -0        -0
-0.506217     2.207   1.44937   -0.7678   1.84505   1.33556 -0.698023   1.21092   2.90779   1.16347        -0        -0        -0        -0        -0        -0        -0        -0        -0        -0
  1.92892 -0.862622 -0.305807  0.577094   1.80629 -0.117461   2.29329   0.15275   1.16347   1.51346        -0        -0        -0        -0        -0        -0        -0        -0        -0        -0
       -0        -0        -0        -0        -0        -0        -0        -0        -0        -0  0.421966  -1.53103  -2.56201    -2.263  -1.78902 -0.450795  0.770416  -2.62427  0.506217  -1.92892
       -0        -0        -0        -0        -0        -0        -0        -0        -0        -0  -1.53103  -1.87668   0.24726  -0.93017 -0.541833  0.854334 -0.827607  -1.00919    -2.207  0.862622
       -0        -0        -0        -0        -0        -0        -0        -0        -0        -0  -2.56201   0.24726  -1.18726  -1.43933 -0.220018  -2.73842  -1.64817  -1.89909  -1.44937  0.305807
       -0        -0        -0        -0        -0        -0        -0        -0        -0        -0    -2.263  -0.93017  -1.43933  -1.36074  -2.95705  -2.63806  -1.66891  0.155715    0.7678 -0.577094
       -0        -0        -0        -0        -0        -0        -0        -0        -0        -0  -1.78902 -0.541833 -0.220018  -2.95705 -0.481732  -2.88619  0.811654 -0.966239  -1.84505  -1.80629
       -0        -0        -0        -0        -0        -0        -0        -0        -0        -0 -0.450795  0.854334  -2.73842  -2.63806  -2.88619  0.930223 -0.716194  0.619173  -1.33556  0.117461
       -0        -0        -0        -0        -0        -0        -0        -0        -0        -0  0.770416 -0.827607  -1.64817  -1.66891  0.811654 -0.716194  -1.34646 -0.720053  0.698023  -2.29329
       -0        -0        -0        -0        -0        -0        -0        -0        -0        -0  -2.62427  -1.00919  -1.89909  0.155715 -0.966239  0.619173 -0.720053 -0.508107  -1.21092  -0.15275
      -0       -0       -0       -0       -0       -0       -0       -0       -0       -0 0.506217   -2.207 -1.44937   0.7678 -1.84505 -1.33556 0.698023 -1.21092 -2.90779 -1.16347
       -0        -0        -0        -0        -0        -0        -0        -0        -0        -0  -1.92892  0.862622  0.305807 -0.577094  -1.80629  0.117461  -2.29329  -0.15275  -1.16347  -1.51346
   1.51001    1.65578    2.89154    1.12186  -0.299891    1.95373 -0.0536331    1.55217  -0.285055    2.95187         -0         -0         -0         -0         -0         -0         -0         -0         -0         -0
  1.65578 -0.509224   1.73802  0.954936   2.05936   2.26062  0.643902   2.34977 -0.396244   2.25452        -0        -0        -0        -0        -0        -0        -0        -0        -0        -0
 2.89154  1.73802  2.48588  0.41948 0.621157  2.59853  1.13165 0.880288 0.147171 0.393073       -0       -0       -0       -0       -0       -0       -0       -0       -0       -0
  1.12186  0.954936   0.41948    1.6445   2.45324   1.43961   1.36585 -0.826669 -0.686522   1.08352        -0        -0        -0        -0        -0        -0        -0        -0        -0        -0
-0.299891   2.05936  0.621157   2.45324 -0.835487   2.84635 -0.711595   1.80301   2.04337  0.620364        -0        -0        -0        -0        -0        -0        -0        -0        -0        -0
    1.95373     2.26062     2.59853     1.43961     2.84635     2.91365     0.49569      1.0448 -0.00647446    0.681478          -0          -0          -0          -0          -0          -0          -0          -0          -0          -0
-0.0536331   0.643902    1.13165    1.36585  -0.711595    0.49569    1.41735    1.51746  -0.772875    2.57921         -0         -0         -0         -0         -0         -0         -0         -0         -0         -0
  1.55217   2.34977  0.880288 -0.826669   1.80301    1.0448   1.51746   2.85443   2.77516 -0.962286        -0        -0        -0        -0        -0        -0        -0        -0        -0        -0
  -0.285055   -0.396244    0.147171   -0.686522     2.04337 -0.00647446   -0.772875     2.77516     1.30815     2.10327          -0          -0          -0          -0          -0          -0          -0          -0          -0          -0
  2.95187   2.25452  0.393073   1.08352  0.620364  0.681478   2.57921 -0.962286   2.10327   1.22887        -0        -0        -0        -0        -0        -0        -0        -0        -0        -0
       -0        -0        -0        -0        -0        -0        -0        -0        -0        -0  -1.51001  -1.65578  -2.89154  -1.12186  0.299891  -1.95373 0.0536331  -1.55217  0.285055  -2.95187
       -0        -0        -0        -0        -0        -0        -0        -0        -0        -0  -1.65578  0.509224  -1.73802 -0.954936  -2.05936  -2.26062 -0.643902  -2.34977  0.396244  -2.25452
       -0        -0        -0        -0        -0        -0        -0        -0        -0        -0  -2.89154  -1.73802  -2.48588  -0.41948 -0.621157  -2.59853  -1.13165 -0.880288 -0.147171 -0.393073
       -0        -0        -0        -0        -0        -0        -0        -0        -0        -0  -1.12186 -0.954936  -0.41948   -1.6445  -2.45324  -1.43961  -1.36585  0.826669  0.686522  -1.08352
       -0        -0        -0        -0        -0        -0        -0        -0        -0        -0  0.299891  -2.05936 -0.621157  -2.45324  0.835487  -2.84635  0.711595  -1.80301  -2.04337 -0.620364
        -0         -0         -0         -0         -0         -0         -0         -0         -0         -0   -1.95373   -2.26062   -2.59853   -1.43961   -2.84635   -2.91365   -0.49569    -1.0448 0.00647446  -0.681478
       -0        -0        -0        -0        -0        -0        -0        -0        -0        -0 0.0536331 -0.643902  -1.13165  -1.36585  0.711595  -0.49569  -1.41735  -1.51746  0.772875  -2.57921
       -0        -0        -0        -0        -0        -0        -0        -0        -0        -0  -1.55217  -2.34977 -0.880288  0.826669  -1.80301   -1.0448  -1.51746  -2.85443  -2.77516  0.962286
        -0         -0         -0         -0         -0         -0         -0         -0         -0         -0   0.285055   0.396244  -0.147171   0.686522   -2.04337 0.00647446   0.772875   -2.77516   -1.30815   -2.10327
       -0        -0        -0        -0        -0        -0        -0        -0        -0        -0  -2.95187  -2.25452 -0.393073  -1.08352 -0.620364 -0.681478  -2.57921  0.962286  -2.10327  -1.22887
  1.85864   1.23279  0.240806   2.69951   1.40929   2.91695  0.211749   2.08709  0.391579 -0.799676        -0        -0        -0        -0        -0        -0        -0        -0        -0        -0
   1.23279 -0.0489674    2.80791    1.45287   0.481877    1.84389    1.25322    2.03335    2.93375    1.97506         -0         -0         -0         -0         -0         -0         -0         -0         -0         -0
 0.240806   2.80791  0.936152 0.0740733   1.84693   2.19164   2.45672  0.919638   1.49243   1.47322        -0        -0        -0        -0        -0        -0        -0        -0        -0        -0
  2.69951   1.45287 0.0740733  0.278154   2.44681  0.853105   1.28582  0.934019 -0.416777   2.65705        -0        -0        -0        -0        -0        -0        -0        -0        -0        -0
  1.40929  0.481877   1.84693   2.44681 -0.138165  0.477765   2.53137   1.48016  0.786851  0.260886        -0        -0        -0        -0        -0        -0        -0        -0        -0        -0
  2.91695   1.84389   2.19164  0.853105  0.477765 0.0830735   1.64853   1.78147   2.97019    1.0046        -0        -0        -0        -0        -0        -0        -0        -0        -0        -0
0.211749  1.25322  2.45672  1.28582  2.53137  1.64853 0.188672  1.04546 0.666296  1.30557       -0       -0       -0       -0       -0       -0       -0       -0       -0       -0
 2.08709  2.03335 0.919638 0.934019  1.48016  1.78147  1.04546  1.00785  2.19647  1.44956       -0       -0       -0       -0       -0       -0       -0       -0       -0       -0
 0.391579   2.93375   1.49243 -0.416777  0.786851   2.97019  0.666296   2.19647  0.763314   2.19578        -0        -0        -0        -0        -0        -0        -0        -0        -0        -0
-0.799676   1.97506   1.47322   2.65705  0.260886    1.0046   1.30557   1.44956   2.19578   1.92963        -0        -0        -0        -0        -0        -0        -0        -0        -0        -0
       -0        -0        -0        -0        -0        -0        -0        -0        -0        -0  -1.85864  -1.23279 -0.240806  -2.69951  -1.40929  -2.91695 -0.211749  -2.08709 -0.391579  0.799676
       -0        -0        -0        -0        -0        -0        -0        -0        -0        -0  -1.23279 0.0489674  -2.80791  -1.45287 -0.481877  -1.84389  -1.25322  -2.03335  -2.93375  -1.97506
        -0         -0         -0         -0         -0         -0         -0         -0         -0         -0  -0.240806   -2.80791  -0.936152 -0.0740733   -1.84693   -2.19164   -2.45672  -0.919638   -1.49243   -1.47322
        -0         -0         -0         -0         -0         -0         -0         -0         -0         -0   -2.69951   -1.45287 -0.0740733  -0.278154   -2.44681  -0.853105   -1.28582  -0.934019   0.416777   -2.65705
       -0        -0        -0        -0        -0        -0        -0        -0        -0        -0  -1.40929 -0.481877  -1.84693  -2.44681  0.138165 -0.477765  -2.53137  -1.48016 -0.786851 -0.260886
        -0         -0         -0         -0         -0         -0         -0         -0         -0         -0   -2.91695   -1.84389   -2.19164  -0.853105  -0.477765 -0.0830735   -1.64853   -1.78147   -2.97019    -1.0046
       -0        -0        -0        -0        -0        -0        -0        -0        -0        -0 -0.211749  -1.25322  -2.45672  -1.28582  -2.53137  -1.64853 -0.188672  -1.04546 -0.666296  -1.30557
       -0        -0        -0        -0        -0        -0        -0        -0        -0        -0  -2.08709  -2.03335 -0.919638 -0.934019  -1.48016  -1.78147  -1.04546  -1.00785  -2.19647  -1.44956
       -0        -0        -0        -0        -0        -0        -0        -0        -0        -0 -0.391579  -2.93375  -1.49243  0.416777 -0.786851  -2.97019 -0.666296  -2.19647 -0.763314  -2.19578
       -0        -0        -0        -0        -0        -0        -0        -0        -0        -0  0.799676  -1.97506  -1.47322  -2.65705 -0.260886   -1.0046  -1.30557  -1.44956  -2.19578  -1.92963
  1.88732   0.91089   1.31209  0.614873   2.71026   2.57234 -0.294536 -0.429401 -0.157464   1.55636        -0        -0        -0        -0        -0        -0        -0        -0        -0        -0
   0.91089    2.84257  -0.277383    2.70965  -0.341317    2.14454    1.49974     2.9209     1.9358 -0.0424056         -0         -0         -0         -0         -0         -0         -0         -0         -0         -0
  1.31209 -0.277383  0.111889  -0.73144   1.31456  0.819965   2.58899 -0.134057  0.602505  -0.75326        -0        -0        -0        -0        -0        -0        -0        -0        -0        -0
  0.614873    2.70965   -0.73144    2.57786    2.24923  -0.315772 -0.0259766    1.88516     1.6625    1.14535         -0         -0         -0         -0         -0         -0         -0         -0         -0         -0
  2.71026 -0.341317   1.31456   2.24923 0.0620012   2.92986    1.0776   2.17013   2.62002  0.931618        -0        -0        -0        -0        -0        -0        -0        -0        -0        -0
  2.57234   2.14454  0.819965 -0.315772   2.92986   1.19963 -0.894402  0.927944  0.532361   1.32434        -0        -0        -0        -0        -0        -0        -0        -0        -0        -0
 -0.294536    1.49974    2.58899 -0.0259766     1.0776  -0.894402   0.459468   0.625521  -0.137869    1.25095         -0         -0         -0         -0         -0         -0         -0         -0         -0         -0
-0.429401    2.9209 -0.134057   1.88516   2.17013  0.927944  0.625521   2.74519   1.67703   2.39109        -0        -0        -0        -0        -0        -0        -0        -0        -0        -0
-0.157464    1.9358  0.602505    1.6625   2.62002  0.532361 -0.137869   1.67703 -0.747869 -0.577056        -0        -0        -0        -0        -0        -0        -0        -0        -0        -0
   1.55636 -0.0424056   -0.75326    1.14535   0.931618    1.32434    1.25095    2.39109  -0.577056    1.46159         -0         -0         -0         -0         -0         -0         -0         -0         -0         -0
       -0        -0        -0        -0        -0        -0        -0        -0        -0        -0  -1.88732  -0.91089  -1.31209 -0.614873  -2.71026  -2.57234  0.294536  0.429401  0.157464  -1.55636
       -0        -0        -0        -0        -0        -0        -0        -0        -0        -0  -0.91089  -2.84257  0.277383  -2.70965  0.341317  -2.14454  -1.49974   -2.9209   -1.9358 0.0424056
       -0        -0        -0        -0        -0        -0        -0        -0        -0        -0  -1.31209  0.277383 -0.111889   0.73144  -1.31456 -0.819965  -2.58899  0.134057 -0.602505   0.75326
       -0        -0        -0        -0        -0        -0        -0        -0        -0        -0 -0.614873  -2.70965   0.73144  -2.57786  -2.24923  0.315772 0.0259766  -1.88516   -1.6625  -1.14535
        -0         -0         -0         -0         -0         -0         -0         -0         -0         -0   -2.71026   0.341317   -1.31456   -2.24923 -0.0620012   -2.92986    -1.0776   -2.17013   -2.62002  -0.931618
       -0        -0        -0        -0        -0        -0        -0        -0        -0        -0  -2.57234  -2.14454 -0.819965  0.315772  -2.92986  -1.19963  0.894402 -0.927944 -0.532361  -1.32434
       -0        -0        -0        -0        -0        -0        -0        -0        -0        -0  0.294536  -1.49974  -2.58899 0.0259766   -1.0776  0.894402 -0.459468 -0.625521  0.137869  -1.25095
       -0        -0        -0        -0        -0        -0        -0        -0        -0        -0  0.429401   -2.9209  0.134057  -1.88516  -2.17013 -0.927944 -0.625521  -2.74519  -1.67703  -2.39109
       -0        -0        -0        -0        -0        -0        -0        -0        -0        -0  0.157464   -1.9358 -0.602505   -1.6625  -2.62002 -0.532361  0.137869  -1.67703  0.747869  0.577056
       -0        -0        -0        -0        -0        -0        -0        -0        -0        -0  -1.55636 0.0424056   0.75326  -1.14535 -0.931618  -1.32434  -1.25095  -2.39109  0.577056  -1.46159
   2.59835    2.96219    2.41198   -0.59721   0.840046  -0.244379    0.70366    1.16962 -0.0191977    2.67355         -0         -0         -0         -0         -0         -0         -0         -0         -0         -0
  2.96219   1.14035  0.544901  0.227834 -0.255325  0.655875  0.410724  0.774652   1.38005 -0.259717        -0        -0        -0        -0        -0        -0        -0        -0        -0        -0
  2.41198  0.544901 -0.693216   2.39955   2.77606   2.37648   1.15813   0.90862   1.42437   0.84267        -0        -0        -0        -0        -0        -0        -0        -0        -0        -0
 -0.59721  0.227834   2.39955   1.78528   1.53153  0.062405  0.103208  0.945686 -0.642719   0.83168        -0        -0        -0        -0        -0        -0        -0        -0        -0        -0
 0.840046 -0.255325   2.77606   1.53153   1.30937  0.314596 -0.803997 -0.693817   2.44245  0.843491        -0        -0        -0        -0        -0        -0        -0        -0        -0        -0
-0.244379  0.655875   2.37648  0.062405  0.314596   2.06673   2.85025 -0.782007   2.73897   1.03867        -0        -0        -0        -0        -0        -0        -0        -0        -0        -0
  0.70366  0.410724   1.15813  0.103208 -0.803997   2.85025 -0.618537    1.5246   2.42401  0.681931        -0        -0        -0        -0        -0        -0        -0        -0        -0        -0
  1.16962  0.774652   0.90862  0.945686 -0.693817 -0.782007    1.5246   2.14922   1.74326   1.22495        -0        -0        -0        -0        -0        -0        -0        -0        -0        -0
-0.0191977    1.38005    1.42437  -0.642719    2.44245    2.73897    2.42401    1.74326    2.03662    1.57258         -0         -0         -0         -0         -0         -0         -0         -0         -0         -0
  2.67355 -0.259717   0.84267   0.83168  0.843491   1.03867  0.681931   1.22495   1.57258  0.616537        -0        -0        -0        -0        -0        -0        -0        -0        -0        -0
       -0        -0        -0        -0        -0        -0        -0        -0        -0        -0  -2.59835  -2.96219  -2.41198   0.59721 -0.840046  0.244379  -0.70366  -1.16962 0.0191977  -2.67355
       -0        -0        -0        -0        -0        -0        -0        -0        -0        -0  -2.96219  -1.14035 -0.544901 -0.227834  0.255325 -0.655875 -0.410724 -0.774652  -1.38005  0.259717
       -0        -0        -0        -0        -0        -0        -0        -0        -0        -0  -2.41198 -0.544901  0.693216  -2.39955  -2.77606  -2.37648  -1.15813  -0.90862  -1.42437  -0.84267
       -0        -0        -0        -0        -0        -0        -0        -0        -0        -0   0.59721 -0.227834  -2.39955  -1.78528  -1.53153 -0.062405 -0.103208 -0.945686  0.642719  -0.83168
       -0        -0        -0        -0        -0        -0        -0        -0        -0        -0 -0.840046  0.255325  -2.77606  -1.53153  -1.30937 -0.314596  0.803997  0.693817  -2.44245 -0.843491
       -0        -0        -0        -0        -0        -0        -0        -0        -0        -0  0.244379 -0.655875  -2.37648 -0.062405 -0.314596  -2.06673  -2.85025  0.782007  -2.73897  -1.03867
       -0        -0        -0        -0        -0        -0        -0        -0        -0        -0  -0.70366 -0.410724  -1.15813 -0.103208  0.803997  -2.85025  0.618537   -1.5246  -2.42401 -0.681931
       -0        -0        -0        -0        -0        -0        -0        -0        -0        -0  -1.16962 -0.774652  -0.90862 -0.945686  0.693817  0.782007   -1.5246  -2.14922  -1.74326  -1.22495
       -0        -0        -0        -0        -0        -0        -0        -0        -0        -0 0.0191977  -1.38005  -1.42437  0.642719  -2.44245  -2.73897  -2.42401  -1.74326  -2.03662  -1.57258
       -0        -0        -0        -0        -0        -0        -0        -0        -0        -0  -2.67355  0.259717  -0.84267  -0.83168 -0.843491  -1.03867 -0.681931  -1.22495  -1.57258 -0.616537
   2.3889  0.980984 -0.959362 -0.490609   0.33154 -0.151258   1.40581  0.455146  -0.71271  0.691512        -0        -0        -0        -0        -0        -0        -0        -0        -0        -0
 0.980984    2.8274   2.37924   2.37857  0.118122   1.10596   2.51206   1.10216    2.8625 -0.338674        -0        -0        -0        -0        -0        -0        -0        -0        -0        -0
-0.959362   2.37924   2.92123   2.23676   1.27195   1.89889  0.902929   2.82248     1.355  0.810735        -0        -0        -0        -0        -0        -0        -0        -0        -0        -0
-0.490609   2.37857   2.23676   2.90058   1.85152 -0.230031   0.64257    2.7271   2.18618   2.59444        -0        -0        -0        -0        -0        -0        -0        -0        -0        -0
   0.33154   0.118122    1.27195    1.85152   0.523477    2.98927    2.41264 -0.0463166  -0.367534     1.3039         -0         -0         -0         -0         -0         -0         -0         -0         -0         -0
-0.151258   1.10596   1.89889 -0.230031   2.98927 -0.890183   1.57902  0.345957   1.34427  0.223379        -0        -0        -0        -0        -0        -0        -0        -0        -0        -0
 1.40581  2.51206 0.902929  0.64257  2.41264  1.57902  2.56722  1.18372    2.296  1.17346       -0       -0       -0       -0       -0       -0       -0       -0       -0       -0
  0.455146    1.10216    2.82248     2.7271 -0.0463166   0.345957    1.18372  -0.232359    2.16715   0.871116         -0         -0         -0         -0         -0         -0         -0         -0         -0         -0
 -0.71271    2.8625     1.355   2.18618 -0.367534   1.34427     2.296   2.16715   1.25552 -0.766024        -0        -0        -0        -0        -0        -0        -0        -0        -0        -0
 0.691512 -0.338674  0.810735   2.59444    1.3039  0.223379   1.17346  0.871116 -0.766024   1.94408        -0        -0        -0        -0        -0        -0        -0        -0        -0        -0
       -0        -0        -0        -0        -0        -0        -0        -0        -0        -0   -2.3889 -0.980984  0.959362  0.490609  -0.33154  0.151258  -1.40581 -0.455146   0.71271 -0.691512
       -0        -0        -0        -0        -0        -0        -0        -0        -0        -0 -0.980984   -2.8274  -2.37924  -2.37857 -0.118122  -1.10596  -2.51206  -1.10216   -2.8625  0.338674
       -0        -0        -0        -0        -0        -0        -0        -0        -0        -0  0.959362  -2.37924  -2.92123  -2.23676  -1.27195  -1.89889 -0.902929  -2.82248    -1.355 -0.810735
      -0       -0       -0       -0       -0       -0       -0       -0       -0       -0 0.490609 -2.37857 -2.23676 -2.90058 -1.85152 0.230031 -0.64257  -2.7271 -2.18618 -2.59444
       -0        -0        -0        -0        -0        -0        -0        -0        -0        -0  -0.33154 -0.118122  -1.27195  -1.85152 -0.523477  -2.98927  -2.41264 0.0463166  0.367534   -1.3039
       -0        -0        -0        -0        -0        -0        -0        -0        -0        -0  0.151258  -1.10596  -1.89889  0.230031  -2.98927  0.890183  -1.57902 -0.345957  -1.34427 -0.223379
       -0        -0        -0        -0        -0        -0        -0        -0        -0        -0  -1.40581  -2.51206 -0.902929  -0.64257  -2.41264  -1.57902  -2.56722  -1.18372    -2.296  -1.17346
       -0        -0        -0        -0        -0        -0        -0        -0        -0        -0 -0.455146  -1.10216  -2.82248   -2.7271 0.0463166 -0.345957  -1.18372  0.232359  -2.16715 -0.871116
