20
1
20
  0.191358   0.104337 -0.0206901   0.323768   0.424981 -0.0225773  -0.434714  0.0125423 -0.0509178  -0.483142   0.415507  0.0510416 -0.0324293  -0.065484 -0.0448311 -0.0376625 -0.0461382   0.211982  0.0729241   0.067592
-52.4051  -28.771 -23.8719 -33.8241 -17.4437 -16.5922 -26.9805 -19.4316 -21.8832 -24.9522 -29.1768 -23.9633 -21.5218 -18.3504 -19.0106 -29.2383 -23.3528 -17.9956 -21.6251 -25.8684
 -28.771  -70.334 -27.5298 -32.3722 -22.8444 -38.4061 -20.3862 -15.7147 -21.7354 -23.7197 -34.8545 -21.0595 -18.3137 -23.5389 -34.4143 -34.6845 -36.8301  -25.958 -26.0294 -42.3202
-23.8719 -27.5298 -53.0369 -18.9778 -13.8688 -17.8802 -11.4089 -20.0346 -19.7128 -19.7979 -14.2931 -15.5226 -25.4305 -6.96621 -28.3754 -19.4681 -7.19637 -1.67786 -7.10945 -35.5941
-33.8241 -32.3722 -18.9778 -46.4288 -8.20266 -27.0919 -26.6254 -25.9297 -16.7567 -16.7137  -17.426  -19.933 -13.3691 -19.2934 -20.2534 -32.0543 -26.5452 -26.3208   -18.71 -26.9914
-17.4437 -22.8444 -13.8688 -8.20266 -35.0922 -15.8699 -15.7828 -1.06181 -6.72729 -24.0403 -16.8538 -18.3508 -31.2255 -27.4824 -25.3372 -9.30044 -13.2366 -8.82733 -20.9133  -24.241
-16.5922 -38.4061 -17.8802 -27.0919 -15.8699 -54.6207 -21.7718 -12.3715  -18.286 -17.5507   -11.36 -20.3467 -21.9752 -21.5372 -24.1065 -22.2262 -23.9531 -18.1115 -15.0398 -39.0197
-26.9805 -20.3862 -11.4089 -26.6254 -15.7828 -21.7718 -35.1737 -13.8982 -13.4325 -15.7818 -6.86513 -14.2529 -15.0518 -20.3874 -13.3071 -13.3134 -19.3366 -16.2649 -15.4409 -31.2799
-19.4316 -15.7147 -20.0346 -25.9297 -1.06181 -12.3715 -13.8982 -39.5585 -3.33716 -1.05147 -16.7625 -9.62445 -11.3648 -9.26941 -15.0043 -12.3522  -9.2017 -16.7724 -14.4932 -15.8507
-21.8832 -21.7354 -19.7128 -16.7567 -6.72729  -18.286 -13.4325 -3.33716 -31.0315 -18.0688 -6.60105 -10.1605 -5.98829 -6.19176 -10.6213 -21.4729 -16.4678 -10.0608  -3.3921 -21.4068
-24.9522 -23.7197 -19.7979 -16.7137 -24.0403 -17.5507 -15.7818 -1.05147 -18.0688  -43.328  -9.9296 -15.8737 -29.3328 -20.2244 -26.9111 -26.2612  -20.007 -14.2043  -19.494 -24.9355
-29.1768 -34.8545 -14.2931  -17.426 -16.8538   -11.36 -6.86513 -16.7625 -6.60105  -9.9296 -51.5902  -15.262 -16.6461 -16.3115 -17.3775 -17.1083   -17.63 -13.6521 -20.6657 -12.1817
-23.9633 -21.0595 -15.5226  -19.933 -18.3508 -20.3467 -14.2529 -9.62445 -10.1605 -15.8737  -15.262  -43.329 -24.7596 -21.9046 -19.6019 -22.1892  -9.8291 -14.0203 -13.1613 -12.5661
-21.5218 -18.3137 -25.4305 -13.3691 -31.2255 -21.9752 -15.0518 -11.3648 -5.98829 -29.3328 -16.6461 -24.7596 -60.0419 -27.5044 -30.0423 -8.36522  -6.6802  -8.0752 -25.6101 -28.7868
-18.3504 -23.5389 -6.96621 -19.2934 -27.4824 -21.5372 -20.3874 -9.26941 -6.19176 -20.2244 -16.3115 -21.9046 -27.5044 -49.5378 -28.7698 -9.75847 -18.6296 -24.6549 -20.3833 -24.8233
-19.0106 -34.4143 -28.3754 -20.2534 -25.3372 -24.1065 -13.3071 -15.0043 -10.6213 -26.9111 -17.3775 -19.6019 -30.0423 -28.7698  -43.858 -21.2193  -19.996 -15.3689 -19.8297 -30.8865
-29.2383 -34.6845 -19.4681 -32.0543 -9.30044 -22.2262 -13.3134 -12.3522 -21.4729 -26.2612 -17.1083 -22.1892 -8.36522 -9.75847 -21.2193  -48.865 -26.9325 -19.7578 -20.8851 -16.6294
-23.3528 -36.8301 -7.19637 -26.5452 -13.2366 -23.9531 -19.3366  -9.2017 -16.4678  -20.007   -17.63  -9.8291  -6.6802 -18.6296  -19.996 -26.9325 -33.2887 -22.5704 -18.7024 -23.6506
-17.9956  -25.958 -1.67786 -26.3208 -8.82733 -18.1115 -16.2649 -16.7724 -10.0608 -14.2043 -13.6521 -14.0203  -8.0752 -24.6549 -15.3689 -19.7578 -22.5704 -42.2979 -18.5636 -12.0531
-21.6251 -26.0294 -7.10945   -18.71 -20.9133 -15.0398 -15.4409 -14.4932  -3.3921  -19.494 -20.6657 -13.1613 -25.6101 -20.3833 -19.8297 -20.8851 -18.7024 -18.5636 -40.6903 -15.4823
-25.8684 -42.3202 -35.5941 -26.9914  -24.241 -39.0197 -31.2799 -15.8507 -21.4068 -24.9355 -12.1817 -12.5661 -28.7868 -24.8233 -30.8865 -16.6294 -23.6506 -12.0531 -15.4823 -59.6859
  1.17453 -0.205418    1.6712   1.95684 -0.070656   2.26981   2.29983  0.895736   1.84336  0.821922        -0        -0        -0        -0        -0        -0        -0        -0        -0        -0
 -0.205418    2.40625  -0.276049 -0.0820411    1.08296  -0.553698    2.67507  -0.818167  0.0853836    1.64382         -0         -0         -0         -0         -0         -0         -0         -0         -0         -0
    1.6712  -0.276049    2.17417  -0.466402 -0.0781344  -0.788993   0.435954    1.30471  -0.551257    1.86548         -0         -0         -0         -0         -0         -0         -0         -0         -0         -0
   1.95684 -0.0820411  -0.466402    2.54967    1.03879    1.44398    2.83343     1.8176    2.05437    2.25788         -0         -0         -0         -0         -0         -0         -0         -0         -0         -0
 -0.070656    1.08296 -0.0781344    1.03879    2.03987    2.14304    2.22474    1.22062    2.52936    1.47724         -0         -0         -0         -0         -0         -0         -0         -0         -0         -0
  2.26981 -0.553698 -0.788993   1.44398   2.14304   2.41781   1.69338  0.344576   2.59179   1.09022        -0        -0        -0        -0        -0        -0        -0        -0        -0        -0
 2.29983  2.67507 0.435954  2.83343  2.22474  1.69338  1.93337  1.22734  1.47218 0.951259       -0       -0       -0       -0       -0       -0       -0       -0       -0       -0
 0.895736 -0.818167   1.30471    1.8176   1.22062  0.344576   1.22734    2.3563  0.303926  0.410617        -0        -0        -0        -0        -0        -0        -0        -0        -0        -0
  1.84336 0.0853836 -0.551257   2.05437   2.52936   2.59179   1.47218  0.303926   2.34399   1.47034        -0        -0        -0        -0        -0        -0        -0        -0        -0        -0
0.821922  1.64382  1.86548  2.25788  1.47724  1.09022 0.951259 0.410617  1.47034 0.203748       -0       -0       -0       -0       -0       -0       -0       -0       -0       -0
       -0        -0        -0        -0        -0        -0        -0        -0        -0        -0  -1.17453  0.205418   -1.6712  -1.95684  0.070656  -2.26981  -2.29983 -0.895736  -1.84336 -0.821922
        -0         -0         -0         -0         -0         -0         -0         -0         -0         -0   0.205418   -2.40625   0.276049  0.0820411   -1.08296   0.553698   -2.67507   0.818167 -0.0853836   -1.64382
       -0        -0        -0        -0        -0        -0        -0        -0        -0        -0   -1.6712  0.276049  -2.17417  0.466402 0.0781344  0.788993 -0.435954  -1.30471  0.551257  -1.86548
       -0        -0        -0        -0        -0        -0        -0        -0        -0        -0  -1.95684 0.0820411  0.466402  -2.54967  -1.03879  -1.44398  -2.83343   -1.8176  -2.05437  -2.25788
       -0        -0        -0        -0        -0        -0        -0        -0        -0        -0  0.070656  -1.08296 0.0781344  -1.03879  -2.03987  -2.14304  -2.22474  -1.22062  -2.52936  -1.47724
       -0        -0        -0        -0        -0        -0        -0        -0        -0        -0  -2.26981  0.553698  0.788993  -1.44398  -2.14304  -2.41781  -1.69338 -0.344576  -2.59179  -1.09022
       -0        -0        -0        -0        -0        -0        -0        -0        -0        -0  -2.29983  -2.67507 -0.435954  -2.83343  -2.22474  -1.69338  -1.93337  -1.22734  -1.47218 -0.951259
       -0        -0        -0        -0        -0        -0        -0        -0        -0        -0 -0.895736  0.818167  -1.30471   -1.8176  -1.22062 -0.344576  -1.22734   -2.3563 -0.303926 -0.410617
        -0         -0         -0         -0         -0         -0         -0         -0         -0         -0   -1.84336 -0.0853836   0.551257   -2.05437   -2.52936   -2.59179   -1.47218  -0.303926   -2.34399   -1.47034
       -0        -0        -0        -0        -0        -0        -0        -0        -0        -0 -0.821922  -1.64382  -1.86548  -2.25788  -1.47724  -1.09022 -0.951259 -0.410617  -1.47034 -0.203748
 0.632366   0.41346   1.52283  0.250698  0.277973 -0.562722 -0.457947   1.50334   2.26919 -0.344769        -0        -0        -0        -0        -0        -0        -0        -0        -0        -0
   0.41346   0.805867    1.83782 -0.0379748  -0.676895   0.726331  -0.580406    1.44763   0.850264  -0.435008         -0         -0         -0         -0         -0         -0         -0         -0         -0         -0
  1.52283   1.83782    2.4418   1.31495   2.01085 0.0262547    1.0898   2.58838   1.31512   2.00588        -0        -0        -0        -0        -0        -0        -0        -0        -0        -0
  0.250698 -0.0379748    1.31495    1.63628   0.460578    2.87907      1.857   0.514194  -0.704556    1.74503         -0         -0         -0         -0         -0         -0         -0         -0         -0         -0
 0.277973 -0.676895   2.01085  0.460578   1.18531   2.11464   2.05587    2.9082  0.729339     2.422        -0        -0        -0        -0        -0        -0        -0        -0        -0        -0
-0.562722  0.726331 0.0262547   2.87907   2.11464   2.12195    1.9889  0.773688  0.429761   1.06175        -0        -0        -0        -0        -0        -0        -0        -0        -0        -0
-0.457947 -0.580406    1.0898     1.857   2.05587    1.9889  -0.64437  0.385283   2.41739  0.733934        -0        -0        -0        -0        -0        -0        -0        -0        -0        -0
  1.50334   1.44763   2.58838  0.514194    2.9082  0.773688  0.385283 0.0807496   2.52746   2.77762        -0        -0        -0        -0        -0        -0        -0        -0        -0        -0
  2.26919  0.850264   1.31512 -0.704556  0.729339  0.429761   2.41739   2.52746 -0.977061   2.36011        -0        -0        -0        -0        -0        -0        -0        -0        -0        -0
-0.344769 -0.435008   2.00588   1.74503     2.422   1.06175  0.733934   2.77762   2.36011   1.90359        -0        -0        -0        -0        -0        -0        -0        -0        -0        -0
       -0        -0        -0        -0        -0        -0        -0        -0        -0        -0 -0.632366  -0.41346  -1.52283 -0.250698 -0.277973  0.562722  0.457947  -1.50334  -2.26919  0.344769
       -0        -0        -0        -0        -0        -0        -0        -0        -0        -0  -0.41346 -0.805867  -1.83782 0.0379748  0.676895 -0.726331  0.580406  -1.44763 -0.850264  0.435008
        -0         -0         -0         -0         -0         -0         -0         -0         -0         -0   -1.52283   -1.83782    -2.4418   -1.31495   -2.01085 -0.0262547    -1.0898   -2.58838   -1.31512   -2.00588
       -0        -0        -0        -0        -0        -0        -0        -0        -0        -0 -0.250698 0.0379748  -1.31495  -1.63628 -0.460578  -2.87907    -1.857 -0.514194  0.704556  -1.74503
       -0        -0        -0        -0        -0        -0        -0        -0        -0        -0 -0.277973  0.676895  -2.01085 -0.460578  -1.18531  -2.11464  -2.05587   -2.9082 -0.729339    -2.422
        -0         -0         -0         -0         -0         -0         -0         -0         -0         -0   0.562722  -0.726331 -0.0262547   -2.87907   -2.11464   -2.12195    -1.9889  -0.773688  -0.429761   -1.06175
       -0        -0        -0        -0        -0        -0        -0        -0        -0        -0  0.457947  0.580406   -1.0898    -1.857  -2.05587   -1.9889   0.64437 -0.385283  -2.41739 -0.733934
        -0         -0         -0         -0         -0         -0         -0         -0         -0         -0   -1.50334   -1.44763   -2.58838  -0.514194    -2.9082  -0.773688  -0.385283 -0.0807496   -2.52746   -2.77762
       -0        -0        -0        -0        -0        -0        -0        -0        -0        -0  -2.26919 -0.850264  -1.31512  0.704556 -0.729339 -0.429761  -2.41739  -2.52746  0.977061  -2.36011
       -0        -0        -0        -0        -0        -0        -0        -0        -0        -0  0.344769  0.435008  -2.00588  -1.74503    -2.422  -1.06175 -0.733934  -2.77762  -2.36011  -1.90359
    2.0429   0.351709    2.90847 -0.0372043  -0.218765   0.574873    1.88509    2.50057  -0.451607    1.95852         -0         -0         -0         -0         -0         -0         -0         -0         -0         -0
 0.351709  0.609356  0.580242   2.92704   2.69193   1.65841   2.69954   2.47992   1.08318 -0.133655        -0        -0        -0        -0        -0        -0        -0        -0        -0        -0
  2.90847  0.580242  0.684519   1.19966   2.52295  -0.64774  0.177082 -0.305798  0.859616 -0.985528        -0        -0        -0        -0        -0        -0        -0        -0        -0        -0
-0.0372043    2.92704    1.19966    1.31401  -0.550548    2.25939  0.0847475    2.02352 -0.0993469  -0.864399         -0         -0         -0         -0         -0         -0         -0         -0         -0         -0
-0.218765   2.69193   2.52295 -0.550548   2.35876  0.572767   1.01355   2.92937  0.342571  0.951093        -0        -0        -0        -0        -0        -0        -0        -0        -0        -0
 0.574873   1.65841  -0.64774   2.25939  0.572767 -0.322465    2.7354 -0.947039   2.43238   1.02802        -0        -0        -0        -0        -0        -0        -0        -0        -0        -0
  1.88509   2.69954  0.177082 0.0847475   1.01355    2.7354   1.66205 -0.548734  0.578188     2.871        -0        -0        -0        -0        -0        -0        -0        -0        -0        -0
  2.50057   2.47992 -0.305798   2.02352   2.92937 -0.947039 -0.548734  0.776375  0.708476  -0.38686        -0        -0        -0        -0        -0        -0        -0        -0        -0        -0
 -0.451607    1.08318   0.859616 -0.0993469   0.342571    2.43238   0.578188   0.708476   0.981258      2.615         -0         -0         -0         -0         -0         -0         -0         -0         -0         -0
  1.95852 -0.133655 -0.985528 -0.864399  0.951093   1.02802     2.871  -0.38686     2.615   1.56968        -0        -0        -0        -0        -0        -0        -0        -0        -0        -0
       -0        -0        -0        -0        -0        -0        -0        -0        -0        -0   -2.0429 -0.351709  -2.90847 0.0372043  0.218765 -0.574873  -1.88509  -2.50057  0.451607  -1.95852
       -0        -0        -0        -0        -0        -0        -0        -0        -0        -0 -0.351709 -0.609356 -0.580242  -2.92704  -2.69193  -1.65841  -2.69954  -2.47992  -1.08318  0.133655
       -0        -0        -0        -0        -0        -0        -0        -0        -0        -0  -2.90847 -0.580242 -0.684519  -1.19966  -2.52295   0.64774 -0.177082  0.305798 -0.859616  0.985528
        -0         -0         -0         -0         -0         -0         -0         -0         -0         -0  0.0372043   -2.92704   -1.19966   -1.31401   0.550548   -2.25939 -0.0847475   -2.02352  0.0993469   0.864399
       -0        -0        -0        -0        -0        -0        -0        -0        -0        -0  0.218765  -2.69193  -2.52295  0.550548  -2.35876 -0.572767  -1.01355  -2.92937 -0.342571 -0.951093
       -0        -0        -0        -0        -0        -0        -0        -0        -0        -0 -0.574873  -1.65841   0.64774  -2.25939 -0.572767  0.322465   -2.7354  0.947039  -2.43238  -1.02802
        -0         -0         -0         -0         -0         -0         -0         -0         -0         -0   -1.88509   -2.69954  -0.177082 -0.0847475   -1.01355    -2.7354   -1.66205   0.548734  -0.578188     -2.871
       -0        -0        -0        -0        -0        -0        -0        -0        -0        -0  -2.50057  -2.47992  0.305798  -2.02352  -2.92937  0.947039  0.548734 -0.776375 -0.708476   0.38686
       -0        -0        -0        -0        -0        -0        -0        -0        -0        -0  0.451607  -1.08318 -0.859616 0.0993469 -0.342571  -2.43238 -0.578188 -0.708476 -0.981258    -2.615
       -0        -0        -0        -0        -0        -0        -0        -0        -0        -0  -1.95852  0.133655  0.985528  0.864399 -0.951093  -1.02802    -2.871   0.38686    -2.615  -1.56968
  0.61541  0.791552   2.09751  0.539908  0.653865   1.19107  0.718985   0.96444   2.89007 -0.422662        -0        -0        -0        -0        -0        -0        -0        -0        -0        -0
 0.791552 -0.696267   1.96363    1.1108   1.39154  -0.28799   2.48265   2.46792   2.95077   2.25739        -0        -0        -0        -0        -0        -0        -0        -0        -0        -0
  2.09751   1.96363  0.931155   2.87056  0.627543   2.87329   1.61066   1.59072 -0.249576 -0.838726        -0        -0        -0        -0        -0        -0        -0        -0        -0        -0
 0.539908    1.1108   2.87056   2.58951   1.60793 -0.877772  0.589545   2.59198   2.76336     2.188        -0        -0        -0        -0        -0        -0        -0        -0        -0        -0
 0.653865   1.39154  0.627543   1.60793   1.04271   2.82399   2.07216   1.07585 -0.927001 -0.153069        -0        -0        -0        -0        -0        -0        -0        -0        -0        -0
  1.19107  -0.28799   2.87329 -0.877772   2.82399   1.97252   2.03107 -0.366566 -0.425588   2.23343        -0        -0        -0        -0        -0        -0        -0        -0        -0        -0
0.718985  2.48265  1.61066 0.589545  2.07216  2.03107  2.59919  1.42391  1.73588  1.21907       -0       -0       -0       -0       -0       -0       -0       -0       -0       -0
  0.96444   2.46792   1.59072   2.59198   1.07585 -0.366566   1.42391    1.9804 -0.922525 -0.553882        -0        -0        -0        -0        -0        -0        -0        -0        -0        -0
  2.89007   2.95077 -0.249576   2.76336 -0.927001 -0.425588   1.73588 -0.922525  0.538401   2.87406        -0        -0        -0        -0        -0        -0        -0        -0        -0        -0
-0.422662   2.25739 -0.838726     2.188 -0.153069   2.23343   1.21907 -0.553882   2.87406 -0.966869        -0        -0        -0        -0        -0        -0        -0        -0        -0        -0
       -0        -0        -0        -0        -0        -0        -0        -0        -0        -0  -0.61541 -0.791552  -2.09751 -0.539908 -0.653865  -1.19107 -0.718985  -0.96444  -2.89007  0.422662
       -0        -0        -0        -0        -0        -0        -0        -0        -0        -0 -0.791552  0.696267  -1.96363   -1.1108  -1.39154   0.28799  -2.48265  -2.46792  -2.95077  -2.25739
       -0        -0        -0        -0        -0        -0        -0        -0        -0        -0  -2.09751  -1.96363 -0.931155  -2.87056 -0.627543  -2.87329  -1.61066  -1.59072  0.249576  0.838726
       -0        -0        -0        -0        -0        -0        -0        -0        -0        -0 -0.539908   -1.1108  -2.87056  -2.58951  -1.60793  0.877772 -0.589545  -2.59198  -2.76336    -2.188
       -0        -0        -0        -0        -0        -0        -0        -0        -0        -0 -0.653865  -1.39154 -0.627543  -1.60793  -1.04271  -2.82399  -2.07216  -1.07585  0.927001  0.153069
      -0       -0       -0       -0       -0       -0       -0       -0       -0       -0 -1.19107  0.28799 -2.87329 0.877772 -2.82399 -1.97252 -2.03107 0.366566 0.425588 -2.23343
       -0        -0        -0        -0        -0        -0        -0        -0        -0        -0 -0.718985  -2.48265  -1.61066 -0.589545  -2.07216  -2.03107  -2.59919  -1.42391  -1.73588  -1.21907
      -0       -0       -0       -0       -0       -0       -0       -0       -0       -0 -0.96444 -2.46792 -1.59072 -2.59198 -1.07585 0.366566 -1.42391  -1.9804 0.922525 0.553882
       -0        -0        -0        -0        -0        -0        -0        -0        -0        -0  -2.89007  -2.95077  0.249576  -2.76336  0.927001  0.425588  -1.73588  0.922525 -0.538401  -2.87406
      -0       -0       -0       -0       -0       -0       -0       -0       -0       -0 0.422662 -2.25739 0.838726   -2.188 0.153069 -2.23343 -1.21907 0.553882 -2.87406 0.966869
-0.354703   2.89281   2.62523   2.74794 -0.313599   1.52712   1.31358   1.37393  0.425826  -0.36285        -0        -0        -0        -0        -0        -0        -0        -0        -0        -0
   2.89281  -0.552625    1.30773    2.95178   0.910195  -0.386856 -0.0841547   0.590625   0.988279   0.979685         -0         -0         -0         -0         -0         -0         -0         -0         -0         -0
   2.62523    1.30773    1.01343  -0.267498   0.830574    2.95737    1.65918   0.136653    2.84687 -0.0799479         -0         -0         -0         -0         -0         -0         -0         -0         -0         -0
  2.74794   2.95178 -0.267498   2.24899   1.26632 -0.459445   2.04609 -0.795499  0.383196   2.29633        -0        -0        -0        -0        -0        -0        -0        -0        -0        -0
-0.313599  0.910195  0.830574   1.26632   1.55343 -0.600352 -0.835164   2.85695   1.52883 0.0257725        -0        -0        -0        -0        -0        -0        -0        -0        -0        -0
  1.52712 -0.386856   2.95737 -0.459445 -0.600352  0.453103  0.846974   2.69008 -0.753484 0.0848877        -0        -0        -0        -0        -0        -0        -0        -0        -0        -0
   1.31358 -0.0841547    1.65918    2.04609  -0.835164   0.846974   0.209075    1.24581     1.8363   0.143302         -0         -0         -0         -0         -0         -0         -0         -0         -0         -0
  1.37393  0.590625  0.136653 -0.795499   2.85695   2.69008   1.24581   2.77619  0.929751   1.23485        -0        -0        -0        -0        -0        -0        -0        -0        -0        -0
 0.425826  0.988279   2.84687  0.383196   1.52883 -0.753484    1.8363  0.929751    2.6661   1.07562        -0        -0        -0        -0        -0        -0        -0        -0        -0        -0
  -0.36285   0.979685 -0.0799479    2.29633  0.0257725  0.0848877   0.143302    1.23485    1.07562    1.04753         -0         -0         -0         -0         -0         -0         -0         -0         -0         -0
       -0        -0        -0        -0        -0        -0        -0        -0        -0        -0  0.354703  -2.89281  -2.62523  -2.74794  0.313599  -1.52712  -1.31358  -1.37393 -0.425826   0.36285
       -0        -0        -0        -0        -0        -0        -0        -0        -0        -0  -2.89281  0.552625  -1.30773  -2.95178 -0.910195  0.386856 0.0841547 -0.590625 -0.988279 -0.979685
       -0        -0        -0        -0        -0        -0        -0        -0        -0        -0  -2.62523  -1.30773  -1.01343  0.267498 -0.830574  -2.95737  -1.65918 -0.136653  -2.84687 0.0799479
       -0        -0        -0        -0        -0        -0        -0        -0        -0        -0  -2.74794  -2.95178  0.267498  -2.24899  -1.26632  0.459445  -2.04609  0.795499 -0.383196  -2.29633
        -0         -0         -0         -0         -0         -0         -0         -0         -0         -0   0.313599  -0.910195  -0.830574   -1.26632   -1.55343   0.600352   0.835164   -2.85695   -1.52883 -0.0257725
        -0         -0         -0         -0         -0         -0         -0         -0         -0         -0   -1.52712   0.386856   -2.95737   0.459445   0.600352  -0.453103  -0.846974   -2.69008   0.753484 -0.0848877
       -0        -0        -0        -0        -0        -0        -0        -0        -0        -0  -1.31358 0.0841547  -1.65918  -2.04609  0.835164 -0.846974 -0.209075  -1.24581   -1.8363 -0.143302
       -0        -0        -0        -0        -0        -0        -0        -0        -0        -0  -1.37393 -0.590625 -0.136653  0.795499  -2.85695  -2.69008  -1.24581  -2.77619 -0.929751  -1.23485
       -0        -0        -0        -0        -0        -0        -0        -0        -0        -0 -0.425826 -0.988279  -2.84687 -0.383196  -1.52883  0.753484   -1.8363 -0.929751   -2.6661  -1.07562
        -0         -0         -0         -0         -0         -0         -0         -0         -0         -0    0.36285  -0.979685  0.0799479   -2.29633 -0.0257725 -0.0848877  -0.143302   -1.23485   -1.07562   -1.04753
  0.461306    1.13358 -0.0791846    2.32037    2.22987   0.238849   -0.89225    1.12273    2.27205   0.775467         -0         -0         -0         -0         -0         -0         -0         -0         -0         -0
  1.13358 -0.302885 -0.166787 -0.405329   2.13839   1.33976   1.98568   0.64132  0.510281 -0.799468        -0        -0        -0        -0        -0        -0        -0        -0        -0        -0
-0.0791846  -0.166787    2.87275   0.450913    1.42202    1.26293   0.738149    2.80682  -0.194221    1.57845         -0         -0         -0         -0         -0         -0         -0         -0         -0         -0
  2.32037 -0.405329  0.450913   1.95852   1.96735  0.111595  0.558663  -0.45525  0.534979   2.51362        -0        -0        -0        -0        -0        -0        -0        -0        -0        -0
  2.22987   2.13839   1.42202   1.96735  0.118829 -0.819376  0.944202 -0.391333   1.62188  0.759195        -0        -0        -0        -0        -0        -0        -0        -0        -0        -0
  0.238849    1.33976    1.26293   0.111595  -0.819376    1.39247 -0.0692204 -0.0743556 -0.0135969  -0.477349         -0         -0         -0         -0         -0         -0         -0         -0         -0         -0
  -0.89225    1.98568   0.738149   0.558663   0.944202 -0.0692204    2.66362  0.0470822    2.92745  -0.555604         -0         -0         -0         -0         -0         -0         -0         -0         -0         -0
   1.12273    0.64132    2.80682   -0.45525  -0.391333 -0.0743556  0.0470822   0.842325  -0.368011   0.422816         -0         -0         -0         -0         -0         -0         -0         -0         -0         -0
   2.27205   0.510281  -0.194221   0.534979    1.62188 -0.0135969    2.92745  -0.368011  -0.907218 -0.0795282         -0         -0         -0         -0         -0         -0         -0         -0         -0         -0
  0.775467  -0.799468    1.57845    2.51362   0.759195  -0.477349  -0.555604   0.422816 -0.0795282    1.85585         -0         -0         -0         -0         -0         -0         -0         -0         -0         -0
       -0        -0        -0        -0        -0        -0        -0        -0        -0        -0 -0.461306  -1.13358 0.0791846  -2.32037  -2.22987 -0.238849   0.89225  -1.12273  -2.27205 -0.775467
       -0        -0        -0        -0        -0        -0        -0        -0        -0        -0  -1.13358  0.302885  0.166787  0.405329  -2.13839  -1.33976  -1.98568  -0.64132 -0.510281  0.799468
       -0        -0        -0        -0        -0        -0        -0        -0        -0        -0 0.0791846  0.166787  -2.87275 -0.450913  -1.42202  -1.26293 -0.738149  -2.80682  0.194221  -1.57845
       -0        -0        -0        -0        -0        -0        -0        -0        -0        -0  -2.32037  0.405329 -0.450913  -1.95852  -1.96735 -0.111595 -0.558663   0.45525 -0.534979  -2.51362
       -0        -0        -0        -0        -0        -0        -0        -0        -0        -0  -2.22987  -2.13839  -1.42202  -1.96735 -0.118829  0.819376 -0.944202  0.391333  -1.62188 -0.759195
       -0        -0        -0        -0        -0        -0        -0        -0        -0        -0 -0.238849  -1.33976  -1.26293 -0.111595  0.819376  -1.39247 0.0692204 0.0743556 0.0135969  0.477349
        -0         -0         -0         -0         -0         -0         -0         -0         -0         -0    0.89225   -1.98568  -0.738149  -0.558663  -0.944202  0.0692204   -2.66362 -0.0470822   -2.92745   0.555604
        -0         -0         -0         -0         -0         -0         -0         -0         -0         -0   -1.12273   -0.64132   -2.80682    0.45525   0.391333  0.0743556 -0.0470822  -0.842325   0.368011  -0.422816
       -0        -0        -0        -0        -0        -0        -0        -0        -0        -0  -2.27205 -0.510281  0.194221 -0.534979  -1.62188 0.0135969  -2.92745  0.368011  0.907218 0.0795282
       -0        -0        -0        -0        -0        -0        -0        -0        -0        -0 -0.775467  0.799468  -1.57845  -2.51362 -0.759195  0.477349  0.555604 -0.422816 0.0795282  -1.85585
  1.09125   2.10105    2.2754 -0.551388   1.27671    2.4503  0.460539   1.79037    2.1874  0.612466        -0        -0        -0        -0        -0        -0        -0        -0        -0        -0
   2.10105    1.22021   0.634752    1.45981   0.664213   0.933204    1.79321  -0.772875   0.441848 -0.0123209         -0         -0         -0         -0         -0         -0         -0         -0         -0         -0
   2.2754  0.634752  0.186551   1.34018   2.21998   2.60347   1.41097  0.956213  0.576519 -0.319493        -0        -0        -0        -0        -0        -0        -0        -0        -0        -0
 -0.551388    1.45981    1.34018 -0.0542213    1.88213  -0.363145    2.80072    1.01035    1.79087  -0.976565         -0         -0         -0         -0         -0         -0         -0         -0         -0         -0
  1.27671  0.664213   2.21998   1.88213  0.571047   2.78706   2.73899   2.10926    1.0787 -0.211605        -0        -0        -0        -0        -0        -0        -0        -0        -0        -0
   2.4503  0.933204   2.60347 -0.363145   2.78706 -0.248166   1.76884   2.52726  0.363577 -0.580504        -0        -0        -0        -0        -0        -0        -0        -0        -0        -0
  0.460539    1.79321    1.41097    2.80072    2.73899    1.76884   0.728842 -0.0144852     2.5427    1.79227         -0         -0         -0         -0         -0         -0         -0         -0         -0         -0
   1.79037  -0.772875   0.956213    1.01035    2.10926    2.52726 -0.0144852   0.218686   0.661304    1.51724         -0         -0         -0         -0         -0         -0         -0         -0         -0         -0
  2.1874 0.441848 0.576519  1.79087   1.0787 0.363577   2.5427 0.661304  2.52714   1.2101       -0       -0       -0       -0       -0       -0       -0       -0       -0       -0
  0.612466 -0.0123209  -0.319493  -0.976565  -0.211605  -0.580504    1.79227    1.51724     1.2101  -0.257314         -0         -0         -0         -0         -0         -0         -0         -0         -0         -0
       -0        -0        -0        -0        -0        -0        -0        -0        -0        -0  -1.09125  -2.10105   -2.2754  0.551388  -1.27671   -2.4503 -0.460539  -1.79037   -2.1874 -0.612466
       -0        -0        -0        -0        -0        -0        -0        -0        -0        -0  -2.10105  -1.22021 -0.634752  -1.45981 -0.664213 -0.933204  -1.79321  0.772875 -0.441848 0.0123209
       -0        -0        -0        -0        -0        -0        -0        -0        -0        -0   -2.2754 -0.634752 -0.186551  -1.34018  -2.21998  -2.60347  -1.41097 -0.956213 -0.576519  0.319493
       -0        -0        -0        -0        -0        -0        -0        -0        -0        -0  0.551388  -1.45981  -1.34018 0.0542213  -1.88213  0.363145  -2.80072  -1.01035  -1.79087  0.976565
       -0        -0        -0        -0        -0        -0        -0        -0        -0        -0  -1.27671 -0.664213  -2.21998  -1.88213 -0.571047  -2.78706  -2.73899  -2.10926   -1.0787  0.211605
       -0        -0        -0        -0        -0        -0        -0        -0        -0        -0   -2.4503 -0.933204  -2.60347  0.363145  -2.78706  0.248166  -1.76884  -2.52726 -0.363577  0.580504
       -0        -0        -0        -0        -0        -0        -0        -0        -0        -0 -0.460539  -1.79321  -1.41097  -2.80072  -2.73899  -1.76884 -0.728842 0.0144852   -2.5427  -1.79227
       -0        -0        -0        -0        -0        -0        -0        -0        -0        -0  -1.79037  0.772875 -0.956213  -1.01035  -2.10926  -2.52726 0.0144852 -0.218686 -0.661304  -1.51724
       -0        -0        -0        -0        -0        -0        -0        -0        -0        -0   -2.1874 -0.441848 -0.576519  -1.79087   -1.0787 -0.363577   -2.5427 -0.661304  -2.52714   -1.2101
       -0        -0        -0        -0        -0        -0        -0        -0        -0        -0 -0.612466 0.0123209  0.319493  0.976565  0.211605  0.580504  -1.79227  -1.51724   -1.2101  0.257314
  1.80924   2.63965 -0.293984 -0.363032 -0.448152   0.56622  0.478169   1.53692 -0.142717 -0.737044        -0        -0        -0        -0        -0        -0        -0        -0        -0        -0
   2.63965  -0.514846  0.0785735   0.209437    2.66341    1.26951  -0.739307 -0.0522812  -0.885538    2.17971         -0         -0         -0         -0         -0         -0         -0         -0         -0         -0
-0.293984 0.0785735   2.09457 0.0165897   2.46876   1.62743  -0.84661   1.20933 -0.416547   2.09858        -0        -0        -0        -0        -0        -0        -0        -0        -0        -0
-0.363032  0.209437 0.0165897  0.606778 -0.722051 -0.339211   1.49476   1.00568   2.48472 -0.583654        -0        -0        -0        -0        -0        -0        -0        -0        -0        -0
-0.448152   2.66341   2.46876 -0.722051  -0.12042   2.65603  0.867472  0.225668 -0.224749  0.674464        -0        -0        -0        -0        -0        -0        -0        -0        -0        -0
   0.56622    1.26951    1.62743  -0.339211    2.65603    2.72944    1.12828    2.08891  -0.760515 -0.0339468         -0         -0         -0         -0         -0         -0         -0         -0         -0         -0
 0.478169 -0.739307  -0.84661   1.49476  0.867472   1.12828   1.52217 -0.249549   2.21416   1.54462        -0        -0        -0        -0        -0        -0        -0        -0        -0        -0
   1.53692 -0.0522812    1.20933    1.00568   0.225668    2.08891  -0.249549    2.30842   0.319003  -0.803364         -0         -0         -0         -0         -0         -0         -0         -0         -0         -0
-0.142717 -0.885538 -0.416547   2.48472 -0.224749 -0.760515   2.21416  0.319003  0.701536 -0.480628        -0        -0        -0        -0        -0        -0        -0        -0        -0        -0
 -0.737044    2.17971    2.09858  -0.583654   0.674464 -0.0339468    1.54462  -0.803364  -0.480628    1.94049         -0         -0         -0         -0         -0         -0         -0         -0         -0         -0
       -0        -0        -0        -0        -0        -0        -0        -0        -0        -0  -1.80924  -2.63965  0.293984  0.363032  0.448152  -0.56622 -0.478169  -1.53692  0.142717  0.737044
        -0         -0         -0         -0         -0         -0         -0         -0         -0         -0   -2.63965   0.514846 -0.0785735  -0.209437   -2.66341   -1.26951   0.739307  0.0522812   0.885538   -2.17971
        -0         -0         -0         -0         -0         -0         -0         -0         -0         -0   0.293984 -0.0785735   -2.09457 -0.0165897   -2.46876   -1.62743    0.84661   -1.20933   0.416547   -2.09858
        -0         -0         -0         -0         -0         -0         -0         -0         -0         -0   0.363032  -0.209437 -0.0165897  -0.606778   0.722051   0.339211   -1.49476   -1.00568   -2.48472   0.583654
       -0        -0        -0        -0        -0        -0        -0        -0        -0        -0  0.448152  -2.66341  -2.46876  0.722051   0.12042  -2.65603 -0.867472 -0.225668  0.224749 -0.674464
       -0        -0        -0        -0        -0        -0        -0        -0        -0        -0  -0.56622  -1.26951  -1.62743  0.339211  -2.65603  -2.72944  -1.12828  -2.08891  0.760515 0.0339468
       -0        -0        -0        -0        -0        -0        -0        -0        -0        -0 -0.478169  0.739307   0.84661  -1.49476 -0.867472  -1.12828  -1.52217  0.249549  -2.21416  -1.54462
       -0        -0        -0        -0        -0        -0        -0        -0        -0        -0  -1.53692 0.0522812  -1.20933  -1.00568 -0.225668  -2.08891  0.249549  -2.30842 -0.319003  0.803364
       -0        -0        -0        -0        -0        -0        -0        -0        -0        -0  0.142717  0.885538  0.416547  -2.48472  0.224749  0.760515  -2.21416 -0.319003 -0.701536  0.480628
       -0        -0        -0        -0        -0        -0        -0        -0        -0        -0  0.737044  -2.17971  -2.09858  0.583654 -0.674464 0.0339468  -1.54462  0.803364  0.480628  -1.94049
  1.74256 -0.873638   1.81635   1.96218   1.02595  0.767352  0.421559  0.728876 -0.948625   1.74168        -0        -0        -0        -0        -0        -0        -0        -0        -0        -0
-0.873638  0.279585 0.0607204    1.4442  0.457399  0.225277   1.52764    1.1077  0.236347 -0.957337        -0        -0        -0        -0        -0        -0        -0        -0        -0        -0
  1.81635 0.0607204  0.830542   1.45665  0.666156   1.06671  0.248744   1.18527  0.459693   2.75497        -0        -0        -0        -0        -0        -0        -0        -0        -0        -0
  1.96218    1.4442   1.45665   1.85039 -0.270537   2.59789   2.87821   2.39503   1.11808   2.99042        -0        -0        -0        -0        -0        -0        -0        -0        -0        -0
  1.02595  0.457399  0.666156 -0.270537   1.16721   2.14021  0.378034   1.83716  -0.16576   2.92087        -0        -0        -0        -0        -0        -0        -0        -0        -0        -0
 0.767352  0.225277   1.06671   2.59789   2.14021   2.54378 -0.355159  -0.64752 -0.400095  0.133001        -0        -0        -0        -0        -0        -0        -0        -0        -0        -0
 0.421559   1.52764  0.248744   2.87821  0.378034 -0.355159   2.39683  0.825491   0.66186 -0.364735        -0        -0        -0        -0        -0        -0        -0        -0        -0        -0
0.728876   1.1077  1.18527  2.39503  1.83716 -0.64752 0.825491  2.04539  2.93714   2.3177       -0       -0       -0       -0       -0       -0       -0       -0       -0       -0
-0.948625  0.236347  0.459693   1.11808  -0.16576 -0.400095   0.66186   2.93714    1.6211    1.4753        -0        -0        -0        -0        -0        -0        -0        -0        -0        -0
  1.74168 -0.957337   2.75497   2.99042   2.92087  0.133001 -0.364735    2.3177    1.4753  -0.28299        -0        -0        -0        -0        -0        -0        -0        -0        -0        -0
       -0        -0        -0        -0        -0        -0        -0        -0        -0        -0  -1.74256  0.873638  -1.81635  -1.96218  -1.02595 -0.767352 -0.421559 -0.728876  0.948625  -1.74168
        -0         -0         -0         -0         -0         -0         -0         -0         -0         -0   0.873638  -0.279585 -0.0607204    -1.4442  -0.457399  -0.225277   -1.52764    -1.1077  -0.236347   0.957337
        -0         -0         -0         -0         -0         -0         -0         -0         -0         -0   -1.81635 -0.0607204  -0.830542   -1.45665  -0.666156   -1.06671  -0.248744   -1.18527  -0.459693   -2.75497
      -0       -0       -0       -0       -0       -0       -0       -0       -0       -0 -1.96218  -1.4442 -1.45665 -1.85039 0.270537 -2.59789 -2.87821 -2.39503 -1.11808 -2.99042
       -0        -0        -0        -0        -0        -0        -0        -0        -0        -0  -1.02595 -0.457399 -0.666156  0.270537  -1.16721  -2.14021 -0.378034  -1.83716   0.16576  -2.92087
       -0        -0        -0        -0        -0        -0        -0        -0        -0        -0 -0.767352 -0.225277  -1.06671  -2.59789  -2.14021  -2.54378  0.355159   0.64752  0.400095 -0.133001
       -0        -0        -0        -0        -0        -0        -0        -0        -0        -0 -0.421559  -1.52764 -0.248744  -2.87821 -0.378034  0.355159  -2.39683 -0.825491  -0.66186  0.364735
