40
1
40
 -0.0238368   -0.109655 -0.00281454  -0.0534744   0.0800714   0.0233811   -0.296311   -0.363964   -0.107215  -0.0255082  -0.0803797 -0.00696657   0.0818536   0.0111029    0.015622  -0.0662998  -0.0613287   -0.225042  0.00201021  -0.0400913  -0.0685773  -0.0065252  0.00370501    0.177305    0.309606    0.116982    0.080925    0.107064  0.00658837  -0.0248277  -0.0846935   -0.231491   -0.251988   0.0197837   -0.427313   -0.229939   -0.143779    0.123464   -0.144933    0.299548
-91.6814 -45.8577  -41.364 -36.1634 -41.9292 -35.0607  -47.037 -20.7159  -46.528 -63.0702 -37.0385 -47.0638 -30.2448 -54.3378 -44.5543 -57.1239 -34.0682 -46.1943 -38.4589 -36.6405 -46.7201 -42.3891 -33.8561  -50.785 -33.5957 -33.6426 -69.0354 -48.1142 -37.6553  -54.179 -40.0929 -38.0945 -29.0885 -41.4257 -35.5895 -32.8885 -48.0255 -48.7999 -36.6678 -47.5598
-45.8577 -90.6805 -45.2894 -41.2832 -41.3207 -39.3413 -49.0542 -30.3946 -35.8932 -48.7037  -17.419 -52.3342 -39.4187 -53.5269 -55.1183 -56.4148 -49.1726 -57.3624 -30.8247    -48.8 -52.0631 -40.4618 -57.4891 -72.6289 -25.9263 -48.0497 -59.7565 -62.6852 -48.2957 -38.5267 -36.1845 -46.2697 -25.0258 -48.7388 -48.5538 -34.9289 -37.2215 -28.5028 -38.7322 -55.4683
 -41.364 -45.2894 -90.0202 -48.4057 -39.0896 -36.5313 -48.6907 -15.7583 -34.9789 -43.1674 -36.0344  -52.462  -10.335 -58.6104 -39.4809 -56.2782  -34.464 -51.4277 -35.0256 -36.7879 -51.3351 -56.9205 -50.5239 -51.8751 -34.3675 -38.8575 -52.5419 -57.6799 -55.9631 -44.3223 -30.7732 -34.1725  -38.904 -41.8999 -41.9725 -26.1764 -52.8295 -38.6936 -37.5977 -63.2938
-36.1634 -41.2832 -48.4057 -97.4215 -39.9755 -41.2477 -48.5557 -41.4235 -26.8825  -53.665 -32.3764 -33.4808 -45.0041 -54.0249 -37.0081 -55.0797 -34.0409 -30.5734 -29.8592 -42.5954 -52.5871 -37.9775 -37.8875 -54.1584 -46.6194 -32.7511 -58.4424 -42.3645 -46.1108 -48.1149 -38.2863 -55.6894  -28.649 -37.9998 -38.9644 -19.0485 -41.3365 -36.1849 -40.6211 -58.8771
-41.9292 -41.3207 -39.0896 -39.9755 -86.5401 -36.1398 -61.4609 -29.9723 -42.9338 -44.3592 -43.1585 -53.1081 -34.8631 -57.4591 -31.1978  -46.587 -32.8452 -39.1032 -48.6717 -37.6215 -54.7343 -19.7103 -41.1999 -53.2371 -29.5588 -35.4252 -61.9627 -57.2535 -57.7108 -48.0609 -40.4204 -22.1215 -31.3923 -28.5566 -45.5358 -31.7439 -52.3972 -25.4919 -29.9338 -55.4211
-35.0607 -39.3413 -36.5313 -41.2477 -36.1398 -77.0009 -37.9077  -16.502 -35.2048 -44.9858  -37.343  -48.316 -29.4897  -49.309 -31.8697 -24.8439 -42.7222 -34.4184   -34.39 -26.0727 -52.2948 -33.5041 -20.4249 -53.4543 -40.2862 -32.8446 -30.4658 -36.5591 -39.3574 -25.5138 -26.1571 -35.9215 -13.0246 -35.1183 -42.1513 -16.4095 -48.9653 -12.0788 -42.4846 -33.9467
 -47.037 -49.0542 -48.6907 -48.5557 -61.4609 -37.9077 -112.212 -29.8855 -48.6103 -46.6567 -49.1681 -46.3414   -52.35 -48.2067  -42.358 -54.5894 -49.0712   -48.06  -58.039 -42.6292 -63.8302 -25.9725 -38.3085 -64.8808 -32.2338 -48.0254 -59.5672 -62.4606 -57.5419 -45.0777 -31.7147 -37.7984 -39.7892 -53.0761 -53.0518 -40.7672 -45.0498 -36.0634 -17.0027 -65.3393
-20.7159 -30.3946 -15.7583 -41.4235 -29.9723  -16.502 -29.8855 -83.0449 -26.4189 -21.2242 -14.9096 -20.9857 -27.4985  -26.342 -19.4558 -26.0133 -24.2025 -15.6119 -22.3733 -26.7312 -39.4639 -4.19629 -23.9844 -37.1289 -30.2191 -19.5569 -39.6695 -32.9864 -28.5653 -30.1795 -29.5895 -16.5745 -10.9658 -22.2971 -7.67798 -12.3696 -32.6176 -10.1033 -23.1762 -32.4213
 -46.528 -35.8932 -34.9789 -26.8825 -42.9338 -35.2048 -48.6103 -26.4189  -83.944 -41.9174 -31.9746 -43.2228 -35.6652 -57.5751 -37.1282 -55.3079 -41.0548 -38.1793 -50.8746 -23.5445 -44.6349 -17.8427 -21.9592 -51.3717  -25.276 -49.8222 -47.6605 -55.4522 -41.1135 -47.6039 -32.4024 -43.8724 -36.9026 -37.2744 -45.5181 -43.4283  -45.806 -27.8815 -35.5034 -42.8177
-63.0702 -48.7037 -43.1674  -53.665 -44.3592 -44.9858 -46.6567 -21.2242 -41.9174 -93.0933 -35.9741   -35.18 -47.9538 -53.0486 -30.0649 -65.0453 -44.6947 -45.9646 -35.5014 -33.1815 -34.9046 -40.3224 -46.5007  -42.591 -33.0376 -37.0036 -66.8787 -43.9184 -35.6007  -46.261 -39.7997 -38.9901 -26.0863 -30.2908 -37.7063 -38.9866 -42.1253 -38.7777  -45.757 -49.4671
-37.0385  -17.419 -36.0344 -32.3764 -43.1585  -37.343 -49.1681 -14.9096 -31.9746 -35.9741 -75.9263 -42.9679 -24.6954 -46.6962 -15.5005 -28.7027 -24.7865 -28.2411 -36.8328 -23.1182 -47.1806 -24.6551 -35.0296 -40.9183 -35.2915 -36.8752 -45.8016 -36.1102 -41.8595 -38.2775 -29.5757 -23.6774 -36.2438 -33.0645 -39.8434 -27.2782 -51.2926 -25.5829 -27.1042 -48.9622
-47.0638 -52.3342  -52.462 -33.4808 -53.1081  -48.316 -46.3414 -20.9857 -43.2228   -35.18 -42.9679 -98.1885 -30.5254 -72.5601 -45.8769 -42.9779 -43.9633 -58.6552 -54.6946 -36.0275 -49.6917 -38.4768 -43.1326 -56.8948 -40.0224 -41.4567 -56.6141  -51.893 -66.3302 -33.4718 -40.6259 -37.5965 -39.3216 -29.3197 -56.4311 -20.4228 -62.4408 -40.4858 -39.5317 -69.1906
-30.2448 -39.4187  -10.335 -45.0041 -34.8631 -29.4897   -52.35 -27.4985 -35.6652 -47.9538 -24.6954 -30.5254 -83.3225   -41.05 -36.2047 -47.2561 -36.5291 -36.0965 -38.2504 -39.6006 -26.4807 -9.47309 -22.6673 -40.3844  -28.502 -38.0791 -39.3416 -39.6916 -18.4916 -35.1335 -35.0709 -48.2692 -15.3966 -30.4265 -43.5927  -39.241 -24.0735 -24.0383 -21.9169  -37.076
-54.3378 -53.5269 -58.6104 -54.0249 -57.4591  -49.309 -48.2067  -26.342 -57.5751 -53.0486 -46.6962 -72.5601   -41.05 -124.353  -49.501 -74.5451 -33.4746 -56.2015 -44.2063 -47.7501 -58.0258 -44.2841 -49.1155 -64.4524 -54.0882 -47.2034 -56.5192 -72.7537 -64.8064 -60.0539 -56.1206 -58.5592 -38.7953 -42.5145  -51.024 -45.4299 -73.5873 -41.7672 -57.4699 -75.2108
-44.5543 -55.1183 -39.4809 -37.0081 -31.1978 -31.8697  -42.358 -19.4558 -37.1282 -30.0649 -15.5005 -45.8769 -36.2047  -49.501 -77.0915 -51.2854 -31.5302 -39.0514 -28.4195 -45.6147 -42.7479 -37.7809 -20.7829 -65.3985  -20.492 -45.0683 -40.2111 -48.7818 -38.6001 -42.3787 -28.6418 -47.2379 -24.4248 -34.1046 -43.5392 -19.7759 -29.0042  -24.494  -18.808 -45.9547
-57.1239 -56.4148 -56.2782 -55.0797  -46.587 -24.8439 -54.5894 -26.0133 -55.3079 -65.0453 -28.7027 -42.9779 -47.2561 -74.5451 -51.2854 -118.953 -41.3879 -49.4497 -34.0944 -59.9365 -62.2732 -50.9005  -64.212 -51.8087 -37.4091 -53.8596 -72.4271 -64.6057 -52.9227 -67.3058 -47.4392 -54.9281  -32.757 -38.6864 -46.2933 -56.9354 -42.5999 -44.9237 -40.2339   -72.87
-34.0682 -49.1726  -34.464 -34.0409 -32.8452 -42.7222 -49.0712 -24.2025 -41.0548 -44.6947 -24.7865 -43.9633 -36.5291 -33.4746 -31.5302 -41.3879 -96.5854 -36.1288 -46.2476 -19.5935 -43.5919 -32.7624  -28.813  -55.327  -11.272 -45.2293   -32.77 -42.0872 -54.4554 -39.5672 -39.3417 -33.1277 -41.1028 -29.5345 -41.6637 -32.5655 -18.3761 -29.9751  -34.041 -41.1963
-46.1943 -57.3624 -51.4277 -30.5734 -39.1032 -34.4184   -48.06 -15.6119 -38.1793 -45.9646 -28.2411 -58.6552 -36.0965 -56.2015 -39.0514 -49.4497 -36.1288   -97.88  -35.791 -46.9132 -31.2335 -58.0185 -53.8678 -55.6637  -32.305 -33.1873 -53.6933 -58.5485 -49.9157 -25.8384 -54.8289 -48.3837 -42.0061 -36.2153 -52.9366 -39.8744 -58.8189 -44.4196 -23.9105 -64.0443
-38.4589 -30.8247 -35.0256 -29.8592 -48.6717   -34.39  -58.039 -22.3733 -50.8746 -35.5014 -36.8328 -54.6946 -38.2504 -44.2063 -28.4195 -34.0944 -46.2476  -35.791 -84.8409 -24.1179 -33.1536 -17.0789 -26.3749 -55.3871 -16.0484 -37.6231 -58.0787 -42.1662   -43.58 -49.0409 -22.1789  -34.344 -31.0178 -36.3357 -38.5962 -36.8585 -48.4203 -32.0014 -28.8839  -49.411
-36.6405    -48.8 -36.7879 -42.5954 -37.6215 -26.0727 -42.6292 -26.7312 -23.5445 -33.1815 -23.1182 -36.0275 -39.6006 -47.7501 -45.6147 -59.9365 -19.5935 -46.9132 -24.1179 -95.6741 -67.8186 -63.2577 -50.2356 -62.5772 -27.5288 -43.8507 -47.3807   -47.74 -36.9083 -48.2645 -51.7758 -51.5817 -30.6241 -45.4694  -44.595 -22.8305  -45.585 -31.5956 -25.0026 -50.9082
-46.7201 -52.0631 -51.3351 -52.5871 -54.7343 -52.2948 -63.8302 -39.4639 -44.6349 -34.9046 -47.1806 -49.6917 -26.4807 -58.0258 -42.7479 -62.2732 -43.5919 -31.2335 -33.1536 -67.8186 -121.543 -46.8619 -51.5987 -73.8057 -43.4527 -51.3113 -51.1892 -70.1442 -64.9349 -55.2917 -56.1724 -50.8401 -30.6717 -54.0392 -47.2935 -21.5204 -53.3536 -25.8241 -40.3636 -61.4675
-42.3891 -40.4618 -56.9205 -37.9775 -19.7103 -33.5041 -25.9725 -4.19629 -17.8427 -40.3224 -24.6551 -38.4768 -9.47309 -44.2841 -37.7809 -50.9005 -32.7624 -58.0185 -17.0789 -63.2577 -46.8619 -110.904 -46.0015 -54.3185 -29.1786 -50.4555 -37.0405 -32.8943 -40.6552 -43.2392 -42.3201  -57.529 -45.6636 -33.0369 -46.4567 -9.53491 -41.2949 -39.7358 -35.0578 -43.1727
-33.8561 -57.4891 -50.5239 -37.8875 -41.1999 -20.4249 -38.3085 -23.9844 -21.9592 -46.5007 -35.0296 -43.1326 -22.6673 -49.1155 -20.7829  -64.212  -28.813 -53.8678 -26.3749 -50.2356 -51.5987 -46.0015 -99.8349 -56.7185 -22.7792 -40.3356 -64.1026 -46.7362  -40.822 -41.6135 -45.5572 -30.5473 -30.7985 -45.8172 -33.3219 -34.0339 -54.9542 -27.9274 -23.2154 -57.2651
 -50.785 -72.6289 -51.8751 -54.1584 -53.2371 -53.4543 -64.8808 -37.1289 -51.3717  -42.591 -40.9183 -56.8948 -40.3844 -64.4524 -65.3985 -51.8087  -55.327 -55.6637 -55.3871 -62.5772 -73.8057 -54.3185 -56.7185 -121.951 -30.4376 -64.8848 -65.6776 -65.7449 -54.6173 -60.1965 -46.8422 -66.9749 -52.4131 -69.1169 -62.6684 -37.0459 -67.9946 -30.8113 -32.3061 -65.8453
-33.5957 -25.9263 -34.3675 -46.6194 -29.5588 -40.2862 -32.2338 -30.2191  -25.276 -33.0376 -35.2915 -40.0224  -28.502 -54.0882  -20.492 -37.4091  -11.272  -32.305 -16.0484 -27.5288 -43.4527 -29.1786 -22.7792 -30.4376  -70.848 -23.6662 -41.6464 -36.8223  -35.779  -28.808 -27.7674 -40.0252 -24.6287 -14.3744 -31.3324 -21.1467 -47.0873 -28.6377 -34.9612 -51.7068
-33.6426 -48.0497 -38.8575 -32.7511 -35.4252 -32.8446 -48.0254 -19.5569 -49.8222 -37.0036 -36.8752 -41.4567 -38.0791 -47.2034 -45.0683 -53.8596 -45.2293 -33.1873 -37.6231 -43.8507 -51.3113 -50.4555 -40.3356 -64.8848 -23.6662 -91.5082 -33.7682 -50.3195 -44.5228 -55.8583 -31.4212 -52.8111 -53.3286 -44.9788 -60.3812 -23.2712 -37.9952 -27.0731 -41.1841  -50.532
-69.0354 -59.7565 -52.5419 -58.4424 -61.9627 -30.4658 -59.5672 -39.6695 -47.6605 -66.8787 -45.8016 -56.6141 -39.3416 -56.5192 -40.2111 -72.4271   -32.77 -53.6933 -58.0787 -47.3807 -51.1892 -37.0405 -64.1026 -65.6776 -41.6464 -33.7682 -116.667 -51.7992 -49.7575 -56.7181 -34.3026 -40.8262 -32.1207 -32.3748  -40.401 -50.1635 -67.5014 -55.5356 -37.6829 -71.1275
-48.1142 -62.6852 -57.6799 -42.3645 -57.2535 -36.5591 -62.4606 -32.9864 -55.4522 -43.9184 -36.1102  -51.893 -39.6916 -72.7537 -48.7818 -64.6057 -42.0872 -58.5485 -42.1662   -47.74 -70.1442 -32.8943 -46.7362 -65.7449 -36.8223 -50.3195 -51.7992 -108.232 -56.9423 -55.6241 -46.9629 -51.5468 -48.6754 -55.3324 -52.3767 -47.3622   -50.44 -30.4406 -39.5368 -77.0665
-37.6553 -48.2957 -55.9631 -46.1108 -57.7108 -39.3574 -57.5419 -28.5653 -41.1135 -35.6007 -41.8595 -66.3302 -18.4916 -64.8064 -38.6001 -52.9227 -54.4554 -49.9157   -43.58 -36.9083 -64.9349 -40.6552  -40.822 -54.6173  -35.779 -44.5228 -49.7575 -56.9423 -99.5235 -49.8922 -53.9996 -35.1376 -41.7827 -33.3666 -50.2567 -23.6679 -49.4739 -42.1511 -39.8258  -77.978
 -54.179 -38.5267 -44.3223 -48.1149 -48.0609 -25.5138 -45.0777 -30.1795 -47.6039  -46.261 -38.2775 -33.4718 -35.1335 -60.0539 -42.3787 -67.3058 -39.5672 -25.8384 -49.0409 -48.2645 -55.2917 -43.2392 -41.6135 -60.1965  -28.808 -55.8583 -56.7181 -55.6241 -49.8922 -89.9245 -47.5019 -47.6164 -40.7576 -42.1889 -36.8033 -40.3469 -43.1992 -34.8707 -38.0923 -57.4703
-40.0929 -36.1845 -30.7732 -38.2863 -40.4204 -26.1571 -31.7147 -29.5895 -32.4024 -39.7997 -29.5757 -40.6259 -35.0709 -56.1206 -28.6418 -47.4392 -39.3417 -54.8289 -22.1789 -51.7758 -56.1724 -42.3201 -45.5572 -46.8422 -27.7674 -31.4212 -34.3026 -46.9629 -53.9996 -47.5019  -97.988 -43.1894 -41.6468 -28.9318 -32.0118 -28.6218 -44.0934 -34.2252 -32.0341 -48.3739
-38.0945 -46.2697 -34.1725 -55.6894 -22.1215 -35.9215 -37.7984 -16.5745 -43.8724 -38.9901 -23.6774 -37.5965 -48.2692 -58.5592 -47.2379 -54.9281 -33.1277 -48.3837  -34.344 -51.5817 -50.8401  -57.529 -30.5473 -66.9749 -40.0252 -52.8111 -40.8262 -51.5468 -35.1376 -47.6164 -43.1894 -96.4807 -40.3431 -43.7285 -55.3241  -27.743 -32.5505 -30.7829 -39.6045 -52.6063
-29.0885 -25.0258  -38.904  -28.649 -31.3923 -13.0246 -39.7892 -10.9658 -36.9026 -26.0863 -36.2438 -39.3216 -15.3966 -38.7953 -24.4248  -32.757 -41.1028 -42.0061 -31.0178 -30.6241 -30.6717 -45.6636 -30.7985 -52.4131 -24.6287 -53.3286 -32.1207 -48.6754 -41.7827 -40.7576 -41.6468 -40.3431 -97.5503 -25.9412 -44.7357  -26.233 -39.1088 -37.3618 -27.3577 -64.7701
-41.4257 -48.7388 -41.8999 -37.9998 -28.5566 -35.1183 -53.0761 -22.2971 -37.2744 -30.2908 -33.0645 -29.3197 -30.4265 -42.5145 -34.1046 -38.6864 -29.5345 -36.2153 -36.3357 -45.4694 -54.0392 -33.0369 -45.8172 -69.1169 -14.3744 -44.9788 -32.3748 -55.3324 -33.3666 -42.1889 -28.9318 -43.7285 -25.9412 -104.612 -45.7003 -32.4312 -41.2023 -8.77934 -32.7027 -43.4537
-35.5895 -48.5538 -41.9725 -38.9644 -45.5358 -42.1513 -53.0518 -7.67798 -45.5181 -37.7063 -39.8434 -56.4311 -43.5927  -51.024 -43.5392 -46.2933 -41.6637 -52.9366 -38.5962  -44.595 -47.2935 -46.4567 -33.3219 -62.6684 -31.3324 -60.3812  -40.401 -52.3767 -50.2567 -36.8033 -32.0118 -55.3241 -44.7357 -45.7003 -87.0328 -30.2487 -41.3557 -38.8813 -27.8713 -60.6212
-32.8885 -34.9289 -26.1764 -19.0485 -31.7439 -16.4095 -40.7672 -12.3696 -43.4283 -38.9866 -27.2782 -20.4228  -39.241 -45.4299 -19.7759 -56.9354 -32.5655 -39.8744 -36.8585 -22.8305 -21.5204 -9.53491 -34.0339 -37.0459 -21.1467 -23.2712 -50.1635 -47.3622 -23.6679 -40.3469 -28.6218  -27.743  -26.233 -32.4312 -30.2487 -82.9885 -39.5127   -29.48 -29.4732 -48.6193
-48.0255 -37.2215 -52.8295 -41.3365 -52.3972 -48.9653 -45.0498 -32.6176  -45.806 -42.1253 -51.2926 -62.4408 -24.0735 -73.5873 -29.0042 -42.5999 -18.3761 -58.8189 -48.4203  -45.585 -53.3536 -41.2949 -54.9542 -67.9946 -47.0873 -37.9952 -67.5014   -50.44 -49.4739 -43.1992 -44.0934 -32.5505 -39.1088 -41.2023 -41.3557 -39.5127 -102.731 -39.7074 -40.9437 -66.9038
-48.7999 -28.5028 -38.6936 -36.1849 -25.4919 -12.0788 -36.0634 -10.1033 -27.8815 -38.7777 -25.5829 -40.4858 -24.0383 -41.7672  -24.494 -44.9237 -29.9751 -44.4196 -32.0014 -31.5956 -25.8241 -39.7358 -27.9274 -30.8113 -28.6377 -27.0731 -55.5356 -30.4406 -42.1511 -34.8707 -34.2252 -30.7829 -37.3618 -8.77934 -38.8813   -29.48 -39.7074 -72.3564 -25.1276 -54.2634
-36.6678 -38.7322 -37.5977 -40.6211 -29.9338 -42.4846 -17.0027 -23.1762 -35.5034  -45.757 -27.1042 -39.5317 -21.9169 -57.4699  -18.808 -40.2339  -34.041 -23.9105 -28.8839 -25.0026 -40.3636 -35.0578 -23.2154 -32.3061 -34.9612 -41.1841 -37.6829 -39.5368 -39.8258 -38.0923 -32.0341 -39.6045 -27.3577 -32.7027 -27.8713 -29.4732 -40.9437 -25.1276 -80.4367 -43.0359
-47.5598 -55.4683 -63.2938 -58.8771 -55.4211 -33.9467 -65.3393 -32.4213 -42.8177 -49.4671 -48.9622 -69.1906  -37.076 -75.2108 -45.9547   -72.87 -41.1963 -64.0443  -49.411 -50.9082 -61.4675 -43.1727 -57.2651 -65.8453 -51.7068  -50.532 -71.1275 -77.0665  -77.978 -57.4703 -48.3739 -52.6063 -64.7701 -43.4537 -60.6212 -48.6193 -66.9038 -54.2634 -43.0359 -120.188
-0.507179  0.896958    1.1479  0.325465  0.680478  0.482459 -0.125916   2.33993   1.08384   2.55098   2.42518 -0.988429 -0.413934 -0.595658  0.793786   2.51536  0.270481 -0.624739   1.72909 -0.144525        -0        -0        -0        -0        -0        -0        -0        -0        -0        -0        -0        -0        -0        -0        -0        -0        -0        -0        -0        -0
  0.896958    1.84958   0.191634  -0.459837    1.75951  -0.621386   -0.17224    2.47473    1.01103     1.1922  -0.354445 -0.0530857 -0.0971063   0.260353   0.377664  -0.123945   0.205586    2.51801    2.41497   0.935521         -0         -0         -0         -0         -0         -0         -0         -0         -0         -0         -0         -0         -0         -0         -0         -0         -0         -0         -0         -0
    1.1479   0.191634  -0.424501    1.08538    2.72904  0.0882634   0.229334   -0.12507 -0.0715598    1.28085    1.94134     2.5478  -0.646212   0.560424   -0.29133  -0.865183     2.5594   0.147137    1.64717    1.82248         -0         -0         -0         -0         -0         -0         -0         -0         -0         -0         -0         -0         -0         -0         -0         -0         -0         -0         -0         -0
  0.325465  -0.459837    1.08538   0.907592  -0.823237 -0.0245801    1.74642    1.80397    1.41121    1.55354    2.15646    2.11377   0.587903   0.899172    2.85342   0.100536  0.0345555    1.19664   0.591597    2.95694         -0         -0         -0         -0         -0         -0         -0         -0         -0         -0         -0         -0         -0         -0         -0         -0         -0         -0         -0         -0
 0.680478   1.75951   2.72904 -0.823237  0.453204  0.498924   0.28732   1.65947   1.86259 -0.648718   1.39532 -0.349429  0.193685  0.521951    0.7388   1.44003   2.83254   1.00738   2.78161  0.591661        -0        -0        -0        -0        -0        -0        -0        -0        -0        -0        -0        -0        -0        -0        -0        -0        -0        -0        -0        -0
  0.482459  -0.621386  0.0882634 -0.0245801   0.498924    1.09178    1.30821    1.85773  -0.124338  -0.699007   -0.40371    1.47894  -0.569232   0.789649    2.18518    0.87486  -0.396836   0.350269    1.69932   0.244541         -0         -0         -0         -0         -0         -0         -0         -0         -0         -0         -0         -0         -0         -0         -0         -0         -0         -0         -0         -0
-0.125916  -0.17224  0.229334   1.74642   0.28732   1.30821 -0.885049   2.72122 -0.762496   1.84343  0.547199  0.078553   1.94102  0.789321   1.56363   2.87939   1.32058  0.756826   1.89413   1.89095        -0        -0        -0        -0        -0        -0        -0        -0        -0        -0        -0        -0        -0        -0        -0        -0        -0        -0        -0        -0
  2.33993   2.47473  -0.12507   1.80397   1.65947   1.85773   2.72122    1.8717  0.805935 -0.181422   2.00281   0.22989   0.78547   1.37984 -0.421126 -0.565222 -0.750856   2.68194   1.02311  0.850965        -0        -0        -0        -0        -0        -0        -0        -0        -0        -0        -0        -0        -0        -0        -0        -0        -0        -0        -0        -0
   1.08384    1.01103 -0.0715598    1.41121    1.86259  -0.124338  -0.762496   0.805935    2.51105    1.43608   0.972461   0.647583    2.35118    2.56607    1.74025    1.55593    2.43625  -0.882972    1.63086   0.987187         -0         -0         -0         -0         -0         -0         -0         -0         -0         -0         -0         -0         -0         -0         -0         -0         -0         -0         -0         -0
  2.55098    1.1922   1.28085   1.55354 -0.648718 -0.699007   1.84343 -0.181422   1.43608 0.0911631   1.80964 -0.150725   0.11272 -0.317722   1.50372 -0.556282  0.986448  0.895882 -0.368555    1.0741        -0        -0        -0        -0        -0        -0        -0        -0        -0        -0        -0        -0        -0        -0        -0        -0        -0        -0        -0        -0
  2.42518 -0.354445   1.94134   2.15646   1.39532  -0.40371  0.547199   2.00281  0.972461   1.80964   1.00994  0.320257 -0.186662  0.210189 0.0665299    0.7807 -0.768179 -0.903258   1.82053  0.546519        -0        -0        -0        -0        -0        -0        -0        -0        -0        -0        -0        -0        -0        -0        -0        -0        -0        -0        -0        -0
 -0.988429 -0.0530857     2.5478    2.11377  -0.349429    1.47894   0.078553    0.22989   0.647583  -0.150725   0.320257  0.0727677    2.36275   -0.84786    2.14459  -0.650288    1.95161   0.387509    2.00612  -0.283719         -0         -0         -0         -0         -0         -0         -0         -0         -0         -0         -0         -0         -0         -0         -0         -0         -0         -0         -0         -0
 -0.413934 -0.0971063  -0.646212   0.587903   0.193685  -0.569232    1.94102    0.78547    2.35118    0.11272  -0.186662    2.36275    1.05963   0.585171    2.76407   0.821383     1.8625    2.10147  -0.850542   0.489075         -0         -0         -0         -0         -0         -0         -0         -0         -0         -0         -0         -0         -0         -0         -0         -0         -0         -0         -0         -0
-0.595658  0.260353  0.560424  0.899172  0.521951  0.789649  0.789321   1.37984   2.56607 -0.317722  0.210189  -0.84786  0.585171  0.563977   1.62695   1.48937 -0.633362   2.65614   2.96767 -0.806312        -0        -0        -0        -0        -0        -0        -0        -0        -0        -0        -0        -0        -0        -0        -0        -0        -0        -0        -0        -0
 0.793786  0.377664  -0.29133   2.85342    0.7388   2.18518   1.56363 -0.421126   1.74025   1.50372 0.0665299   2.14459   2.76407   1.62695 0.0437655 -0.796867 -0.947849   1.42206  0.202767   1.30788        -0        -0        -0        -0        -0        -0        -0        -0        -0        -0        -0        -0        -0        -0        -0        -0        -0        -0        -0        -0
  2.51536 -0.123945 -0.865183  0.100536   1.44003   0.87486   2.87939 -0.565222   1.55593 -0.556282    0.7807 -0.650288  0.821383   1.48937 -0.796867   2.56018  0.302535   1.93401   1.15684  0.270685        -0        -0        -0        -0        -0        -0        -0        -0        -0        -0        -0        -0        -0        -0        -0        -0        -0        -0        -0        -0
 0.270481  0.205586    2.5594 0.0345555   2.83254 -0.396836   1.32058 -0.750856   2.43625  0.986448 -0.768179   1.95161    1.8625 -0.633362 -0.947849  0.302535    1.2415 -0.740696  0.317939   1.89301        -0        -0        -0        -0        -0        -0        -0        -0        -0        -0        -0        -0        -0        -0        -0        -0        -0        -0        -0        -0
-0.624739   2.51801  0.147137   1.19664   1.00738  0.350269  0.756826   2.68194 -0.882972  0.895882 -0.903258  0.387509   2.10147   2.65614   1.42206   1.93401 -0.740696 -0.257354   1.95959  0.202009        -0        -0        -0        -0        -0        -0        -0        -0        -0        -0        -0        -0        -0        -0        -0        -0        -0        -0        -0        -0
  1.72909   2.41497   1.64717  0.591597   2.78161   1.69932   1.89413   1.02311   1.63086 -0.368555   1.82053   2.00612 -0.850542   2.96767  0.202767   1.15684  0.317939   1.95959  0.838779   2.29379        -0        -0        -0        -0        -0        -0        -0        -0        -0        -0        -0        -0        -0        -0        -0        -0        -0        -0        -0        -0
-0.144525  0.935521   1.82248   2.95694  0.591661  0.244541   1.89095  0.850965  0.987187    1.0741  0.546519 -0.283719  0.489075 -0.806312   1.30788  0.270685   1.89301  0.202009   2.29379  0.523871        -0        -0        -0        -0        -0        -0        -0        -0        -0        -0        -0        -0        -0        -0        -0        -0        -0        -0        -0        -0
       -0        -0        -0        -0        -0        -0        -0        -0        -0        -0        -0        -0        -0        -0        -0        -0        -0        -0        -0        -0  0.507179 -0.896958   -1.1479 -0.325465 -0.680478 -0.482459  0.125916  -2.33993  -1.08384  -2.55098  -2.42518  0.988429  0.413934  0.595658 -0.793786  -2.51536 -0.270481  0.624739  -1.72909  0.144525
       -0        -0        -0        -0        -0        -0        -0        -0        -0        -0        -0        -0        -0        -0        -0        -0        -0        -0        -0        -0 -0.896958  -1.84958 -0.191634  0.459837  -1.75951  0.621386   0.17224  -2.47473  -1.01103   -1.1922  0.354445 0.0530857 0.0971063 -0.260353 -0.377664  0.123945 -0.205586  -2.51801  -2.41497 -0.935521
        -0         -0         -0         -0         -0         -0         -0         -0         -0         -0         -0         -0         -0         -0         -0         -0         -0         -0         -0         -0    -1.1479  -0.191634   0.424501   -1.08538   -2.72904 -0.0882634  -0.229334    0.12507  0.0715598   -1.28085   -1.94134    -2.5478   0.646212  -0.560424    0.29133   0.865183    -2.5594  -0.147137   -1.64717   -1.82248
        -0         -0         -0         -0         -0         -0         -0         -0         -0         -0         -0         -0         -0         -0         -0         -0         -0         -0         -0         -0  -0.325465   0.459837   -1.08538  -0.907592   0.823237  0.0245801   -1.74642   -1.80397   -1.41121   -1.55354   -2.15646   -2.11377  -0.587903  -0.899172   -2.85342  -0.100536 -0.0345555   -1.19664  -0.591597   -2.95694
       -0        -0        -0        -0        -0        -0        -0        -0        -0        -0        -0        -0        -0        -0        -0        -0        -0        -0        -0        -0 -0.680478  -1.75951  -2.72904  0.823237 -0.453204 -0.498924  -0.28732  -1.65947  -1.86259  0.648718  -1.39532  0.349429 -0.193685 -0.521951   -0.7388  -1.44003  -2.83254  -1.00738  -2.78161 -0.591661
        -0         -0         -0         -0         -0         -0         -0         -0         -0         -0         -0         -0         -0         -0         -0         -0         -0         -0         -0         -0  -0.482459   0.621386 -0.0882634  0.0245801  -0.498924   -1.09178   -1.30821   -1.85773   0.124338   0.699007    0.40371   -1.47894   0.569232  -0.789649   -2.18518   -0.87486   0.396836  -0.350269   -1.69932  -0.244541
       -0        -0        -0        -0        -0        -0        -0        -0        -0        -0        -0        -0        -0        -0        -0        -0        -0        -0        -0        -0  0.125916   0.17224 -0.229334  -1.74642  -0.28732  -1.30821  0.885049  -2.72122  0.762496  -1.84343 -0.547199 -0.078553  -1.94102 -0.789321  -1.56363  -2.87939  -1.32058 -0.756826  -1.89413  -1.89095
       -0        -0        -0        -0        -0        -0        -0        -0        -0        -0        -0        -0        -0        -0        -0        -0        -0        -0        -0        -0  -2.33993  -2.47473   0.12507  -1.80397  -1.65947  -1.85773  -2.72122   -1.8717 -0.805935  0.181422  -2.00281  -0.22989  -0.78547  -1.37984  0.421126  0.565222  0.750856  -2.68194  -1.02311 -0.850965
       -0        -0        -0        -0        -0        -0        -0        -0        -0        -0        -0        -0        -0        -0        -0        -0        -0        -0        -0        -0  -1.08384  -1.01103 0.0715598  -1.41121  -1.86259  0.124338  0.762496 -0.805935  -2.51105  -1.43608 -0.972461 -0.647583  -2.35118  -2.56607  -1.74025  -1.55593  -2.43625  0.882972  -1.63086 -0.987187
        -0         -0         -0         -0         -0         -0         -0         -0         -0         -0         -0         -0         -0         -0         -0         -0         -0         -0         -0         -0   -2.55098    -1.1922   -1.28085   -1.55354   0.648718   0.699007   -1.84343   0.181422   -1.43608 -0.0911631   -1.80964   0.150725   -0.11272   0.317722   -1.50372   0.556282  -0.986448  -0.895882   0.368555    -1.0741
        -0         -0         -0         -0         -0         -0         -0         -0         -0         -0         -0         -0         -0         -0         -0         -0         -0         -0         -0         -0   -2.42518   0.354445   -1.94134   -2.15646   -1.39532    0.40371  -0.547199   -2.00281  -0.972461   -1.80964   -1.00994  -0.320257   0.186662  -0.210189 -0.0665299    -0.7807   0.768179   0.903258   -1.82053  -0.546519
        -0         -0         -0         -0         -0         -0         -0         -0         -0         -0         -0         -0         -0         -0         -0         -0         -0         -0         -0         -0   0.988429  0.0530857    -2.5478   -2.11377   0.349429   -1.47894  -0.078553   -0.22989  -0.647583   0.150725  -0.320257 -0.0727677   -2.36275    0.84786   -2.14459   0.650288   -1.95161  -0.387509   -2.00612   0.283719
       -0        -0        -0        -0        -0        -0        -0        -0        -0        -0        -0        -0        -0        -0        -0        -0        -0        -0        -0        -0  0.413934 0.0971063  0.646212 -0.587903 -0.193685  0.569232  -1.94102  -0.78547  -2.35118  -0.11272  0.186662  -2.36275  -1.05963 -0.585171  -2.76407 -0.821383   -1.8625  -2.10147  0.850542 -0.489075
       -0        -0        -0        -0        -0        -0        -0        -0        -0        -0        -0        -0        -0        -0        -0        -0        -0        -0        -0        -0  0.595658 -0.260353 -0.560424 -0.899172 -0.521951 -0.789649 -0.789321  -1.37984  -2.56607  0.317722 -0.210189   0.84786 -0.585171 -0.563977  -1.62695  -1.48937  0.633362  -2.65614  -2.96767  0.806312
        -0         -0         -0         -0         -0         -0         -0         -0         -0         -0         -0         -0         -0         -0         -0         -0         -0         -0         -0         -0  -0.793786  -0.377664    0.29133   -2.85342    -0.7388   -2.18518   -1.56363   0.421126   -1.74025   -1.50372 -0.0665299   -2.14459   -2.76407   -1.62695 -0.0437655   0.796867   0.947849   -1.42206  -0.202767   -1.30788
       -0        -0        -0        -0        -0        -0        -0        -0        -0        -0        -0        -0        -0        -0        -0        -0        -0        -0        -0        -0  -2.51536  0.123945  0.865183 -0.100536  -1.44003  -0.87486  -2.87939  0.565222  -1.55593  0.556282   -0.7807  0.650288 -0.821383  -1.48937  0.796867  -2.56018 -0.302535  -1.93401  -1.15684 -0.270685
        -0         -0         -0         -0         -0         -0         -0         -0         -0         -0         -0         -0         -0         -0         -0         -0         -0         -0         -0         -0  -0.270481  -0.205586    -2.5594 -0.0345555   -2.83254   0.396836   -1.32058   0.750856   -2.43625  -0.986448   0.768179   -1.95161    -1.8625   0.633362   0.947849  -0.302535    -1.2415   0.740696  -0.317939   -1.89301
       -0        -0        -0        -0        -0        -0        -0        -0        -0        -0        -0        -0        -0        -0        -0        -0        -0        -0        -0        -0  0.624739  -2.51801 -0.147137  -1.19664  -1.00738 -0.350269 -0.756826  -2.68194  0.882972 -0.895882  0.903258 -0.387509  -2.10147  -2.65614  -1.42206  -1.93401  0.740696  0.257354  -1.95959 -0.202009
       -0        -0        -0        -0        -0        -0        -0        -0        -0        -0        -0        -0        -0        -0        -0        -0        -0        -0        -0        -0  -1.72909  -2.41497  -1.64717 -0.591597  -2.78161  -1.69932  -1.89413  -1.02311  -1.63086  0.368555  -1.82053  -2.00612  0.850542  -2.96767 -0.202767  -1.15684 -0.317939  -1.95959 -0.838779  -2.29379
       -0        -0        -0        -0        -0        -0        -0        -0        -0        -0        -0        -0        -0        -0        -0        -0        -0        -0        -0        -0  0.144525 -0.935521  -1.82248  -2.95694 -0.591661 -0.244541  -1.89095 -0.850965 -0.987187   -1.0741 -0.546519  0.283719 -0.489075  0.806312  -1.30788 -0.270685  -1.89301 -0.202009  -2.29379 -0.523871
   0.833454     1.46983   0.0499278   -0.901089     1.29863     2.25101    0.283522     2.57792     1.43965   -0.257806     1.55533     2.81818    -0.16656     1.53058     1.58788   -0.935169 -0.00611277   0.0738212     1.73797    0.427823          -0          -0          -0          -0          -0          -0          -0          -0          -0          -0          -0          -0          -0          -0          -0          -0          -0          -0          -0          -0
   1.46983 -0.0968023 -0.0454518   0.330116    2.05926  -0.855328  -0.277544    1.06127  -0.678496  -0.173639    1.71912    2.64163    1.33618  -0.973394    1.89301   0.839408  -0.261457    2.54745    2.69622    2.08587         -0         -0         -0         -0         -0         -0         -0         -0         -0         -0         -0         -0         -0         -0         -0         -0         -0         -0         -0         -0
 0.0499278 -0.0454518    1.01671   0.985615     2.4617   0.956205  -0.852613    2.65642   0.329939    1.68877   -0.39461  -0.124544    1.31031   0.221641    2.45371   0.630191  -0.405929  -0.262426    2.13093   0.594678         -0         -0         -0         -0         -0         -0         -0         -0         -0         -0         -0         -0         -0         -0         -0         -0         -0         -0         -0         -0
-0.901089  0.330116  0.985615   1.73662 0.0282012   2.78153   2.28465   1.21746   2.76937 -0.914393  0.544837   1.04361   2.07307   1.81536   2.14935  0.107188   2.90673  0.752747 -0.130076   2.75365        -0        -0        -0        -0        -0        -0        -0        -0        -0        -0        -0        -0        -0        -0        -0        -0        -0        -0        -0        -0
   1.29863    2.05926     2.4617  0.0282012     2.0676   0.780653  -0.265827   0.535762   -0.14152    1.45695   -0.34347    2.46299  -0.588381 -0.0538252    2.43672   0.462334    1.97984   0.807703    2.92413  -0.153544         -0         -0         -0         -0         -0         -0         -0         -0         -0         -0         -0         -0         -0         -0         -0         -0         -0         -0         -0         -0
  2.25101 -0.855328  0.956205   2.78153  0.780653   2.95877 -0.633908   2.41427 -0.596397   2.28372   1.80202    2.6228 -0.938633   1.57171   2.29113   2.52858   1.19607   2.67141   2.85767 -0.725647        -0        -0        -0        -0        -0        -0        -0        -0        -0        -0        -0        -0        -0        -0        -0        -0        -0        -0        -0        -0
 0.283522 -0.277544 -0.852613   2.28465 -0.265827 -0.633908  -0.34035    2.9246   1.87975 -0.836806   1.07011  0.127519   2.76965   2.75666   2.17381   1.56116   2.76575  0.868395 -0.535791 0.0593125        -0        -0        -0        -0        -0        -0        -0        -0        -0        -0        -0        -0        -0        -0        -0        -0        -0        -0        -0        -0
  2.57792   1.06127   2.65642   1.21746  0.535762   2.41427    2.9246   1.81789  0.354224 -0.546377   1.00821   2.68796  0.770776 -0.332233   2.60324  0.146626   2.79284   2.35908   2.68061 -0.196891        -0        -0        -0        -0        -0        -0        -0        -0        -0        -0        -0        -0        -0        -0        -0        -0        -0        -0        -0        -0
   1.43965  -0.678496   0.329939    2.76937   -0.14152  -0.596397    1.87975   0.354224  -0.598752  -0.461676 -0.0767401   0.249898   0.975621   0.991875  -0.743945   0.196607    2.55472   0.779054    2.14558    1.71978         -0         -0         -0         -0         -0         -0         -0         -0         -0         -0         -0         -0         -0         -0         -0         -0         -0         -0         -0         -0
 -0.257806  -0.173639    1.68877  -0.914393    1.45695    2.28372  -0.836806  -0.546377  -0.461676   0.903926    0.41327   0.565652 -0.0801544    1.70617    1.88624   0.785916  -0.707457   0.587283   0.205119    1.15782         -0         -0         -0         -0         -0         -0         -0         -0         -0         -0         -0         -0         -0         -0         -0         -0         -0         -0         -0         -0
   1.55533    1.71912   -0.39461   0.544837   -0.34347    1.80202    1.07011    1.00821 -0.0767401    0.41327    2.38667  -0.685821    2.66826    0.31262  0.0196546    1.80654    1.59772   0.166515    -0.3663  -0.685515         -0         -0         -0         -0         -0         -0         -0         -0         -0         -0         -0         -0         -0         -0         -0         -0         -0         -0         -0         -0
  2.81818   2.64163 -0.124544   1.04361   2.46299    2.6228  0.127519   2.68796  0.249898  0.565652 -0.685821   2.80523  0.793801   1.82531   1.78664   2.78448   2.61955   1.77294   -0.7806  0.457755        -0        -0        -0        -0        -0        -0        -0        -0        -0        -0        -0        -0        -0        -0        -0        -0        -0        -0        -0        -0
  -0.16656    1.33618    1.31031    2.07307  -0.588381  -0.938633    2.76965   0.770776   0.975621 -0.0801544    2.66826   0.793801  -0.438528  0.0423566    1.91285  -0.321075    1.13195    1.32583  -0.247431   0.854035         -0         -0         -0         -0         -0         -0         -0         -0         -0         -0         -0         -0         -0         -0         -0         -0         -0         -0         -0         -0
   1.53058  -0.973394   0.221641    1.81536 -0.0538252    1.57171    2.75666  -0.332233   0.991875    1.70617    0.31262    1.82531  0.0423566    2.62293     1.2413    1.26025  -0.772093   0.760587   0.371274    2.44542         -0         -0         -0         -0         -0         -0         -0         -0         -0         -0         -0         -0         -0         -0         -0         -0         -0         -0         -0         -0
  1.58788   1.89301   2.45371   2.14935   2.43672   2.29113   2.17381   2.60324 -0.743945   1.88624 0.0196546   1.78664   1.91285    1.2413  0.601995   1.93383 -0.273258   1.67968  0.972146   1.32768        -0        -0        -0        -0        -0        -0        -0        -0        -0        -0        -0        -0        -0        -0        -0        -0        -0        -0        -0        -0
-0.935169  0.839408  0.630191  0.107188  0.462334   2.52858   1.56116  0.146626  0.196607  0.785916   1.80654   2.78448 -0.321075   1.26025   1.93383 -0.884352   2.59428  0.305664   1.56027  0.778162        -0        -0        -0        -0        -0        -0        -0        -0        -0        -0        -0        -0        -0        -0        -0        -0        -0        -0        -0        -0
-0.00611277   -0.261457   -0.405929     2.90673     1.97984     1.19607     2.76575     2.79284     2.55472   -0.707457     1.59772     2.61955     1.13195   -0.772093   -0.273258     2.59428     2.75648     2.95665   0.0426819     2.30309          -0          -0          -0          -0          -0          -0          -0          -0          -0          -0          -0          -0          -0          -0          -0          -0          -0          -0          -0          -0
0.0738212   2.54745 -0.262426  0.752747  0.807703   2.67141  0.868395   2.35908  0.779054  0.587283  0.166515   1.77294   1.32583  0.760587   1.67968  0.305664   2.95665   1.44543   2.84054   1.79189        -0        -0        -0        -0        -0        -0        -0        -0        -0        -0        -0        -0        -0        -0        -0        -0        -0        -0        -0        -0
  1.73797   2.69622   2.13093 -0.130076   2.92413   2.85767 -0.535791   2.68061   2.14558  0.205119   -0.3663   -0.7806 -0.247431  0.371274  0.972146   1.56027 0.0426819   2.84054  0.919354  0.458772        -0        -0        -0        -0        -0        -0        -0        -0        -0        -0        -0        -0        -0        -0        -0        -0        -0        -0        -0        -0
 0.427823   2.08587  0.594678   2.75365 -0.153544 -0.725647 0.0593125 -0.196891   1.71978   1.15782 -0.685515  0.457755  0.854035   2.44542   1.32768  0.778162   2.30309   1.79189  0.458772   1.44867        -0        -0        -0        -0        -0        -0        -0        -0        -0        -0        -0        -0        -0        -0        -0        -0        -0        -0        -0        -0
