40
1
40
  -0.135053    0.248353    0.197229   -0.116563  -0.0888363   0.0713463   0.0457644   -0.018702  -0.0843368  -0.0964451   -0.169721    0.189582    0.236642   -0.117196   0.0402928   -0.242586   0.0244838    0.211989   0.0880349   0.0014271   -0.148921    0.145552   -0.268194   -0.170264    0.149801  -0.0394278    0.115696 -0.00479749     0.13081    0.122191   -0.176883   -0.260517   0.0974227  -0.0917805   0.0953352    0.174113    0.155732    0.136643    0.049033    0.414708
-102.432  -26.798 -22.5702 -33.3512  -56.158 -48.5443 -35.0453 -44.8675 -39.5249 -37.5837 -41.1628  -38.361 -44.0819  -38.336  -47.347 -61.2643  -28.939 -49.7203 -49.4492 -24.7244 -29.6471 -20.9889 -31.5016  -25.942 -36.0355 -52.1641 -13.7665 -50.3521 -58.2824 -39.8274 -34.7047 -42.4118 -37.4763 -43.4059 -36.6366 -25.0576 -38.0865 -40.7487 -41.5389 -47.2411
 -26.798 -91.2002 -21.0626 -17.6424 -38.5241 -24.7358 -22.9267 -38.5875 -38.2584 -29.2843 -13.6959 -23.8244 -16.1166 -31.9267 -35.7099 -36.4349 -28.0529 -27.1971 -37.1474 -36.4249 -28.5952 -33.5915 -48.0066 -37.4688 -32.1544 -47.7288 -31.8186 -22.6654    -45.7 -20.4756 -17.5881 -55.9503 -14.2915 -27.4134 -27.4925 -38.9844 -47.6443  -40.972 -45.7088 -32.9136
-22.5702 -21.0626 -68.2019 -21.4565 -37.2446 -28.0412 -34.1762  -33.857 -35.1431 -15.1891 -26.9613 -18.1989 -24.3598 -41.2173 -36.0459 -27.1165 -20.0478 -26.9143 -33.3627 -29.6316  -26.225 -40.2206 -23.7898 -20.9089 -32.4394 -37.9542 -25.2669 -23.4303 -45.0083 -5.23043 -18.0246 -30.9097 -19.4626 -33.6946 -14.4671 -26.2325 -23.4553 -29.8152 -28.7239 -31.1789
-33.3512 -17.6424 -21.4565 -82.8197  -39.119 -50.9078 -25.9448 -28.1109  -33.134 -36.6324 -29.9184 -23.8698 -36.7255 -51.7765 -39.4853 -48.2585 -34.9224 -47.4301 -9.41979 -34.0827 -42.3317 -35.4751 -51.3084 -31.6238 -24.4281 -28.3186   -31.47  -30.069 -58.2146 -8.29018 -35.1262 -49.7676 -32.3248 -21.3832 -29.8736 -30.7127 -45.8654 -36.4398 -32.3326 -7.20055
 -56.158 -38.5241 -37.2446  -39.119 -92.5957  -40.606 -38.2802 -45.3397 -49.1142 -34.3443 -39.5426  -43.086 -45.9622 -62.0785 -51.6374 -67.6903 -44.3395 -56.2083 -41.4625 -36.5482 -36.7895 -48.2253 -50.7173 -22.2848 -39.7307 -47.6219 -19.7538 -43.1063 -73.1164   -26.09 -32.8454  -59.651 -29.0332 -39.0256 -36.3834 -25.6516 -42.5829 -52.2015 -53.3139 -63.6051
-48.5443 -24.7358 -28.0412 -50.9078  -40.606 -105.654 -36.0613 -46.3597 -30.3584 -42.5753 -34.5513 -40.9972 -44.4116  -54.596 -47.2528 -46.6992 -25.4925 -30.5352 -16.0505 -36.2856 -27.1078 -23.5479 -38.0805 -31.9594 -33.3915 -42.9182 -39.2454 -48.6993 -63.3637 -24.5839 -55.4237 -47.8687 -29.9685 -47.3714 -25.0155 -31.4975 -61.4006 -30.8506 -43.0121 -41.1437
-35.0453 -22.9267 -34.1762 -25.9448 -38.2802 -36.0613 -90.4825 -42.8446 -40.1095 -35.7793 -20.3901 -29.0141 -37.5405 -49.3377 -47.9209 -53.7287 -23.3861 -46.4192 -51.3029 -33.4667 -38.0339  -46.968 -48.8649 -30.5024 -50.2509 -28.2895 -32.1356 -42.3767 -58.3929 -37.0466 -43.8555 -43.8485  -33.027 -21.5178 -28.9448 -27.1382 -43.7151 -47.0581 -41.5502 -51.8167
-44.8675 -38.5875  -33.857 -28.1109 -45.3397 -46.3597 -42.8446 -115.688  -34.286 -57.7822  -39.744 -49.8942 -42.2049 -62.4489 -58.9737 -46.2808 -25.8953 -29.4741 -51.4527 -46.9161 -41.3827 -64.9512 -52.1813 -30.1606 -40.0105 -29.5233 -37.0888 -49.3299 -52.2479  -46.515 -38.9633 -60.1724 -19.6491 -48.0461 -22.4847 -37.6984 -40.0815 -46.7131 -34.3676 -60.3714
-39.5249 -38.2584 -35.1431  -33.134 -49.1142 -30.3584 -40.1095  -34.286 -87.8477 -29.0625 -18.6104 -31.2536 -39.0747 -52.0526  -57.342 -46.0807 -31.9354 -55.4315 -50.0704 -25.5983  -26.772 -46.8216 -45.6427 -27.4552 -34.6416 -67.4824 -37.3707 -28.0885 -72.2842 -17.9092 -22.8571 -46.7785 -33.3417 -40.1391 -32.0246 -44.6975 -32.9517 -48.3804 -55.1502 -43.8561
-37.5837 -29.2843 -15.1891 -36.6324 -34.3443 -42.5753 -35.7793 -57.7822 -29.0625 -88.2865 -32.2176 -41.1429 -47.6075 -48.2229 -44.0291 -41.0595 -25.0656 -45.9341  -37.896 -15.3625 -37.2038 -36.7243 -38.1067 -28.3926 -48.1685 -35.5172 -30.3402 -47.4072 -59.7956 -33.4576 -30.3187 -49.5808 -30.7279 -22.4923 -10.8271 -32.1213 -42.4795 -36.2824 -24.3574 -50.4059
-41.1628 -13.6959 -26.9613 -29.9184 -39.5426 -34.5513 -20.3901  -39.744 -18.6104 -32.2176 -72.5255 -49.6236 -39.4782 -37.7273 -40.9568 -29.4516 -32.1502 -33.0359 -20.9058  -14.503 -32.2571 -27.1585 -26.7584 -16.0898 -28.2744 -31.0134 -18.9823 -45.1956 -59.3641 -29.6345 -46.0122 -14.6848 -21.4963 -21.0545   -13.97 -21.6264 -29.1917 -40.8942 -18.6283 -32.8499
 -38.361 -23.8244 -18.1989 -23.8698  -43.086 -40.9972 -29.0141 -49.8942 -31.2536 -41.1429 -49.6236  -92.603 -34.8596 -42.1562 -45.7756 -40.1521 -24.2233 -46.4649  -22.378 -12.3748 -25.3393 -33.0036 -43.3479 -27.9755 -33.2295 -40.1448 -24.2507  -53.906 -76.7315  -26.274 -43.8266 -43.9236 -23.3489 -20.2255 -33.8556 -9.70611 -41.1645 -47.1484  -29.956 -50.1529
-44.0819 -16.1166 -24.3598 -36.7255 -45.9622 -44.4116 -37.5405 -42.2049 -39.0747 -47.6075 -39.4782 -34.8596 -89.0774 -48.7128  -62.987 -46.9031 -25.8021 -49.5167 -46.5538  -30.273 -36.0403 -46.0462 -38.3558 -33.6676 -43.5936 -53.3651  -34.449 -34.8053 -65.9922 -33.5062 -41.4734 -37.6116 -27.3852 -39.7142 -19.6498 -35.3232 -38.0784 -35.9921 -30.7727 -52.6939
 -38.336 -31.9267 -41.2173 -51.7765 -62.0785  -54.596 -49.3377 -62.4489 -52.0526 -48.2229 -37.7273 -42.1562 -48.7128 -117.482 -72.6709 -63.8288 -51.5066 -61.6273 -35.1823  -49.829 -47.7302 -76.4597 -62.8607 -53.6078 -44.0854 -51.0939  -33.271 -56.1913 -84.1907 -31.8273 -39.3905 -63.3403 -36.6349 -37.9895 -36.6799 -41.8748 -53.0637 -55.1565  -47.928 -48.9746
 -47.347 -35.7099 -36.0459 -39.4853 -51.6374 -47.2528 -47.9209 -58.9737  -57.342 -44.0291 -40.9568 -45.7756  -62.987 -72.6709  -111.24 -48.6136 -37.2756 -58.4633 -59.9731 -52.3322  -46.369 -51.4018  -53.101 -59.0374 -45.1848 -63.3371 -43.0499   -41.89 -74.8005 -46.1566  -56.968  -43.338 -40.4796 -46.5465 -33.1606 -63.3763 -48.3514 -50.2678  -68.618 -62.8067
-61.2643 -36.4349 -27.1165 -48.2585 -67.6903 -46.6992 -53.7287 -46.2808 -46.0807 -41.0595 -29.4516 -40.1521 -46.9031 -63.8288 -48.6136 -110.931 -41.5579 -62.2355 -47.3128 -25.3305  -56.769 -49.2283 -53.3584 -40.1184 -43.3403 -51.4696 -34.9024 -55.9798 -75.7441 -24.3979 -39.9994 -66.1994 -25.8748 -39.7797 -40.1851 -30.3261 -57.9051 -51.9811 -49.1404  -58.698
 -28.939 -28.0529 -20.0478 -34.9224 -44.3395 -25.4925 -23.3861 -25.8953 -31.9354 -25.0656 -32.1502 -24.2233 -25.8021 -51.5066 -37.2756 -41.5579 -62.7785 -39.7812  -22.629 -22.5556 -25.4462 -36.0175  -41.557 -25.1617 -22.7485 -34.6279 -24.7885 -31.0533 -47.8974 -13.8965 -28.0003 -38.0577 -30.8412 -23.6397 -23.4871 -23.1893 -37.0881  -36.364 -26.4375  -33.269
-49.7203 -27.1971 -26.9143 -47.4301 -56.2083 -30.5352 -46.4192 -29.4741 -55.4315 -45.9341 -33.0359 -46.4649 -49.5167 -61.6273 -58.4633 -62.2355 -39.7812 -105.054 -37.8611  -19.333 -36.0177 -38.9546 -51.9334 -43.4745 -32.4225 -58.7541 -13.5125 -45.8312 -78.2336 -19.8861 -31.9271 -44.4556 -50.7933 -16.2464 -37.2236 -44.1402 -41.4557 -63.5453 -45.1784 -44.2535
-49.4492 -37.1474 -33.3627 -9.41979 -41.4625 -16.0505 -51.3029 -51.4527 -50.0704  -37.896 -20.9058  -22.378 -46.5538 -35.1823 -59.9731 -47.3128  -22.629 -37.8611 -102.573 -37.8269   -34.57 -44.6396 -55.9351 -37.8955 -54.4177  -45.318 -33.2156 -29.9791 -53.7351 -34.7238 -32.7275   -45.38 -15.6964 -39.9836 -28.3844 -51.6451 -29.6111 -34.6768 -43.8328 -60.1831
-24.7244 -36.4249 -29.6316 -34.0827 -36.5482 -36.2856 -33.4667 -46.9161 -25.5983 -15.3625  -14.503 -12.3748  -30.273  -49.829 -52.3322 -25.3305 -22.5556  -19.333 -37.8269 -82.0761 -28.1448 -45.3803 -58.3272 -37.3736 -27.5383 -24.7197 -34.8378 -17.0815 -46.9458 -26.3805 -30.6861 -53.6904 -15.7738 -35.5445 -35.9844 -40.1603 -34.5097 -44.4417 -38.2138 -25.9621
-29.6471 -28.5952  -26.225 -42.3317 -36.7895 -27.1078 -38.0339 -41.3827  -26.772 -37.2038 -32.2571 -25.3393 -36.0403 -47.7302  -46.369  -56.769 -25.4462 -36.0177   -34.57 -28.1448 -78.4364 -49.8228 -36.7568 -37.7236 -34.0725  -32.392 -28.6437 -30.1746 -51.5164 -28.9049  -34.497 -42.9661 -11.2919 -11.5185 -24.4171 -30.3696 -36.5951 -36.7315 -30.5646 -39.5531
-20.9889 -33.5915 -40.2206 -35.4751 -48.2253 -23.5479  -46.968 -64.9512 -46.8216 -36.7243 -27.1585 -33.0036 -46.0462 -76.4597 -51.4018 -49.2283 -36.0175 -38.9546 -44.6396 -45.3803 -49.8228 -98.6824   -54.02 -41.8584 -43.1207  -40.651 -41.9079 -33.9039 -52.5854 -24.6308 -29.8251 -56.3962 -16.7883  -18.647 -26.7279 -32.8329 -34.7966 -56.8406 -36.6688 -45.0441
-31.5016 -48.0066 -23.7898 -51.3084 -50.7173 -38.0805 -48.8649 -52.1813 -45.6427 -38.1067 -26.7584 -43.3479 -38.3558 -62.8607  -53.101 -53.3584  -41.557 -51.9334 -55.9351 -58.3272 -36.7568   -54.02  -107.85  -50.673 -40.9864 -44.5618 -36.1994 -36.6671 -79.9113 -17.1726  -39.865 -76.4004 -23.7263 -34.1557 -43.9995 -39.2498 -58.3663 -52.9132 -45.4032 -36.6409
 -25.942 -37.4688 -20.9089 -31.6238 -22.2848 -31.9594 -30.5024 -30.1606 -27.4552 -28.3926 -16.0898 -27.9755 -33.6676 -53.6078 -59.0374 -40.1184 -25.1617 -43.4745 -37.8955 -37.3736 -37.7236 -41.8584  -50.673 -70.8694 -36.7452 -44.6316 -30.9991  -28.624 -46.1257 -21.7582 -34.2933 -41.8523 -26.3609 -14.6662 -23.6106  -37.008 -45.4462 -40.8755 -42.8291 -25.2512
-36.0355 -32.1544 -32.4394 -24.4281 -39.7307 -33.3915 -50.2509 -40.0105 -34.6416 -48.1685 -28.2744 -33.2295 -43.5936 -44.0854 -45.1848 -43.3403 -22.7485 -32.4225 -54.4177 -27.5383 -34.0725 -43.1207 -40.9864 -36.7452 -75.3026 -36.0829 -31.8051 -38.1239 -53.3055 -32.6698 -36.3158 -43.3814 -32.3675 -22.1815 -20.2654 -25.9537 -37.6273 -37.3119 -35.0653 -53.6356
-52.1641 -47.7288 -37.9542 -28.3186 -47.6219 -42.9182 -28.2895 -29.5233 -67.4824 -35.5172 -31.0134 -40.1448 -53.3651 -51.0939 -63.3371 -51.4696 -34.6279 -58.7541  -45.318 -24.7197  -32.392  -40.651 -44.5618 -44.6316 -36.0829 -107.461 -24.2721 -37.7442 -75.5324 -19.7274 -33.6512 -48.7139 -35.1947  -40.903 -25.8787 -40.9874  -41.713  -50.326 -46.1802 -46.2924
-13.7665 -31.8186 -25.2669   -31.47 -19.7538 -39.2454 -32.1356 -37.0888 -37.3707 -30.3402 -18.9823 -24.2507  -34.449  -33.271 -43.0499 -34.9024 -24.7885 -13.5125 -33.2156 -34.8378 -28.6437 -41.9079 -36.1994 -30.9991 -31.8051 -24.2721 -87.0479 -29.6618 -48.3079 -13.1344 -32.4035 -38.1128 -14.7594  -36.791 -21.7745 -35.8227 -45.0554 -37.2499   -32.95 -48.0644
-50.3521 -22.6654 -23.4303  -30.069 -43.1063 -48.6993 -42.3767 -49.3299 -28.0885 -47.4072 -45.1956  -53.906 -34.8053 -56.1913   -41.89 -55.9798 -31.0533 -45.8312 -29.9791 -17.0815 -30.1746 -33.9039 -36.6671  -28.624 -38.1239 -37.7442 -29.6618 -88.1029 -72.3694 -33.9344 -52.6338 -36.6854 -33.7306 -28.9802  -26.969 -16.4666 -43.8336 -44.3694 -31.9511 -48.4603
-58.2824    -45.7 -45.0083 -58.2146 -73.1164 -63.3637 -58.3929 -52.2479 -72.2842 -59.7956 -59.3641 -76.7315 -65.9922 -84.1907 -74.8005 -75.7441 -47.8974 -78.2336 -53.7351 -46.9458 -51.5164 -52.5854 -79.9113 -46.1257 -53.3055 -75.5324 -48.3079 -72.3694 -142.633 -31.1716  -57.849 -78.4416 -35.6439  -54.484 -54.2876 -44.3922 -67.3175 -76.3525 -54.2717 -67.4911
-39.8274 -20.4756 -5.23043 -8.29018   -26.09 -24.5839 -37.0466  -46.515 -17.9092 -33.4576 -29.6345  -26.274 -33.5062 -31.8273 -46.1566 -24.3979 -13.8965 -19.8861 -34.7238 -26.3805 -28.9049 -24.6308 -17.1726 -21.7582 -32.6698 -19.7274 -13.1344 -33.9344 -31.1716 -63.6038 -44.6165 -14.6515 -29.6238 -16.0322 -15.4442 -21.4081 -23.2901 -31.9126  -27.632 -44.9066
-34.7047 -17.5881 -18.0246 -35.1262 -32.8454 -55.4237 -43.8555 -38.9633 -22.8571 -30.3187 -46.0122 -43.8266 -41.4734 -39.3905  -56.968 -39.9994 -28.0003 -31.9271 -32.7275 -30.6861  -34.497 -29.8251  -39.865 -34.2933 -36.3158 -33.6512 -32.4035 -52.6338  -57.849 -44.6165 -92.9334 -29.5025 -29.3739 -15.8499 -18.1347 -31.0011 -51.5036 -52.6376 -40.0781 -49.3805
-42.4118 -55.9503 -30.9097 -49.7676  -59.651 -47.8687 -43.8485 -60.1724 -46.7785 -49.5808 -14.6848 -43.9236 -37.6116 -63.3403  -43.338 -66.1994 -38.0577 -44.4556   -45.38 -53.6904 -42.9661 -56.3962 -76.4004 -41.8523 -43.3814 -48.7139 -38.1128 -36.6854 -78.4416 -14.6515 -29.5025 -120.156 -3.67044 -30.8513 -38.3574 -28.4628 -53.8537 -55.5615 -41.1446 -42.0741
-37.4763 -14.2915 -19.4626 -32.3248 -29.0332 -29.9685  -33.027 -19.6491 -33.3417 -30.7279 -21.4963 -23.3489 -27.3852 -36.6349 -40.4796 -25.8748 -30.8412 -50.7933 -15.6964 -15.7738 -11.2919 -16.7883 -23.7263 -26.3609 -32.3675 -35.1947 -14.7594 -33.7306 -35.6439 -29.6238 -29.3739 -3.67044 -78.3686 -23.1892 -19.5899  -22.148 -29.5534 -35.1468  -33.025 -30.7633
-43.4059 -27.4134 -33.6946 -21.3832 -39.0256 -47.3714 -21.5178 -48.0461 -40.1391 -22.4923 -21.0545 -20.2255 -39.7142 -37.9895 -46.5465 -39.7797 -23.6397 -16.2464 -39.9836 -35.5445 -11.5185  -18.647 -34.1557 -14.6662 -22.1815  -40.903  -36.791 -28.9802  -54.484 -16.0322 -15.8499 -30.8513 -23.1892 -86.0717 -24.3326 -32.9963 -38.6375 -13.4842 -29.5488 -42.8964
-36.6366 -27.4925 -14.4671 -29.8736 -36.3834 -25.0155 -28.9448 -22.4847 -32.0246 -10.8271   -13.97 -33.8556 -19.6498 -36.6799 -33.1606 -40.1851 -23.4871 -37.2236 -28.3844 -35.9844 -24.4171 -26.7279 -43.9995 -23.6106 -20.2654 -25.8787 -21.7745  -26.969 -54.2876 -15.4442 -18.1347 -38.3574 -19.5899 -24.3326 -67.7047 -17.5306 -38.3344 -26.7784 -29.7507 -32.8617
-25.0576 -38.9844 -26.2325 -30.7127 -25.6516 -31.4975 -27.1382 -37.6984 -44.6975 -32.1213 -21.6264 -9.70611 -35.3232 -41.8748 -63.3763 -30.3261 -23.1893 -44.1402 -51.6451 -40.1603 -30.3696 -32.8329 -39.2498  -37.008 -25.9537 -40.9874 -35.8227 -16.4666 -44.3922 -21.4081 -31.0011 -28.4628  -22.148 -32.9963 -17.5306 -79.2539 -31.9806  -42.771 -41.6552 -28.1595
-38.0865 -47.6443 -23.4553 -45.8654 -42.5829 -61.4006 -43.7151 -40.0815 -32.9517 -42.4795 -29.1917 -41.1645 -38.0784 -53.0637 -48.3514 -57.9051 -37.0881 -41.4557 -29.6111 -34.5097 -36.5951 -34.7966 -58.3663 -45.4462 -37.6273  -41.713 -45.0554 -43.8336 -67.3175 -23.2901 -51.5036 -53.8537 -29.5534 -38.6375 -38.3344 -31.9806 -89.4203 -43.6487 -44.5406 -48.3794
-40.7487  -40.972 -29.8152 -36.4398 -52.2015 -30.8506 -47.0581 -46.7131 -48.3804 -36.2824 -40.8942 -47.1484 -35.9921 -55.1565 -50.2678 -51.9811  -36.364 -63.5453 -34.6768 -44.4417 -36.7315 -56.8406 -52.9132 -40.8755 -37.3119  -50.326 -37.2499 -44.3694 -76.3525 -31.9126 -52.6376 -55.5615 -35.1468 -13.4842 -26.7784  -42.771 -43.6487 -102.732 -42.6037 -50.3082
-41.5389 -45.7088 -28.7239 -32.3326 -53.3139 -43.0121 -41.5502 -34.3676 -55.1502 -24.3574 -18.6283  -29.956 -30.7727  -47.928  -68.618 -49.1404 -26.4375 -45.1784 -43.8328 -38.2138 -30.5646 -36.6688 -45.4032 -42.8291 -35.0653 -46.1802   -32.95 -31.9511 -54.2717  -27.632 -40.0781 -41.1446  -33.025 -29.5488 -29.7507 -41.6552 -44.5406 -42.6037 -82.8356 -44.1111
-47.2411 -32.9136 -31.1789 -7.20055 -63.6051 -41.1437 -51.8167 -60.3714 -43.8561 -50.4059 -32.8499 -50.1529 -52.6939 -48.9746 -62.8067  -58.698  -33.269 -44.2535 -60.1831 -25.9621 -39.5531 -45.0441 -36.6409 -25.2512 -53.6356 -46.2924 -48.0644 -48.4603 -67.4911 -44.9066 -49.3805 -42.0741 -30.7633 -42.8964 -32.8617 -28.1595 -48.3794 -50.3082 -44.1111 -125.394
-0.979696  0.877865 -0.252544  0.739136   2.09861 -0.362881  0.310742   1.04046   1.21849   1.66058   1.25926 -0.351999   2.96361  -0.77547  -0.60521 -0.638765 -0.962164  0.434317    1.7331 -0.379651        -0        -0        -0        -0        -0        -0        -0        -0        -0        -0        -0        -0        -0        -0        -0        -0        -0        -0        -0        -0
  0.877865   0.248707    1.70894  -0.920067     2.7127    1.38809    2.73424    2.84292  -0.995817      1.236  0.0130462  -0.231957    2.04669  -0.315392   -0.17375    2.69692    2.31025   0.744878 -0.0457129    1.19226         -0         -0         -0         -0         -0         -0         -0         -0         -0         -0         -0         -0         -0         -0         -0         -0         -0         -0         -0         -0
 -0.252544    1.70894    1.75855   0.512478  -0.085102    2.44006    2.61561    2.92147    1.27375  -0.989292   0.081939    1.54259 -0.0705293   0.886647   0.378328  -0.397359    2.76783    1.64611    2.58996    2.95316         -0         -0         -0         -0         -0         -0         -0         -0         -0         -0         -0         -0         -0         -0         -0         -0         -0         -0         -0         -0
  0.739136  -0.920067   0.512478    1.67905    2.03502 -0.0899076    2.63099    2.26387    1.29473   0.739558    1.55924    1.73169  -0.805147   0.831661   0.057333  -0.718521  -0.930269    1.87671   0.822844    2.11556         -0         -0         -0         -0         -0         -0         -0         -0         -0         -0         -0         -0         -0         -0         -0         -0         -0         -0         -0         -0
   2.09861     2.7127  -0.085102    2.03502  -0.484354    0.50589    1.63913  -0.979481  -0.173421 -0.0279061    1.99544    0.31352    2.66477    1.13727    2.44544    2.16937   0.086726    2.92686     2.0908    2.98179         -0         -0         -0         -0         -0         -0         -0         -0         -0         -0         -0         -0         -0         -0         -0         -0         -0         -0         -0         -0
 -0.362881    1.38809    2.44006 -0.0899076    0.50589    1.39288   0.584784  -0.141097  -0.521171   -0.11823    2.39485  -0.532065  -0.959702 -0.0247266    2.36681    2.70474  -0.178723  -0.696739   -0.45837   0.054543         -0         -0         -0         -0         -0         -0         -0         -0         -0         -0         -0         -0         -0         -0         -0         -0         -0         -0         -0         -0
  0.310742    2.73424    2.61561    2.63099    1.63913   0.584784    2.65929 0.00292185    2.87685    2.45767    1.87974   0.641962   0.398188    1.43424     2.0334     2.8665    1.23889    2.76455  -0.918044     1.6975         -0         -0         -0         -0         -0         -0         -0         -0         -0         -0         -0         -0         -0         -0         -0         -0         -0         -0         -0         -0
   1.04046    2.84292    2.92147    2.26387  -0.979481  -0.141097 0.00292185    1.79501  -0.958146   0.292976   0.836743    1.33783   0.164627    1.98478    1.53257    1.68211    2.83848    0.47565  -0.067948     1.5926         -0         -0         -0         -0         -0         -0         -0         -0         -0         -0         -0         -0         -0         -0         -0         -0         -0         -0         -0         -0
    1.21849   -0.995817     1.27375     1.29473   -0.173421   -0.521171     2.87685   -0.958146  0.00858613    0.412123     1.71069     1.27013     1.60879     1.94364     1.99726   -0.794968   -0.691041 -0.00618836    0.359802   -0.605187          -0          -0          -0          -0          -0          -0          -0          -0          -0          -0          -0          -0          -0          -0          -0          -0          -0          -0          -0          -0
   1.66058      1.236  -0.989292   0.739558 -0.0279061   -0.11823    2.45767   0.292976   0.412123    1.07951   0.995246  -0.405914     2.8945  -0.126447    2.34729  -0.383854    2.39283    2.18496  0.0231823    1.11791         -0         -0         -0         -0         -0         -0         -0         -0         -0         -0         -0         -0         -0         -0         -0         -0         -0         -0         -0         -0
  1.25926 0.0130462  0.081939   1.55924   1.99544   2.39485   1.87974  0.836743   1.71069  0.995246 -0.392625 -0.629281 -0.923397   1.54298   2.88983 -0.196348  0.533871    1.0217   1.97834  0.512359        -0        -0        -0        -0        -0        -0        -0        -0        -0        -0        -0        -0        -0        -0        -0        -0        -0        -0        -0        -0
-0.351999 -0.231957   1.54259   1.73169   0.31352 -0.532065  0.641962   1.33783   1.27013 -0.405914 -0.629281 -0.470612   2.25679   1.90725   2.22178 -0.400179 -0.329806 0.0316481   1.79412   2.12791        -0        -0        -0        -0        -0        -0        -0        -0        -0        -0        -0        -0        -0        -0        -0        -0        -0        -0        -0        -0
   2.96361    2.04669 -0.0705293  -0.805147    2.66477  -0.959702   0.398188   0.164627    1.60879     2.8945  -0.923397    2.25679  -0.337457    2.92024  -0.968106   0.442395    2.08975    1.49521    1.76806     2.0722         -0         -0         -0         -0         -0         -0         -0         -0         -0         -0         -0         -0         -0         -0         -0         -0         -0         -0         -0         -0
  -0.77547  -0.315392   0.886647   0.831661    1.13727 -0.0247266    1.43424    1.98478    1.94364  -0.126447    1.54298    1.90725    2.92024    2.47245    0.77648    1.18198    1.13651   0.789527   0.624444   0.102316         -0         -0         -0         -0         -0         -0         -0         -0         -0         -0         -0         -0         -0         -0         -0         -0         -0         -0         -0         -0
  -0.60521   -0.17375   0.378328   0.057333    2.44544    2.36681     2.0334    1.53257    1.99726    2.34729    2.88983    2.22178  -0.968106    0.77648  0.0534461   0.657154  -0.048327   0.101379   0.670832 -0.0492453         -0         -0         -0         -0         -0         -0         -0         -0         -0         -0         -0         -0         -0         -0         -0         -0         -0         -0         -0         -0
-0.638765   2.69692 -0.397359 -0.718521   2.16937   2.70474    2.8665   1.68211 -0.794968 -0.383854 -0.196348 -0.400179  0.442395   1.18198  0.657154 -0.112161   1.25911   2.58194   1.69492     1.163        -0        -0        -0        -0        -0        -0        -0        -0        -0        -0        -0        -0        -0        -0        -0        -0        -0        -0        -0        -0
-0.962164   2.31025   2.76783 -0.930269  0.086726 -0.178723   1.23889   2.83848 -0.691041   2.39283  0.533871 -0.329806   2.08975   1.13651 -0.048327   1.25911  0.841253    1.6108  0.927705  0.643946        -0        -0        -0        -0        -0        -0        -0        -0        -0        -0        -0        -0        -0        -0        -0        -0        -0        -0        -0        -0
   0.434317    0.744878     1.64611     1.87671     2.92686   -0.696739     2.76455     0.47565 -0.00618836     2.18496      1.0217   0.0316481     1.49521    0.789527    0.101379     2.58194      1.6108     2.34027    0.435384   0.0327108          -0          -0          -0          -0          -0          -0          -0          -0          -0          -0          -0          -0          -0          -0          -0          -0          -0          -0          -0          -0
    1.7331 -0.0457129    2.58996   0.822844     2.0908   -0.45837  -0.918044  -0.067948   0.359802  0.0231823    1.97834    1.79412    1.76806   0.624444   0.670832    1.69492   0.927705   0.435384  -0.829432    2.09505         -0         -0         -0         -0         -0         -0         -0         -0         -0         -0         -0         -0         -0         -0         -0         -0         -0         -0         -0         -0
 -0.379651    1.19226    2.95316    2.11556    2.98179   0.054543     1.6975     1.5926  -0.605187    1.11791   0.512359    2.12791     2.0722   0.102316 -0.0492453      1.163   0.643946  0.0327108    2.09505    2.00375         -0         -0         -0         -0         -0         -0         -0         -0         -0         -0         -0         -0         -0         -0         -0         -0         -0         -0         -0         -0
       -0        -0        -0        -0        -0        -0        -0        -0        -0        -0        -0        -0        -0        -0        -0        -0        -0        -0        -0        -0  0.979696 -0.877865  0.252544 -0.739136  -2.09861  0.362881 -0.310742  -1.04046  -1.21849  -1.66058  -1.25926  0.351999  -2.96361   0.77547   0.60521  0.638765  0.962164 -0.434317   -1.7331  0.379651
        -0         -0         -0         -0         -0         -0         -0         -0         -0         -0         -0         -0         -0         -0         -0         -0         -0         -0         -0         -0  -0.877865  -0.248707   -1.70894   0.920067    -2.7127   -1.38809   -2.73424   -2.84292   0.995817     -1.236 -0.0130462   0.231957   -2.04669   0.315392    0.17375   -2.69692   -2.31025  -0.744878  0.0457129   -1.19226
       -0        -0        -0        -0        -0        -0        -0        -0        -0        -0        -0        -0        -0        -0        -0        -0        -0        -0        -0        -0  0.252544  -1.70894  -1.75855 -0.512478  0.085102  -2.44006  -2.61561  -2.92147  -1.27375  0.989292 -0.081939  -1.54259 0.0705293 -0.886647 -0.378328  0.397359  -2.76783  -1.64611  -2.58996  -2.95316
       -0        -0        -0        -0        -0        -0        -0        -0        -0        -0        -0        -0        -0        -0        -0        -0        -0        -0        -0        -0 -0.739136  0.920067 -0.512478  -1.67905  -2.03502 0.0899076  -2.63099  -2.26387  -1.29473 -0.739558  -1.55924  -1.73169  0.805147 -0.831661 -0.057333  0.718521  0.930269  -1.87671 -0.822844  -2.11556
       -0        -0        -0        -0        -0        -0        -0        -0        -0        -0        -0        -0        -0        -0        -0        -0        -0        -0        -0        -0  -2.09861   -2.7127  0.085102  -2.03502  0.484354  -0.50589  -1.63913  0.979481  0.173421 0.0279061  -1.99544  -0.31352  -2.66477  -1.13727  -2.44544  -2.16937 -0.086726  -2.92686   -2.0908  -2.98179
       -0        -0        -0        -0        -0        -0        -0        -0        -0        -0        -0        -0        -0        -0        -0        -0        -0        -0        -0        -0  0.362881  -1.38809  -2.44006 0.0899076  -0.50589  -1.39288 -0.584784  0.141097  0.521171   0.11823  -2.39485  0.532065  0.959702 0.0247266  -2.36681  -2.70474  0.178723  0.696739   0.45837 -0.054543
         -0          -0          -0          -0          -0          -0          -0          -0          -0          -0          -0          -0          -0          -0          -0          -0          -0          -0          -0          -0   -0.310742    -2.73424    -2.61561    -2.63099    -1.63913   -0.584784    -2.65929 -0.00292185    -2.87685    -2.45767    -1.87974   -0.641962   -0.398188    -1.43424     -2.0334     -2.8665    -1.23889    -2.76455    0.918044     -1.6975
         -0          -0          -0          -0          -0          -0          -0          -0          -0          -0          -0          -0          -0          -0          -0          -0          -0          -0          -0          -0    -1.04046    -2.84292    -2.92147    -2.26387    0.979481    0.141097 -0.00292185    -1.79501    0.958146   -0.292976   -0.836743    -1.33783   -0.164627    -1.98478    -1.53257    -1.68211    -2.83848    -0.47565    0.067948     -1.5926
         -0          -0          -0          -0          -0          -0          -0          -0          -0          -0          -0          -0          -0          -0          -0          -0          -0          -0          -0          -0    -1.21849    0.995817    -1.27375    -1.29473    0.173421    0.521171    -2.87685    0.958146 -0.00858613   -0.412123    -1.71069    -1.27013    -1.60879    -1.94364    -1.99726    0.794968    0.691041  0.00618836   -0.359802    0.605187
        -0         -0         -0         -0         -0         -0         -0         -0         -0         -0         -0         -0         -0         -0         -0         -0         -0         -0         -0         -0   -1.66058     -1.236   0.989292  -0.739558  0.0279061    0.11823   -2.45767  -0.292976  -0.412123   -1.07951  -0.995246   0.405914    -2.8945   0.126447   -2.34729   0.383854   -2.39283   -2.18496 -0.0231823   -1.11791
        -0         -0         -0         -0         -0         -0         -0         -0         -0         -0         -0         -0         -0         -0         -0         -0         -0         -0         -0         -0   -1.25926 -0.0130462  -0.081939   -1.55924   -1.99544   -2.39485   -1.87974  -0.836743   -1.71069  -0.995246   0.392625   0.629281   0.923397   -1.54298   -2.88983   0.196348  -0.533871    -1.0217   -1.97834  -0.512359
        -0         -0         -0         -0         -0         -0         -0         -0         -0         -0         -0         -0         -0         -0         -0         -0         -0         -0         -0         -0   0.351999   0.231957   -1.54259   -1.73169   -0.31352   0.532065  -0.641962   -1.33783   -1.27013   0.405914   0.629281   0.470612   -2.25679   -1.90725   -2.22178   0.400179   0.329806 -0.0316481   -1.79412   -2.12791
       -0        -0        -0        -0        -0        -0        -0        -0        -0        -0        -0        -0        -0        -0        -0        -0        -0        -0        -0        -0  -2.96361  -2.04669 0.0705293  0.805147  -2.66477  0.959702 -0.398188 -0.164627  -1.60879   -2.8945  0.923397  -2.25679  0.337457  -2.92024  0.968106 -0.442395  -2.08975  -1.49521  -1.76806   -2.0722
       -0        -0        -0        -0        -0        -0        -0        -0        -0        -0        -0        -0        -0        -0        -0        -0        -0        -0        -0        -0   0.77547  0.315392 -0.886647 -0.831661  -1.13727 0.0247266  -1.43424  -1.98478  -1.94364  0.126447  -1.54298  -1.90725  -2.92024  -2.47245  -0.77648  -1.18198  -1.13651 -0.789527 -0.624444 -0.102316
        -0         -0         -0         -0         -0         -0         -0         -0         -0         -0         -0         -0         -0         -0         -0         -0         -0         -0         -0         -0    0.60521    0.17375  -0.378328  -0.057333   -2.44544   -2.36681    -2.0334   -1.53257   -1.99726   -2.34729   -2.88983   -2.22178   0.968106   -0.77648 -0.0534461  -0.657154   0.048327  -0.101379  -0.670832  0.0492453
       -0        -0        -0        -0        -0        -0        -0        -0        -0        -0        -0        -0        -0        -0        -0        -0        -0        -0        -0        -0  0.638765  -2.69692  0.397359  0.718521  -2.16937  -2.70474   -2.8665  -1.68211  0.794968  0.383854  0.196348  0.400179 -0.442395  -1.18198 -0.657154  0.112161  -1.25911  -2.58194  -1.69492    -1.163
       -0        -0        -0        -0        -0        -0        -0        -0        -0        -0        -0        -0        -0        -0        -0        -0        -0        -0        -0        -0  0.962164  -2.31025  -2.76783  0.930269 -0.086726  0.178723  -1.23889  -2.83848  0.691041  -2.39283 -0.533871  0.329806  -2.08975  -1.13651  0.048327  -1.25911 -0.841253   -1.6108 -0.927705 -0.643946
        -0         -0         -0         -0         -0         -0         -0         -0         -0         -0         -0         -0         -0         -0         -0         -0         -0         -0         -0         -0  -0.434317  -0.744878   -1.64611   -1.87671   -2.92686   0.696739   -2.76455   -0.47565 0.00618836   -2.18496    -1.0217 -0.0316481   -1.49521  -0.789527  -0.101379   -2.58194    -1.6108   -2.34027  -0.435384 -0.0327108
        -0         -0         -0         -0         -0         -0         -0         -0         -0         -0         -0         -0         -0         -0         -0         -0         -0         -0         -0         -0    -1.7331  0.0457129   -2.58996  -0.822844    -2.0908    0.45837   0.918044   0.067948  -0.359802 -0.0231823   -1.97834   -1.79412   -1.76806  -0.624444  -0.670832   -1.69492  -0.927705  -0.435384   0.829432   -2.09505
        -0         -0         -0         -0         -0         -0         -0         -0         -0         -0         -0         -0         -0         -0         -0         -0         -0         -0         -0         -0   0.379651   -1.19226   -2.95316   -2.11556   -2.98179  -0.054543    -1.6975    -1.5926   0.605187   -1.11791  -0.512359   -2.12791    -2.0722  -0.102316  0.0492453     -1.163  -0.643946 -0.0327108   -2.09505   -2.00375
  1.05589    0.4554  0.149108  0.850263    1.8426    2.6307 -0.260506   2.66834  0.110473   0.34204   1.13941  0.643128   2.19712   1.26105   2.45386 -0.570631   2.77132  0.881819   2.01476   1.10415        -0        -0        -0        -0        -0        -0        -0        -0        -0        -0        -0        -0        -0        -0        -0        -0        -0        -0        -0        -0
   0.4554  0.968451  0.729453    1.8228   2.92611   2.35475   1.12752   1.90797   1.50063 0.0991119 -0.812225 -0.421212   2.70335 -0.914977 -0.965956  0.594355   2.14162   1.78825   1.64132   1.83429        -0        -0        -0        -0        -0        -0        -0        -0        -0        -0        -0        -0        -0        -0        -0        -0        -0        -0        -0        -0
 0.149108  0.729453   2.41354 0.0175088   1.91778  0.438844 -0.494095   2.32463 -0.432449   1.07046   2.05621   0.57144   2.20524  0.612314  -0.43885   1.79846  0.890687 -0.263555  0.182257  -0.87452        -0        -0        -0        -0        -0        -0        -0        -0        -0        -0        -0        -0        -0        -0        -0        -0        -0        -0        -0        -0
 0.850263    1.8228 0.0175088  0.709298   1.16146   2.80872    2.2177  -0.99703   1.64175  0.194289   2.37668 -0.634628  0.767235   2.34698   2.88712 -0.567819 -0.901578   2.17292 -0.450488   2.01692        -0        -0        -0        -0        -0        -0        -0        -0        -0        -0        -0        -0        -0        -0        -0        -0        -0        -0        -0        -0
   1.8426   2.92611   1.91778   1.16146    1.7376  0.981554   1.62301 -0.441008  0.888048   1.40606   2.77769 -0.385935   0.38831   2.91862   1.20577    1.7977 -0.205784 -0.153048  0.761807   0.89737        -0        -0        -0        -0        -0        -0        -0        -0        -0        -0        -0        -0        -0        -0        -0        -0        -0        -0        -0        -0
    2.6307    2.35475   0.438844    2.80872   0.981554    1.03674  -0.578123    2.85763   0.610978    1.96937    2.59833    2.22698 -0.0427858     1.1655 -0.0516182    2.65444   0.809997    2.33125    2.98371    1.85571         -0         -0         -0         -0         -0         -0         -0         -0         -0         -0         -0         -0         -0         -0         -0         -0         -0         -0         -0         -0
 -0.260506    1.12752  -0.494095     2.2177    1.62301  -0.578123    1.03504    2.07519    1.15458    2.66955   0.172933 -0.0243355    1.74341  -0.789399 -0.0655625   0.823302  -0.655861     1.6698   -0.11804    -0.2761         -0         -0         -0         -0         -0         -0         -0         -0         -0         -0         -0         -0         -0         -0         -0         -0         -0         -0         -0         -0
   2.66834    1.90797    2.32463   -0.99703  -0.441008    2.85763    2.07519    1.50181     2.3122  -0.865113    2.22524    1.26032    1.04264    2.35054    2.60447 -0.0417421   -0.38769    2.85403  -0.463264    1.77044         -0         -0         -0         -0         -0         -0         -0         -0         -0         -0         -0         -0         -0         -0         -0         -0         -0         -0         -0         -0
 0.110473   1.50063 -0.432449   1.64175  0.888048  0.610978   1.15458    2.3122 -0.129194  0.903319   2.21564    2.0371   1.37873   2.89162   1.31128   2.25383  0.939907   1.86049 -0.391528  0.930076        -0        -0        -0        -0        -0        -0        -0        -0        -0        -0        -0        -0        -0        -0        -0        -0        -0        -0        -0        -0
  0.34204 0.0991119   1.07046  0.194289   1.40606   1.96937   2.66955 -0.865113  0.903319 -0.778389  0.471001 -0.101846   2.85447 -0.700541 -0.757921   0.25706   2.94039  0.771142   1.17267   2.04319        -0        -0        -0        -0        -0        -0        -0        -0        -0        -0        -0        -0        -0        -0        -0        -0        -0        -0        -0        -0
  1.13941 -0.812225   2.05621   2.37668   2.77769   2.59833  0.172933   2.22524   2.21564  0.471001   2.61449 -0.222619 -0.399715    0.9981 -0.959723  0.497548 -0.677973  0.172389   1.56549  0.583424        -0        -0        -0        -0        -0        -0        -0        -0        -0        -0        -0        -0        -0        -0        -0        -0        -0        -0        -0        -0
  0.643128  -0.421212    0.57144  -0.634628  -0.385935    2.22698 -0.0243355    1.26032     2.0371  -0.101846  -0.222619   0.176511   -0.97814    2.08874  -0.427671    1.70769    1.36928    1.63181    1.49029 -0.0551616         -0         -0         -0         -0         -0         -0         -0         -0         -0         -0         -0         -0         -0         -0         -0         -0         -0         -0         -0         -0
   2.19712    2.70335    2.20524   0.767235    0.38831 -0.0427858    1.74341    1.04264    1.37873    2.85447  -0.399715   -0.97814  -0.566743  -0.997189  -0.672898   0.291104   0.534749 -0.0872336 -0.0390784   0.684511         -0         -0         -0         -0         -0         -0         -0         -0         -0         -0         -0         -0         -0         -0         -0         -0         -0         -0         -0         -0
  1.26105 -0.914977  0.612314   2.34698   2.91862    1.1655 -0.789399   2.35054   2.89162 -0.700541    0.9981   2.08874 -0.997189  0.203344  0.652592    1.0587   2.12049   2.06308   2.30194   1.76568        -0        -0        -0        -0        -0        -0        -0        -0        -0        -0        -0        -0        -0        -0        -0        -0        -0        -0        -0        -0
   2.45386  -0.965956   -0.43885    2.88712    1.20577 -0.0516182 -0.0655625    2.60447    1.31128  -0.757921  -0.959723  -0.427671  -0.672898   0.652592    2.91931     1.5948    1.80146    1.73023   0.663213    0.49435         -0         -0         -0         -0         -0         -0         -0         -0         -0         -0         -0         -0         -0         -0         -0         -0         -0         -0         -0         -0
 -0.570631   0.594355    1.79846  -0.567819     1.7977    2.65444   0.823302 -0.0417421    2.25383    0.25706   0.497548    1.70769   0.291104     1.0587     1.5948    2.49687  -0.667551   0.706982   0.807874    2.44632         -0         -0         -0         -0         -0         -0         -0         -0         -0         -0         -0         -0         -0         -0         -0         -0         -0         -0         -0         -0
  2.77132   2.14162  0.890687 -0.901578 -0.205784  0.809997 -0.655861  -0.38769  0.939907   2.94039 -0.677973   1.36928  0.534749   2.12049   1.80146 -0.667551   1.77493 -0.126927   1.63319   1.74939        -0        -0        -0        -0        -0        -0        -0        -0        -0        -0        -0        -0        -0        -0        -0        -0        -0        -0        -0        -0
  0.881819    1.78825  -0.263555    2.17292  -0.153048    2.33125     1.6698    2.85403    1.86049   0.771142   0.172389    1.63181 -0.0872336    2.06308    1.73023   0.706982  -0.126927    2.07437  -0.666991    1.37631         -0         -0         -0         -0         -0         -0         -0         -0         -0         -0         -0         -0         -0         -0         -0         -0         -0         -0         -0         -0
