40
1
40
   -0.11957 -0.00272875    0.251959   -0.121174   0.0899801    -0.38084    0.116979   0.0139985    0.100202   0.0564292    0.185905    0.110935    -0.28574   0.0868589    0.119654    0.117227   0.0544664  -0.0786556   0.0927941  -0.0390424  0.00683295    0.030738   -0.214408   -0.429314   0.0507513    0.227268     0.08139    0.210777    0.335675   -0.119871  -0.0537776   0.0976766  -0.0382606   0.0581222   0.0187386   -0.207528  -0.0246316   0.0877394   0.0849549  -0.0637883
-89.1103 -37.8138 -26.2477 -43.5335 -21.6908 -46.1497 -54.4003 -46.3488 -34.8739 -42.5172  -25.852 -47.8882  -35.721 -25.4503 -18.2383 -44.0167 -34.4182  -33.849 -28.2319 -33.2706 -31.2079 -40.4607 -42.4844 -32.3272 -27.1233 -27.2514 -33.5582 -55.0107 -54.4181 -45.3728 -52.2338 -48.8859 -12.7606 -48.2906 -48.1182 -40.2365 -35.4332 -37.5529 -34.8802 -34.8948
-37.8138 -81.3286 -19.7003 -39.2948 -24.7062  -38.249 -48.9642 -30.8709 -18.4303 -34.7661  -19.505 -39.6883 -38.1901  -18.468 -31.5757 -25.4599 -37.5725 -35.6891 -33.2524 -33.2889 -31.9498  -23.895 -41.6955 -49.5662 -28.3326  -26.338 -30.8696 -37.9749 -25.3898  -42.274 -50.4423 -31.0059 -20.3057 -40.0121 -31.9784 -26.8436 -31.7699 -34.3443 -21.9947 -38.1224
-26.2477 -19.7003 -73.5291 -22.4291 -10.1861 -32.7203 -50.6533 -33.1116 -10.9574 -38.1843  -31.636 -29.1978 -29.2477 -17.3282 -31.4836  -41.749 -15.7078 -33.9204 -23.5129 -22.3033 -31.7276 -19.2362 -34.1105 -28.9903 -19.0649 -42.0923 -18.7301 -19.5095 -41.5513 -53.6098 -29.0221 -24.6292  -1.3291 -20.4234 -24.6963 -24.6012 -44.8918 -8.94878 -22.4958 -22.6495
-43.5335 -39.2948 -22.4291 -118.698 -48.5063 -52.9231 -61.2553 -36.0893 -27.8171 -31.6149 -43.6155  -51.699 -41.1526  -29.826 -34.5017 -48.5209 -41.7601 -32.4769 -15.6276 -39.7015 -38.4036 -44.0378 -67.3547 -50.6962 -45.3876 -42.6717 -53.8178 -43.8627 -38.8054 -60.7823  -35.756  -52.974 -39.3482 -57.7532 -48.1116 -44.8834 -24.6419 -48.9925 -36.0816 -47.8628
-21.6908 -24.7062 -10.1861 -48.5063 -85.4057 -31.6692 -50.9088 -31.6693 -21.5105 -23.5153 -38.8214 -36.2448 -34.6827 -31.2313 -22.5913 -25.9482 -39.3105 -27.4391  -31.957 -28.6431 -40.8477 -33.5362 -48.4174 -50.3992 -45.5989 -42.9825  -24.553 -28.5555 -30.2941  -33.998 -35.4215 -35.4993 -35.5968 -33.1879 -42.8852 -34.4697 -31.7847 -38.6049 -28.0023 -16.2549
-46.1497  -38.249 -32.7203 -52.9231 -31.6692  -91.853 -62.4224 -48.9399 -27.5831 -44.3851 -33.4454 -51.2555 -50.3675 -36.3034 -18.1733 -48.0596 -50.6889 -32.5961  -31.617   -55.21 -41.1908  -54.404 -47.8755 -54.6512 -19.4722 -35.9195 -47.5751 -55.9193 -43.2184 -47.5317 -51.1626    -42.9 -15.2027 -30.3178 -36.3747 -31.4831 -38.9876 -43.8528 -37.9558 -51.9122
-54.4003 -48.9642 -50.6533 -61.2553 -50.9088 -62.4224  -131.88 -56.6737  -30.974 -50.4708 -67.3476 -56.4128 -45.8969 -49.1974 -39.1305 -76.2839 -62.5797 -55.0064 -38.6565 -65.4831 -51.1113 -55.1328 -74.7492 -59.7486 -55.6368  -55.852 -62.5742 -39.1867 -53.5094 -73.1699 -59.4475 -66.2444 -39.6609 -43.4241 -53.1753  -42.316 -70.2376 -47.0291 -61.1065 -45.3708
-46.3488 -30.8709 -33.1116 -36.0893 -31.6693 -48.9399 -56.6737 -80.3467 -29.6171  -35.305 -37.7106 -52.8352 -39.6804 -31.0445 -25.1997 -43.7858 -29.9103 -35.8319 -35.5709 -48.5511 -40.8417 -36.4392 -48.0801 -41.3591 -28.3672 -45.5493 -31.2464  -38.747 -54.7539 -43.1205 -44.7705 -42.4588 -9.84689  -29.559  -26.822 -32.5248 -38.8537 -19.1385 -34.4001   -36.94
-34.8739 -18.4303 -10.9574 -27.8171 -21.5105 -27.5831  -30.974 -29.6171 -63.3263 -22.5609 -21.0381 -36.2023 -40.6316 -33.5907 -26.8564  -33.746  -24.639 -36.1548 -18.9208 -36.7902 -26.3818 -28.6249 -46.9206 -33.7216 -31.1335 -20.9763 -37.0885 -27.3523 -24.9106 -27.6451 -22.3964 -30.4783 -20.5599 -38.1038 -32.1023  -34.626 -21.1316  1.36084 -15.4532 -28.2883
-42.5172 -34.7661 -38.1843 -31.6149 -23.5153 -44.3851 -50.4708  -35.305 -22.5609 -97.1117 -29.7656 -55.0582 -26.0218 -30.0337 -30.3927 -39.3434 -39.1146 -39.4444 -25.4173 -23.8199 -25.9461 -46.2252 -44.0116 -31.8761 -36.2112 -41.2438 -43.0698 -41.5557 -36.4426 -40.0428   -43.52 -32.1589 -23.7953 -34.9553 -35.8993 -43.2837 -37.5046  -24.957 -27.8041 -47.6276
 -25.852  -19.505  -31.636 -43.6155 -38.8214 -33.4454 -67.3476 -37.7106 -21.0381 -29.7656  -83.569 -32.4385  -30.595 -30.2561 -29.4059  -39.601 -41.0426 -37.6502 -27.8467 -33.9816 -26.8347 -42.3721 -36.4495 -41.2723 -33.8144 -36.4849 -53.3537 -23.8721 -38.3474  -56.585 -16.3166  -34.684 -33.7257  -32.175 -27.8994 -40.5515  -37.654 -25.3193 -41.1543 -16.1546
-47.8882 -39.6883 -29.1978  -51.699 -36.2448 -51.2555 -56.4128 -52.8352 -36.2023 -55.0582 -32.4385 -102.535 -46.5953 -42.2122 -33.9855 -44.0947  -49.375 -34.8019 -22.3208 -40.2448 -35.2089 -46.7847 -55.2263 -36.9916 -38.3939 -48.6294  -43.735 -43.3732 -40.3183 -45.4993 -55.7549 -44.9737 -25.9271 -29.7247  -35.638 -38.0438  -45.542 -31.6905 -20.7223 -41.2064
 -35.721 -38.1901 -29.2477 -41.1526 -34.6827 -50.3675 -45.8969 -39.6804 -40.6316 -26.0218  -30.595 -46.5953 -105.899 -20.9026 -32.3715  -49.029 -34.8361 -27.2196 -32.0233 -48.3689 -35.9354 -37.9586 -50.2364 -49.6706  -33.174 -42.3347 -36.9917 -34.5859 -49.8669 -51.5219 -39.2494   -51.18 -29.8043 -35.9115 -46.5555 -22.6475 -62.0965 -29.4697 -39.4857 -36.9919
-25.4503  -18.468 -17.3282  -29.826 -31.2313 -36.3034 -49.1974 -31.0445 -33.5907 -30.0337 -30.2561 -42.2122 -20.9026 -74.6994 -17.5752 -50.0608 -42.0105 -33.8574 -16.0485 -38.0247 -34.8929 -29.1509 -49.8751 -41.5046 -35.7321 -31.5509 -32.5453 -29.6743 -34.2083 -39.9182 -32.3195 -19.0552 -17.6078 -15.4698 -22.3633 -30.3243 -33.2747 -3.59326 -27.2562 -33.1875
-18.2383 -31.5757 -31.4836 -34.5017 -22.5913 -18.1733 -39.1305 -25.1997 -26.8564 -30.3927 -29.4059 -33.9855 -32.3715 -17.5752  -71.281 -28.1817 -24.2267 -51.2576  -18.049 -28.2656  -31.853 -27.2653 -37.8152 -33.4529 -43.2274 -28.5322 -26.0086 -27.0031 -20.0188 -34.9144 -20.9939 -25.2794 -36.3885 -29.9917 -34.0529 -38.6785 -26.6313  -10.598  -24.519 -21.5075
-44.0167 -25.4599  -41.749 -48.5209 -25.9482 -48.0596 -76.2839 -43.7858  -33.746 -39.3434  -39.601 -44.0947  -49.029 -50.0608 -28.1817 -103.525 -31.4666 -32.4616 -18.3422 -45.6223 -38.7185 -33.3215 -61.6088 -57.6343 -43.0635 -31.6181  -34.898 -33.5215 -56.3967 -59.6889 -34.2248 -27.7899 -28.8029  -20.948 -37.2304 -29.2062 -53.3747 -27.5615 -41.9531 -54.0898
-34.4182 -37.5725 -15.7078 -41.7601 -39.3105 -50.6889 -62.5797 -29.9103  -24.639 -39.1146 -41.0426  -49.375 -34.8361 -42.0105 -24.2267 -31.4666 -84.8276 -35.6239 -30.0283 -44.9884 -25.7835 -65.1465 -34.7521 -47.8001 -34.7534  -31.535 -47.8164 -36.5708 -36.6706 -43.9326 -51.7152 -46.5091 -38.8311 -37.3658 -33.7968 -44.3406  -43.934  -30.007 -26.8475 -30.7152
 -33.849 -35.6891 -33.9204 -32.4769 -27.4391 -32.5961 -55.0064 -35.8319 -36.1548 -39.4444 -37.6502 -34.8019 -27.2196 -33.8574 -51.2576 -32.4616 -35.6239 -88.9415 -44.7065 -48.1517 -39.6474 -55.1974 -38.2132 -51.9504 -42.5353 -41.4131 -47.0523  -35.888 -41.6558 -55.1817 -54.6043 -50.3333 -36.0488 -34.8859 -34.6097 -48.7577 -31.8802 -18.8198 -33.2772 -40.9704
-28.2319 -33.2524 -23.5129 -15.6276  -31.957  -31.617 -38.6565 -35.5709 -18.9208 -25.4173 -27.8467 -22.3208 -32.0233 -16.0485  -18.049 -18.3422 -30.0283 -44.7065  -78.122 -35.3582 -34.4963 -36.7134 -22.3841 -29.1144  -28.661 -49.4011 -23.1755 -24.2063 -34.8652 -31.8389 -43.4414 -36.9269 -13.8574 -31.7845 -25.8801 -19.4904 -29.4191 -24.1384 -24.7462 -27.8264
-33.2706 -33.2889 -22.3033 -39.7015 -28.6431   -55.21 -65.4831 -48.5511 -36.7902 -23.8199 -33.9816 -40.2448 -48.3689 -38.0247 -28.2656 -45.6223 -44.9884 -48.1517 -35.3582 -95.8447   -40.32 -46.7928 -47.7153 -53.9362 -32.9215 -32.3393 -49.9266 -26.1382 -40.6472 -49.5845 -49.4003 -60.7418 -29.2204 -35.5843 -34.5579 -40.6254 -40.3012 -19.6547  -32.452 -43.1256
-31.2079 -31.9498 -31.7276 -38.4036 -40.8477 -41.1908 -51.1113 -40.8417 -26.3818 -25.9461 -26.8347 -35.2089 -35.9354 -34.8929  -31.853 -38.7185 -25.7835 -39.6474 -34.4963   -40.32  -75.478 -15.8138 -46.2751 -48.1039 -35.1881 -38.2978 -23.6916 -41.6839 -50.0578 -46.5904 -29.1425 -42.5217 -17.1843 -33.0127 -32.8153 -35.5148 -44.6619  -25.886 -36.7583 -35.8503
-40.4607  -23.895 -19.2362 -44.0378 -33.5362  -54.404 -55.1328 -36.4392 -28.6249 -46.2252 -42.3721 -46.7847 -37.9586 -29.1509 -27.2653 -33.3215 -65.1465 -55.1974 -36.7134 -46.7928 -15.8138  -101.46 -24.0889 -45.3957 -35.3762 -41.5701  -53.877 -36.6894 -35.7721 -47.8876  -56.079 -61.6959 -41.5841 -37.4884 -30.8846 -40.8739  -38.164 -37.0696 -33.3672 -36.1555
-42.4844 -41.6955 -34.1105 -67.3547 -48.4174 -47.8755 -74.7492 -48.0801 -46.9206 -44.0116 -36.4495 -55.2263 -50.2364 -49.8751 -37.8152 -61.6088 -34.7521 -38.2132 -22.3841 -47.7153 -46.2751 -24.0889 -108.391 -50.1024 -51.0656 -39.8391 -47.0767  -41.674 -36.6352 -57.9715 -31.3384 -39.0166 -26.7969 -44.4296 -56.4049  -49.067 -40.9571 -17.6179 -45.0404 -35.1979
-32.3272 -49.5662 -28.9903 -50.6962 -50.3992 -54.6512 -59.7486 -41.3591 -33.7216 -31.8761 -41.2723 -36.9916 -49.6706 -41.5046 -33.4529 -57.6343 -47.8001 -51.9504 -29.1144 -53.9362 -48.1039 -45.3957 -50.1024 -108.996 -36.2168 -26.1983 -35.7279 -40.8298 -54.3823 -57.5006 -52.3088 -44.7667 -33.3638 -33.0813 -35.5424 -44.1658 -44.6463 -34.1705 -30.2995  -49.917
-27.1233 -28.3326 -19.0649 -45.3876 -45.5989 -19.4722 -55.6368 -28.3672 -31.1335 -36.2112 -33.8144 -38.3939  -33.174 -35.7321 -43.2274 -43.0635 -34.7534 -42.5353  -28.661 -32.9215 -35.1881 -35.3762 -51.0656 -36.2168 -80.5434 -38.4634 -25.4113 -34.4262 -37.5382 -27.1518  -35.424 -42.3805  -44.002 -39.4481 -52.1166 -45.0673 -43.3266 -14.8357 -24.5627 -25.9531
-27.2514  -26.338 -42.0923 -42.6717 -42.9825 -35.9195  -55.852 -45.5493 -20.9763 -41.2438 -36.4849 -48.6294 -42.3347 -31.5509 -28.5322 -31.6181  -31.535 -41.4131 -49.4011 -32.3393 -38.2978 -41.5701 -39.8391 -26.1983 -38.4634 -109.469 -43.1817 -18.8884 -51.9484 -58.0918 -45.9938  -45.185 -26.9335 -41.1807 -26.5147 -19.7712 -45.2406 -25.6533 -26.5369 -43.4138
-33.5582 -30.8696 -18.7301 -53.8178  -24.553 -47.5751 -62.5742 -31.2464 -37.0885 -43.0698 -53.3537  -43.735 -36.9917 -32.5453 -26.0086  -34.898 -47.8164 -47.0523 -23.1755 -49.9266 -23.6916  -53.877 -47.0767 -35.7279 -25.4113 -43.1817 -101.236 -29.0944 -34.3241 -62.5348 -38.2541 -40.4122 -47.9448 -48.2323 -19.9454 -40.1108 -22.8687 -27.3056 -28.0995 -48.7312
-55.0107 -37.9749 -19.5095 -43.8627 -28.5555 -55.9193 -39.1867  -38.747 -27.3523 -41.5557 -23.8721 -43.3732 -34.5859 -29.6743 -27.0031 -33.5215 -36.5708  -35.888 -24.2063 -26.1382 -41.6839 -36.6894  -41.674 -40.8298 -34.4262 -18.8884 -29.0944 -83.4812 -42.5882  -29.647 -44.5851 -34.3874 -18.2788 -36.7919 -46.0409 -53.5732 -34.0832 -31.1597 -31.9542  -44.413
-54.4181 -25.3898 -41.5513 -38.8054 -30.2941 -43.2184 -53.5094 -54.7539 -24.9106 -36.4426 -38.3474 -40.3183 -49.8669 -34.2083 -20.0188 -56.3967 -36.6706 -41.6558 -34.8652 -40.6472 -50.0578 -35.7721 -36.6352 -54.3823 -37.5382 -51.9484 -34.3241 -42.5882 -102.852 -63.5535 -42.8936 -51.8605 -22.5029 -31.6769 -41.4805 -44.3098 -50.6416 -31.1114 -30.7517 -44.8379
-45.3728  -42.274 -53.6098 -60.7823  -33.998 -47.5317 -73.1699 -43.1205 -27.6451 -40.0428  -56.585 -45.4993 -51.5219 -39.9182 -34.9144 -59.6889 -43.9326 -55.1817 -31.8389 -49.5845 -46.5904 -47.8876 -57.9715 -57.5006 -27.1518 -58.0918 -62.5348  -29.647 -63.5535 -104.624 -36.5419 -54.0967 -35.9511 -39.4119 -38.3866   -39.13 -48.9076 -38.0844 -51.3217 -43.6862
-52.2338 -50.4423 -29.0221  -35.756 -35.4215 -51.1626 -59.4475 -44.7705 -22.3964   -43.52 -16.3166 -55.7549 -39.2494 -32.3195 -20.9939 -34.2248 -51.7152 -54.6043 -43.4414 -49.4003 -29.1425  -56.079 -31.3384 -52.3088  -35.424 -45.9938 -38.2541 -44.5851 -42.8936 -36.5419 -105.162 -50.7739 -25.5577 -41.5183  -32.588 -36.8217  -48.736 -33.3914 -14.9607 -55.7238
-48.8859 -31.0059 -24.6292  -52.974 -35.4993    -42.9 -66.2444 -42.4588 -30.4783 -32.1589  -34.684 -44.9737   -51.18 -19.0552 -25.2794 -27.7899 -46.5091 -50.3333 -36.9269 -60.7418 -42.5217 -61.6959 -39.0166 -44.7667 -42.3805  -45.185 -40.4122 -34.3874 -51.8605 -54.0967 -50.7739 -106.802 -31.9379 -51.9024 -45.1311 -41.7809 -55.1262 -45.9834 -45.9997 -34.9213
-12.7606 -20.3057  -1.3291 -39.3482 -35.5968 -15.2027 -39.6609 -9.84689 -20.5599 -23.7953 -33.7257 -25.9271 -29.8043 -17.6078 -36.3885 -28.8029 -38.8311 -36.0488 -13.8574 -29.2204 -17.1843 -41.5841 -26.7969 -33.3638  -44.002 -26.9335 -47.9448 -18.2788 -22.5029 -35.9511 -25.5577 -31.9379 -75.1834 -33.8359 -32.5314 -36.7439 -23.9526 -18.3275 -16.1691 -29.0019
-48.2906 -40.0121 -20.4234 -57.7532 -33.1879 -30.3178 -43.4241  -29.559 -38.1038 -34.9553  -32.175 -29.7247 -35.9115 -15.4698 -29.9917  -20.948 -37.3658 -34.8859 -31.7845 -35.5843 -33.0127 -37.4884 -44.4296 -33.0813 -39.4481 -41.1807 -48.2323 -36.7919 -31.6769 -39.4119 -41.5183 -51.9024 -33.8359 -84.2623 -37.7452 -49.3982 -30.3542 -19.7992 -17.2322 -36.4112
-48.1182 -31.9784 -24.6963 -48.1116 -42.8852 -36.3747 -53.1753  -26.822 -32.1023 -35.8993 -27.8994  -35.638 -46.5555 -22.3633 -34.0529 -37.2304 -33.7968 -34.6097 -25.8801 -34.5579 -32.8153 -30.8846 -56.4049 -35.5424 -52.1166 -26.5147 -19.9454 -46.0409 -41.4805 -38.3866  -32.588 -45.1311 -32.5314 -37.7452 -79.4468 -48.8092 -41.8025 -28.0734 -31.7024 -20.7355
-40.2365 -26.8436 -24.6012 -44.8834 -34.4697 -31.4831  -42.316 -32.5248  -34.626 -43.2837 -40.5515 -38.0438 -22.6475 -30.3243 -38.6785 -29.2062 -44.3406 -48.7577 -19.4904 -40.6254 -35.5148 -40.8739  -49.067 -44.1658 -45.0673 -19.7712 -40.1108 -53.5732 -44.3098   -39.13 -36.8217 -41.7809 -36.7439 -49.3982 -48.8092 -88.0489 -32.8837 -11.0633 -18.4564 -29.6164
-35.4332 -31.7699 -44.8918 -24.6419 -31.7847 -38.9876 -70.2376 -38.8537 -21.1316 -37.5046  -37.654  -45.542 -62.0965 -33.2747 -26.6313 -53.3747  -43.934 -31.8802 -29.4191 -40.3012 -44.6619  -38.164 -40.9571 -44.6463 -43.3266 -45.2406 -22.8687 -34.0832 -50.6416 -48.9076  -48.736 -55.1262 -23.9526 -30.3542 -41.8025 -32.8837 -94.5221  -19.203 -39.0693 -27.2524
-37.5529 -34.3443 -8.94878 -48.9925 -38.6049 -43.8528 -47.0291 -19.1385  1.36084  -24.957 -25.3193 -31.6905 -29.4697 -3.59326  -10.598 -27.5615  -30.007 -18.8198 -24.1384 -19.6547  -25.886 -37.0696 -17.6179 -34.1705 -14.8357 -25.6533 -27.3056 -31.1597 -31.1114 -38.0844 -33.3914 -45.9834 -18.3275 -19.7992 -28.0734 -11.0633  -19.203 -79.9133 -40.0543 -29.6971
-34.8802 -21.9947 -22.4958 -36.0816 -28.0023 -37.9558 -61.1065 -34.4001 -15.4532 -27.8041 -41.1543 -20.7223 -39.4857 -27.2562  -24.519 -41.9531 -26.8475 -33.2772 -24.7462  -32.452 -36.7583 -33.3672 -45.0404 -30.2995 -24.5627 -26.5369 -28.0995 -31.9542 -30.7517 -51.3217 -14.9607 -45.9997 -16.1691 -17.2322 -31.7024 -18.4564 -39.0693 -40.0543 -80.9046 -15.7575
-34.8948 -38.1224 -22.6495 -47.8628 -16.2549 -51.9122 -45.3708   -36.94 -28.2883 -47.6276 -16.1546 -41.2064 -36.9919 -33.1875 -21.5075 -54.0898 -30.7152 -40.9704 -27.8264 -43.1256 -35.8503 -36.1555 -35.1979  -49.917 -25.9531 -43.4138 -48.7312  -44.413 -44.8379 -43.6862 -55.7238 -34.9213 -29.0019 -36.4112 -20.7355 -29.6164 -27.2524 -29.6971 -15.7575 -91.6581
  2.53454   2.68701   2.68571   2.15376 -0.645775   2.06522 0.0399358  0.800952   2.08222  0.881177 -0.941957  0.408141  -0.49307  0.726077 -0.363087 -0.868096  0.443411  0.788854   2.61009   1.92931        -0        -0        -0        -0        -0        -0        -0        -0        -0        -0        -0        -0        -0        -0        -0        -0        -0        -0        -0        -0
    2.68701    0.231963     1.73837    0.218964   -0.995915     2.99875 -0.00438001     2.61238     2.57606     2.65556     0.65457     2.12838   -0.483722     2.25014 -0.00280179     2.31921     2.84027     1.30049   -0.243864     1.94643          -0          -0          -0          -0          -0          -0          -0          -0          -0          -0          -0          -0          -0          -0          -0          -0          -0          -0          -0          -0
  2.68571   1.73837    1.2675  0.294753   2.92207   1.14925   2.32777   2.21226   2.58534   2.82457  0.616499    1.1752   2.58264   1.09189  0.143342  0.508208   2.49549   1.38659 0.0829144   2.86443        -0        -0        -0        -0        -0        -0        -0        -0        -0        -0        -0        -0        -0        -0        -0        -0        -0        -0        -0        -0
  2.15376  0.218964  0.294753    2.1588   1.47951   1.49633   2.21288   1.81368   2.32006 -0.354688   1.23151 0.0971075 -0.779946   1.45383    1.1701   2.52124   1.21696   1.01393   2.06856 -0.489479        -0        -0        -0        -0        -0        -0        -0        -0        -0        -0        -0        -0        -0        -0        -0        -0        -0        -0        -0        -0
 -0.645775  -0.995915    2.92207    1.47951    0.60459    2.03476    1.94848    2.17837    2.54639    1.16468    2.78069   0.535149 -0.0536595     2.8318   -0.20136 -0.0958946    2.06913  -0.627208   0.114249  -0.996461         -0         -0         -0         -0         -0         -0         -0         -0         -0         -0         -0         -0         -0         -0         -0         -0         -0         -0         -0         -0
  2.06522   2.99875   1.14925   1.49633   2.03476   2.98863  0.755337  0.495535   0.27472  0.658878  -0.70184 0.0795012   1.51995   1.95789   2.46377  0.642452  0.792068 0.0681606   2.78697 -0.487041        -0        -0        -0        -0        -0        -0        -0        -0        -0        -0        -0        -0        -0        -0        -0        -0        -0        -0        -0        -0
  0.0399358 -0.00438001     2.32777     2.21288     1.94848    0.755337  0.00883463       0.431     1.59265     1.35793     2.58336   -0.667533     1.09786     1.96227    0.238434     2.85692      1.8223     2.03764     2.43114    0.160862          -0          -0          -0          -0          -0          -0          -0          -0          -0          -0          -0          -0          -0          -0          -0          -0          -0          -0          -0          -0
  0.800952    2.61238    2.21226    1.81368    2.17837   0.495535      0.431    2.12236    2.50536    1.42914    2.40235   0.216641    2.03528  -0.288385   0.679582 0.00894432   0.255889   0.908871    2.11482    1.85272         -0         -0         -0         -0         -0         -0         -0         -0         -0         -0         -0         -0         -0         -0         -0         -0         -0         -0         -0         -0
   2.08222    2.57606    2.58534    2.32006    2.54639    0.27472    1.59265    2.50536    1.06703  -0.497981  -0.589179    1.57645    2.81518    2.40726    1.11667    2.87456    2.05091 -0.0118378    1.34795    2.98379         -0         -0         -0         -0         -0         -0         -0         -0         -0         -0         -0         -0         -0         -0         -0         -0         -0         -0         -0         -0
 0.881177   2.65556   2.82457 -0.354688   1.16468  0.658878   1.35793   1.42914 -0.497981 -0.887094 -0.942437   2.07318   1.40481   1.87306   0.52341   2.22788 -0.860742  0.740937 -0.197342   2.06709        -0        -0        -0        -0        -0        -0        -0        -0        -0        -0        -0        -0        -0        -0        -0        -0        -0        -0        -0        -0
 -0.941957    0.65457   0.616499    1.23151    2.78069   -0.70184    2.58336    2.40235  -0.589179  -0.942437  -0.394509    1.96516    0.62624    1.00226   0.136975 -0.0710354    1.84991   0.561619 -0.0100617  -0.247185         -0         -0         -0         -0         -0         -0         -0         -0         -0         -0         -0         -0         -0         -0         -0         -0         -0         -0         -0         -0
 0.408141   2.12838    1.1752 0.0971075  0.535149 0.0795012 -0.667533  0.216641   1.57645   2.07318   1.96516   1.63449  0.223322   2.91419   2.84275  -0.48853   2.18282   1.43157 -0.863194   2.59388        -0        -0        -0        -0        -0        -0        -0        -0        -0        -0        -0        -0        -0        -0        -0        -0        -0        -0        -0        -0
  -0.49307  -0.483722    2.58264  -0.779946 -0.0536595    1.51995    1.09786    2.03528    2.81518    1.40481    0.62624   0.223322   0.533186    2.38934  -0.226454  -0.774926    2.45847   0.581208    2.10314    2.82323         -0         -0         -0         -0         -0         -0         -0         -0         -0         -0         -0         -0         -0         -0         -0         -0         -0         -0         -0         -0
 0.726077   2.25014   1.09189   1.45383    2.8318   1.95789   1.96227 -0.288385   2.40726   1.87306   1.00226   2.91419   2.38934  0.584892   2.22886   1.07231 -0.641886 0.0571126   2.37653   0.83573        -0        -0        -0        -0        -0        -0        -0        -0        -0        -0        -0        -0        -0        -0        -0        -0        -0        -0        -0        -0
  -0.363087 -0.00280179    0.143342      1.1701    -0.20136     2.46377    0.238434    0.679582     1.11667     0.52341    0.136975     2.84275   -0.226454     2.22886     1.29657     1.68157     1.70406   -0.351469     1.15073     1.66244          -0          -0          -0          -0          -0          -0          -0          -0          -0          -0          -0          -0          -0          -0          -0          -0          -0          -0          -0          -0
 -0.868096    2.31921   0.508208    2.52124 -0.0958946   0.642452    2.85692 0.00894432    2.87456    2.22788 -0.0710354   -0.48853  -0.774926    1.07231    1.68157  0.0237137  -0.637424  -0.349659    2.47594  -0.062524         -0         -0         -0         -0         -0         -0         -0         -0         -0         -0         -0         -0         -0         -0         -0         -0         -0         -0         -0         -0
 0.443411   2.84027   2.49549   1.21696   2.06913  0.792068    1.8223  0.255889   2.05091 -0.860742   1.84991   2.18282   2.45847 -0.641886   1.70406 -0.637424   1.00057   1.84918 -0.555309  0.622704        -0        -0        -0        -0        -0        -0        -0        -0        -0        -0        -0        -0        -0        -0        -0        -0        -0        -0        -0        -0
  0.788854    1.30049    1.38659    1.01393  -0.627208  0.0681606    2.03764   0.908871 -0.0118378   0.740937   0.561619    1.43157   0.581208  0.0571126  -0.351469  -0.349659    1.84918    2.47083   0.188375    1.09358         -0         -0         -0         -0         -0         -0         -0         -0         -0         -0         -0         -0         -0         -0         -0         -0         -0         -0         -0         -0
   2.61009  -0.243864  0.0829144    2.06856   0.114249    2.78697    2.43114    2.11482    1.34795  -0.197342 -0.0100617  -0.863194    2.10314    2.37653    1.15073    2.47594  -0.555309   0.188375   0.384807  -0.947709         -0         -0         -0         -0         -0         -0         -0         -0         -0         -0         -0         -0         -0         -0         -0         -0         -0         -0         -0         -0
  1.92931   1.94643   2.86443 -0.489479 -0.996461 -0.487041  0.160862   1.85272   2.98379   2.06709 -0.247185   2.59388   2.82323   0.83573   1.66244 -0.062524  0.622704   1.09358 -0.947709   2.97066        -0        -0        -0        -0        -0        -0        -0        -0        -0        -0        -0        -0        -0        -0        -0        -0        -0        -0        -0        -0
        -0         -0         -0         -0         -0         -0         -0         -0         -0         -0         -0         -0         -0         -0         -0         -0         -0         -0         -0         -0   -2.53454   -2.68701   -2.68571   -2.15376   0.645775   -2.06522 -0.0399358  -0.800952   -2.08222  -0.881177   0.941957  -0.408141    0.49307  -0.726077   0.363087   0.868096  -0.443411  -0.788854   -2.61009   -1.92931
        -0         -0         -0         -0         -0         -0         -0         -0         -0         -0         -0         -0         -0         -0         -0         -0         -0         -0         -0         -0   -2.68701  -0.231963   -1.73837  -0.218964   0.995915   -2.99875 0.00438001   -2.61238   -2.57606   -2.65556   -0.65457   -2.12838   0.483722   -2.25014 0.00280179   -2.31921   -2.84027   -1.30049   0.243864   -1.94643
        -0         -0         -0         -0         -0         -0         -0         -0         -0         -0         -0         -0         -0         -0         -0         -0         -0         -0         -0         -0   -2.68571   -1.73837    -1.2675  -0.294753   -2.92207   -1.14925   -2.32777   -2.21226   -2.58534   -2.82457  -0.616499    -1.1752   -2.58264   -1.09189  -0.143342  -0.508208   -2.49549   -1.38659 -0.0829144   -2.86443
        -0         -0         -0         -0         -0         -0         -0         -0         -0         -0         -0         -0         -0         -0         -0         -0         -0         -0         -0         -0   -2.15376  -0.218964  -0.294753    -2.1588   -1.47951   -1.49633   -2.21288   -1.81368   -2.32006   0.354688   -1.23151 -0.0971075   0.779946   -1.45383    -1.1701   -2.52124   -1.21696   -1.01393   -2.06856   0.489479
       -0        -0        -0        -0        -0        -0        -0        -0        -0        -0        -0        -0        -0        -0        -0        -0        -0        -0        -0        -0  0.645775  0.995915  -2.92207  -1.47951  -0.60459  -2.03476  -1.94848  -2.17837  -2.54639  -1.16468  -2.78069 -0.535149 0.0536595   -2.8318   0.20136 0.0958946  -2.06913  0.627208 -0.114249  0.996461
        -0         -0         -0         -0         -0         -0         -0         -0         -0         -0         -0         -0         -0         -0         -0         -0         -0         -0         -0         -0   -2.06522   -2.99875   -1.14925   -1.49633   -2.03476   -2.98863  -0.755337  -0.495535   -0.27472  -0.658878    0.70184 -0.0795012   -1.51995   -1.95789   -2.46377  -0.642452  -0.792068 -0.0681606   -2.78697   0.487041
         -0          -0          -0          -0          -0          -0          -0          -0          -0          -0          -0          -0          -0          -0          -0          -0          -0          -0          -0          -0  -0.0399358  0.00438001    -2.32777    -2.21288    -1.94848   -0.755337 -0.00883463      -0.431    -1.59265    -1.35793    -2.58336    0.667533    -1.09786    -1.96227   -0.238434    -2.85692     -1.8223    -2.03764    -2.43114   -0.160862
         -0          -0          -0          -0          -0          -0          -0          -0          -0          -0          -0          -0          -0          -0          -0          -0          -0          -0          -0          -0   -0.800952    -2.61238    -2.21226    -1.81368    -2.17837   -0.495535      -0.431    -2.12236    -2.50536    -1.42914    -2.40235   -0.216641    -2.03528    0.288385   -0.679582 -0.00894432   -0.255889   -0.908871    -2.11482    -1.85272
       -0        -0        -0        -0        -0        -0        -0        -0        -0        -0        -0        -0        -0        -0        -0        -0        -0        -0        -0        -0  -2.08222  -2.57606  -2.58534  -2.32006  -2.54639  -0.27472  -1.59265  -2.50536  -1.06703  0.497981  0.589179  -1.57645  -2.81518  -2.40726  -1.11667  -2.87456  -2.05091 0.0118378  -1.34795  -2.98379
       -0        -0        -0        -0        -0        -0        -0        -0        -0        -0        -0        -0        -0        -0        -0        -0        -0        -0        -0        -0 -0.881177  -2.65556  -2.82457  0.354688  -1.16468 -0.658878  -1.35793  -1.42914  0.497981  0.887094  0.942437  -2.07318  -1.40481  -1.87306  -0.52341  -2.22788  0.860742 -0.740937  0.197342  -2.06709
       -0        -0        -0        -0        -0        -0        -0        -0        -0        -0        -0        -0        -0        -0        -0        -0        -0        -0        -0        -0  0.941957  -0.65457 -0.616499  -1.23151  -2.78069   0.70184  -2.58336  -2.40235  0.589179  0.942437  0.394509  -1.96516  -0.62624  -1.00226 -0.136975 0.0710354  -1.84991 -0.561619 0.0100617  0.247185
        -0         -0         -0         -0         -0         -0         -0         -0         -0         -0         -0         -0         -0         -0         -0         -0         -0         -0         -0         -0  -0.408141   -2.12838    -1.1752 -0.0971075  -0.535149 -0.0795012   0.667533  -0.216641   -1.57645   -2.07318   -1.96516   -1.63449  -0.223322   -2.91419   -2.84275    0.48853   -2.18282   -1.43157   0.863194   -2.59388
       -0        -0        -0        -0        -0        -0        -0        -0        -0        -0        -0        -0        -0        -0        -0        -0        -0        -0        -0        -0   0.49307  0.483722  -2.58264  0.779946 0.0536595  -1.51995  -1.09786  -2.03528  -2.81518  -1.40481  -0.62624 -0.223322 -0.533186  -2.38934  0.226454  0.774926  -2.45847 -0.581208  -2.10314  -2.82323
        -0         -0         -0         -0         -0         -0         -0         -0         -0         -0         -0         -0         -0         -0         -0         -0         -0         -0         -0         -0  -0.726077   -2.25014   -1.09189   -1.45383    -2.8318   -1.95789   -1.96227   0.288385   -2.40726   -1.87306   -1.00226   -2.91419   -2.38934  -0.584892   -2.22886   -1.07231   0.641886 -0.0571126   -2.37653   -0.83573
        -0         -0         -0         -0         -0         -0         -0         -0         -0         -0         -0         -0         -0         -0         -0         -0         -0         -0         -0         -0   0.363087 0.00280179  -0.143342    -1.1701    0.20136   -2.46377  -0.238434  -0.679582   -1.11667   -0.52341  -0.136975   -2.84275   0.226454   -2.22886   -1.29657   -1.68157   -1.70406   0.351469   -1.15073   -1.66244
         -0          -0          -0          -0          -0          -0          -0          -0          -0          -0          -0          -0          -0          -0          -0          -0          -0          -0          -0          -0    0.868096    -2.31921   -0.508208    -2.52124   0.0958946   -0.642452    -2.85692 -0.00894432    -2.87456    -2.22788   0.0710354     0.48853    0.774926    -1.07231    -1.68157  -0.0237137    0.637424    0.349659    -2.47594    0.062524
       -0        -0        -0        -0        -0        -0        -0        -0        -0        -0        -0        -0        -0        -0        -0        -0        -0        -0        -0        -0 -0.443411  -2.84027  -2.49549  -1.21696  -2.06913 -0.792068   -1.8223 -0.255889  -2.05091  0.860742  -1.84991  -2.18282  -2.45847  0.641886  -1.70406  0.637424  -1.00057  -1.84918  0.555309 -0.622704
        -0         -0         -0         -0         -0         -0         -0         -0         -0         -0         -0         -0         -0         -0         -0         -0         -0         -0         -0         -0  -0.788854   -1.30049   -1.38659   -1.01393   0.627208 -0.0681606   -2.03764  -0.908871  0.0118378  -0.740937  -0.561619   -1.43157  -0.581208 -0.0571126   0.351469   0.349659   -1.84918   -2.47083  -0.188375   -1.09358
        -0         -0         -0         -0         -0         -0         -0         -0         -0         -0         -0         -0         -0         -0         -0         -0         -0         -0         -0         -0   -2.61009   0.243864 -0.0829144   -2.06856  -0.114249   -2.78697   -2.43114   -2.11482   -1.34795   0.197342  0.0100617   0.863194   -2.10314   -2.37653   -1.15073   -2.47594   0.555309  -0.188375  -0.384807   0.947709
       -0        -0        -0        -0        -0        -0        -0        -0        -0        -0        -0        -0        -0        -0        -0        -0        -0        -0        -0        -0  -1.92931  -1.94643  -2.86443  0.489479  0.996461  0.487041 -0.160862  -1.85272  -2.98379  -2.06709  0.247185  -2.59388  -2.82323  -0.83573  -1.66244  0.062524 -0.622704  -1.09358  0.947709  -2.97066
  1.89624   2.11436 -0.761571   0.82083 -0.946204 -0.145121   2.64874   1.87541 -0.412143   1.67557   2.72177 -0.350042    2.5412   1.36799   1.20305   2.54598  0.838874  0.484324   2.35641  0.489703        -0        -0        -0        -0        -0        -0        -0        -0        -0        -0        -0        -0        -0        -0        -0        -0        -0        -0        -0        -0
  2.11436  0.415622 -0.451904   1.90361   2.10999 -0.220347 -0.472136   1.20854    1.5651  0.839226    1.7775 -0.780011  0.691098   1.16111 -0.331015   2.28732   2.92454 -0.734262   2.38627   2.83549        -0        -0        -0        -0        -0        -0        -0        -0        -0        -0        -0        -0        -0        -0        -0        -0        -0        -0        -0        -0
-0.761571 -0.451904 0.0328182 -0.883843  0.722449  0.987704   2.40514 -0.111693  0.109754   2.15171   1.75147   2.05536   1.27259   1.51692   1.60253 -0.668857 -0.849079 -0.162019  0.250456  0.704457        -0        -0        -0        -0        -0        -0        -0        -0        -0        -0        -0        -0        -0        -0        -0        -0        -0        -0        -0        -0
   0.82083    1.90361  -0.883843    1.79041   0.987287    2.83351    2.78337    1.57636  -0.802128  -0.409098    1.62999 -0.0197908     1.4923     2.1779    2.80191     2.5648  -0.717231    1.14963    1.41076    2.83159         -0         -0         -0         -0         -0         -0         -0         -0         -0         -0         -0         -0         -0         -0         -0         -0         -0         -0         -0         -0
-0.946204   2.10999  0.722449  0.987287  0.401348   2.53556   2.46308 -0.216727   2.32206 -0.706787 0.0434067  0.907479  0.237388   1.09916  0.218027  0.906038   2.98162   1.46078   1.11673    1.0896        -0        -0        -0        -0        -0        -0        -0        -0        -0        -0        -0        -0        -0        -0        -0        -0        -0        -0        -0        -0
-0.145121 -0.220347  0.987704   2.83351   2.53556  0.668567  0.650736 -0.866117  0.873224  0.135408 -0.639082   1.73399   2.18808   1.62475   1.30558    2.4187 -0.662044   2.08582  0.917442 -0.531985        -0        -0        -0        -0        -0        -0        -0        -0        -0        -0        -0        -0        -0        -0        -0        -0        -0        -0        -0        -0
  2.64874 -0.472136   2.40514   2.78337   2.46308  0.650736   2.77379   2.67866   2.34344  0.969309    1.3215 -0.367481  0.736618 0.0312126   2.30825 -0.178981 -0.174172 -0.967042   2.37114    1.1551        -0        -0        -0        -0        -0        -0        -0        -0        -0        -0        -0        -0        -0        -0        -0        -0        -0        -0        -0        -0
  1.87541   1.20854 -0.111693   1.57636 -0.216727 -0.866117   2.67866   2.09888  0.747584 -0.602064    2.4432  0.468193  0.919085   1.39814 -0.498942   2.71283   1.66344   1.96141   -0.7341 -0.318331        -0        -0        -0        -0        -0        -0        -0        -0        -0        -0        -0        -0        -0        -0        -0        -0        -0        -0        -0        -0
-0.412143    1.5651  0.109754 -0.802128   2.32206  0.873224   2.34344  0.747584 -0.842327    1.8929  0.649022  0.756063   1.07289 0.0540631   1.64115 -0.757119  0.556205 -0.358085   2.40545 -0.942598        -0        -0        -0        -0        -0        -0        -0        -0        -0        -0        -0        -0        -0        -0        -0        -0        -0        -0        -0        -0
  1.67557  0.839226   2.15171 -0.409098 -0.706787  0.135408  0.969309 -0.602064    1.8929  0.765153  0.111878   1.03241  0.378872   1.32773 -0.717218   2.99632   2.76702   1.41735  -0.95564   2.14204        -0        -0        -0        -0        -0        -0        -0        -0        -0        -0        -0        -0        -0        -0        -0        -0        -0        -0        -0        -0
  2.72177    1.7775   1.75147   1.62999 0.0434067 -0.639082    1.3215    2.4432  0.649022  0.111878 -0.605418   0.18658  0.493684 -0.653872  0.540153   2.59252   1.39932   1.10319   1.65795 -0.170056        -0        -0        -0        -0        -0        -0        -0        -0        -0        -0        -0        -0        -0        -0        -0        -0        -0        -0        -0        -0
 -0.350042  -0.780011    2.05536 -0.0197908   0.907479    1.73399  -0.367481   0.468193   0.756063    1.03241    0.18658   0.477829    1.72284  -0.404741 0.00913963    1.44593   0.102182    1.48079   -0.11023    2.41381         -0         -0         -0         -0         -0         -0         -0         -0         -0         -0         -0         -0         -0         -0         -0         -0         -0         -0         -0         -0
   2.5412  0.691098   1.27259    1.4923  0.237388   2.18808  0.736618  0.919085   1.07289  0.378872  0.493684   1.72284  0.598861 -0.981173   1.44389 -0.334696   2.05435   1.34189 -0.689902   1.52831        -0        -0        -0        -0        -0        -0        -0        -0        -0        -0        -0        -0        -0        -0        -0        -0        -0        -0        -0        -0
  1.36799   1.16111   1.51692    2.1779   1.09916   1.62475 0.0312126   1.39814 0.0540631   1.32773 -0.653872 -0.404741 -0.981173   1.61871 -0.942924   1.19505   1.73047   1.25411   2.49593    1.0804        -0        -0        -0        -0        -0        -0        -0        -0        -0        -0        -0        -0        -0        -0        -0        -0        -0        -0        -0        -0
   1.20305  -0.331015    1.60253    2.80191   0.218027    1.30558    2.30825  -0.498942    1.64115  -0.717218   0.540153 0.00913963    1.44389  -0.942924  -0.812964    1.24784  -0.333014    1.76356     2.0394   0.824568         -0         -0         -0         -0         -0         -0         -0         -0         -0         -0         -0         -0         -0         -0         -0         -0         -0         -0         -0         -0
   2.54598    2.28732  -0.668857     2.5648   0.906038     2.4187  -0.178981    2.71283  -0.757119    2.99632    2.59252    1.44593  -0.334696    1.19505    1.24784   0.883331 -0.0396155    1.32351    1.77088   -0.35496         -0         -0         -0         -0         -0         -0         -0         -0         -0         -0         -0         -0         -0         -0         -0         -0         -0         -0         -0         -0
  0.838874    2.92454  -0.849079  -0.717231    2.98162  -0.662044  -0.174172    1.66344   0.556205    2.76702    1.39932   0.102182    2.05435    1.73047  -0.333014 -0.0396155    1.14917    1.59207    1.58175    2.99784         -0         -0         -0         -0         -0         -0         -0         -0         -0         -0         -0         -0         -0         -0         -0         -0         -0         -0         -0         -0
 0.484324 -0.734262 -0.162019   1.14963   1.46078   2.08582 -0.967042   1.96141 -0.358085   1.41735   1.10319   1.48079   1.34189   1.25411   1.76356   1.32351   1.59207   2.58939   2.07236  0.195709        -0        -0        -0        -0        -0        -0        -0        -0        -0        -0        -0        -0        -0        -0        -0        -0        -0        -0        -0        -0
  2.35641   2.38627  0.250456   1.41076   1.11673  0.917442   2.37114   -0.7341   2.40545  -0.95564   1.65795  -0.11023 -0.689902   2.49593    2.0394   1.77088   1.58175   2.07236  0.732293  -0.08906        -0        -0        -0        -0        -0        -0        -0        -0        -0        -0        -0        -0        -0        -0        -0        -0        -0        -0        -0        -0
