40
1
40
 -0.142452  -0.191562  0.0290738   0.143753  -0.275335    0.46678  -0.153741   0.149048  0.0224124    0.10042  -0.273843   0.165491 -0.0990408  0.0305102  0.0376536  -0.196457 -0.0768026   -0.24837 -0.0298409  -0.160493 -0.0998379   0.154015  0.0440023  -0.132127  0.0344085 -0.0593817  -0.114606 -0.0875409 -0.0106143   0.227371 -0.0690741 -0.0848601  0.0829178 -0.0865774  -0.154938  0.0764803    0.11917  -0.147493   0.257198  -0.187881
-70.8168 -27.5313 -26.6255  -24.553 -22.4928 -26.0265  -29.526 -24.8148 -23.3387 -24.4234  -20.132 -36.4235 -31.7458  -38.536 -32.1666 -29.6206  -24.387 -57.1248 -35.7835 -36.1303 -35.2222 -26.6179  -36.467 -26.2607 -47.0214 -33.6419 -45.9798 -34.6186 -22.7291  -30.516 -47.4392  -27.716 -37.1385 -39.6288 -32.7861 -31.8427 -20.0906 -45.2376 -22.3014 -31.3488
-27.5313 -103.653 -42.9394 -47.8056  -35.373 -51.2182 -47.9513 -43.4077 -42.9368 -11.8057 -35.9379  -37.601 -55.8238 -45.0871 -32.8855 -13.0915 -31.0969 -68.4757 -23.5856 -33.1488  -11.141  -30.437 -50.2098 -23.3963 -61.2499 -38.8973 -54.8317 -58.7483 -26.9816 -34.8486 -18.1488 -24.7535 -40.8878 -53.6897 -34.9365 -43.5525 -41.2855 -43.1281 -29.1052 -63.4569
-26.6255 -42.9394 -103.553 -53.3792 -42.6508 -33.6339 -58.9704 -27.2977 -26.0236 -19.7265  -33.832  -33.793 -31.1431 -34.4124 -30.9302 -11.7052 -50.4648 -52.9871 -32.2042 -33.4961 -38.7747 -33.4107 -50.3732 -36.3125 -41.3388 -22.1477 -54.3769 -47.9569 -23.2213 -26.2224 -27.3638  -33.107 -8.62589 -51.3115 -29.5308 -58.3926 -32.1241  -53.734 -5.31899 -57.3235
 -24.553 -47.8056 -53.3792 -95.6468 -45.4505 -46.8297 -35.8037 -31.9453 -41.9197 -34.5575 -28.3683 -16.9636 -47.7794 -39.4468 -37.1319 -13.4236  -50.486 -61.6034 -32.6881 -36.4038 -30.0432 -38.4661  -33.024 -29.6497 -63.5277 -19.2022 -48.5456 -49.9512 -37.3485 -49.0856 -28.6389 -29.5145 -21.0289 -59.7924 -40.3563 -34.8469 -38.1561 -67.5475 -30.8666 -55.6661
-22.4928  -35.373 -42.6508 -45.4505 -103.822 -58.0884 -45.3584 -33.4101 -30.1691 -33.2924 -34.7364 -41.0963 -58.3021 -40.0792  -28.201 -30.1682 -39.9999 -57.8482 -49.8579 -23.6131 -30.0434 -52.8444 -37.7562 -38.2403 -55.1312 -32.4751 -53.8063 -35.5104  -40.555 -56.4129 -43.8292 -30.8207 -31.8559 -51.8064 -48.0516 -44.5682 -44.0289 -42.2697 -46.3546 -57.6742
-26.0265 -51.2182 -33.6339 -46.8297 -58.0884 -114.484 -55.9086 -48.1684 -36.6848 -36.8342 -23.6776 -40.2183 -38.6594 -53.5355 -43.7911 -18.0261 -47.8381 -60.6069 -29.5577 -26.7604 -27.0472 -42.6081  -41.767 -30.8191 -64.8261  -44.153 -50.4564 -41.5629 -29.6323 -41.4075  -27.698 -43.3812   -40.94 -41.2489 -38.4145 -44.6435 -32.7899  -53.645 -45.8503 -54.6652
 -29.526 -47.9513 -58.9704 -35.8037 -45.3584 -55.9086 -94.1938 -44.6065 -39.9431 -26.5434 -47.1822 -48.1236 -43.1263 -34.1248 -40.5885 -23.0133  -50.671 -73.4344 -44.1557 -34.5613 -30.5299 -35.0536 -54.6758 -49.2676 -57.3832 -42.6267 -50.1759 -46.8654 -36.1027 -42.8151 -43.2781 -30.8866 -30.9097 -49.2466 -23.4801 -55.5967 -43.4721 -57.9657 -19.8519 -68.5125
-24.8148 -43.4077 -27.2977 -31.9453 -33.4101 -48.1684 -44.6065 -78.1963  -32.951 -12.9558 -29.0494 -46.6712 -49.5829 -48.0277 -32.9894 -32.0891 -40.8011  -55.879 -34.6444 -36.0978 -31.1523 -40.3594 -41.9206 -39.4811 -50.7996 -27.3361 -50.4123 -30.8561 -11.2491 -32.7902 -26.9125 -36.8238  -21.981 -50.4986  -30.703 -40.2599 -45.9792 -41.3508 -28.5712 -36.1756
-23.3387 -42.9368 -26.0236 -41.9197 -30.1691 -36.6848 -39.9431  -32.951 -85.9228 -8.69882 -39.2133 -27.5652  -55.126 -28.7237 -31.1113 -15.5027 -33.0164 -50.5823 -33.4567  -31.152 -21.9395 -13.2684 -33.8923 -22.9464 -46.7264 -12.4329 -50.7798 -41.7187 -14.9629 -44.8117 -25.5938 -22.3295 -26.7002 -32.0763 -24.0883 -27.8182 -41.8529 -41.6254 -33.2398 -43.7775
-24.4234 -11.8057 -19.7265 -34.5575 -33.2924 -36.8342 -26.5434 -12.9558 -8.69882  -51.477  -18.854 -18.1671 -18.1814 -11.2161  -22.717 -19.0375 -25.3153 -36.8408 -28.2208 -17.1938 -23.5346 -39.2559 -17.7779  -33.075  -34.963 -23.9436 -24.4509 -27.4323 -30.1883 -32.3649 -25.4727 -31.2579 -20.4845 -33.4025 -27.8869 -22.8674 -29.8219 -35.3654 -12.5919 -31.5888
 -20.132 -35.9379  -33.832 -28.3683 -34.7364 -23.6776 -47.1822 -29.0494 -39.2133  -18.854 -77.1865 -39.4098 -40.0179 -26.8301 -33.3248 -33.6107 -25.0491 -57.3384 -31.6478 -20.2486 -23.9671 -37.9854 -25.9509 -24.8704 -33.2383 -16.5508 -47.7818 -36.9097 -37.6484 -32.0315 -36.8102 -27.8206 -27.4227 -44.6163 -37.1119 -31.5405 -60.2974 -35.9598  -33.414 -52.5197
-36.4235  -37.601  -33.793 -16.9636 -41.0963 -40.2183 -48.1236 -46.6712 -27.5652 -18.1671 -39.4098 -96.1399  -52.952 -40.9333 -49.0409 -37.4893 -44.8653  -73.173  -50.959 -46.1677 -37.1397 -40.1703 -44.2039 -37.4253 -54.6673 -48.9192 -65.2132 -37.7396 -30.3255 -46.2268 -44.4701 -36.4175 -45.7198   -43.35 -40.8764 -55.3997 -43.9448 -37.4023 -41.7635 -54.4392
-31.7458 -55.8238 -31.1431 -47.7794 -58.3021 -38.6594 -43.1263 -49.5829  -55.126 -18.1814 -40.0179  -52.952   -100.8 -40.7025  -43.712 -38.3875   -38.55 -77.8145 -57.7498 -46.5669 -28.2615  -50.698 -50.2632 -47.8125 -66.9327 -42.0799 -79.2162 -46.3969 -32.3706 -69.3804 -48.6695 -35.3652 -41.8077 -46.9775 -54.4246 -49.7143 -60.2202 -54.8508 -38.2499 -63.7338
 -38.536 -45.0871 -34.4124 -39.4468 -40.0792 -53.5355 -34.1248 -48.0277 -28.7237 -11.2161 -26.8301 -40.9333 -40.7025 -92.0006 -33.6863 -28.7694 -33.2024 -62.0202  -40.654 -29.9268 -33.1055 -31.9728 -51.1511 -14.8071 -53.7245 -28.3353 -47.5308 -32.9581 -24.6492 -48.0397 -46.0386 -33.7314 -34.2456 -39.6582 -32.6931 -47.8245 -37.1404  -49.049 -36.2771 -40.0696
-32.1666 -32.8855 -30.9302 -37.1319  -28.201 -43.7911 -40.5885 -32.9894 -31.1113  -22.717 -33.3248 -49.0409  -43.712 -33.6863 -87.8335 -35.0232 -63.3654  -57.439 -30.6223 -46.8096 -34.4674 -32.1432 -28.3393 -31.9958  -58.874 -35.0499 -48.8822 -32.1786 -30.0295  -31.214 -47.3458 -45.3383  -34.892 -30.2708 -48.5758 -44.6949 -44.9173 -40.7988 -40.8007 -49.9401
-29.6206 -13.0915 -11.7052 -13.4236 -30.1682 -18.0261 -23.0133 -32.0891 -15.5027 -19.0375 -33.6107 -37.4893 -38.3875 -28.7694 -35.0232 -69.1096 -28.1364  -49.316 -37.3939  -30.657 -18.5857 -48.3475 -23.8881 -30.5833 -21.5267 -24.9334 -33.0085 -26.0804 -21.3073 -38.4902 -45.1545 -29.1147 -23.6637 -29.9211 -40.1953 -21.1911 -33.8678 -23.2759 -33.1901 -25.4898
 -24.387 -31.0969 -50.4648  -50.486 -39.9999 -47.8381  -50.671 -40.8011 -33.0164 -25.3153 -25.0491 -44.8653   -38.55 -33.2024 -63.3654 -28.1364 -95.3162  -56.639 -36.5998  -48.388 -35.5953 -31.9891 -29.0946 -57.1665 -62.7427 -26.9387 -38.0625 -27.4303 -26.9119 -27.6342 -35.7781 -36.7124 -32.6078 -46.9531 -46.8762 -44.3505 -36.1214 -41.6369 -33.7379 -44.5258
-57.1248 -68.4757 -52.9871 -61.6034 -57.8482 -60.6069 -73.4344  -55.879 -50.5823 -36.8408 -57.3384  -73.173 -77.8145 -62.0202  -57.439  -49.316  -56.639 -143.203 -70.9273 -53.6022 -38.6596 -58.0833  -68.133 -68.7949 -79.6319 -62.2177 -79.8365 -57.0718 -71.0163  -75.683 -68.5014 -35.7964 -67.6142 -81.0588  -54.332 -67.5182  -70.682 -59.8075 -41.6295 -87.9598
-35.7835 -23.5856 -32.2042 -32.6881 -49.8579 -29.5577 -44.1557 -34.6444 -33.4567 -28.2208 -31.6478  -50.959 -57.7498  -40.654 -30.6223 -37.3939 -36.5998 -70.9273 -94.8183 -52.9322 -36.3476 -42.6723 -41.7524 -53.3053 -61.3911 -37.1636 -54.7908 -20.0075 -28.8946 -64.1194 -57.4256 -35.4597 -28.6499  -48.703 -24.1106 -45.1308 -39.7547 -43.4782 -33.2597 -64.7163
-36.1303 -33.1488 -33.4961 -36.4038 -23.6131 -26.7604 -34.5613 -36.0978  -31.152 -17.1938 -20.2486 -46.1677 -46.5669 -29.9268 -46.8096  -30.657  -48.388 -53.6022 -52.9322 -76.6216 -33.9188 -36.0148 -37.6487 -42.8282  -60.465 -34.7392 -48.7827 -28.8665 -13.0728 -40.9286 -36.7066 -32.0221 -20.3968 -39.5214 -31.7642 -34.4451 -25.6515 -48.0738 -37.8203 -48.3981
-35.2222  -11.141 -38.7747 -30.0432 -30.0434 -27.0472 -30.5299 -31.1523 -21.9395 -23.5346 -23.9671 -37.1397 -28.2615 -33.1055 -34.4674 -18.5857 -35.5953 -38.6596 -36.3476 -33.9188  -76.057 -33.1724 -30.5667 -39.8874 -41.1507 -14.3909 -34.1058 -29.3764 -17.6526 -25.0926 -28.4048 -23.0349 -10.5812 -35.2614  -27.771 -36.8493 -26.2248  -50.042 -23.3916 -21.8474
-26.6179  -30.437 -33.4107 -38.4661 -52.8444 -42.6081 -35.0536 -40.3594 -13.2684 -39.2559 -37.9854 -40.1703  -50.698 -31.9728 -32.1432 -48.3475 -31.9891 -58.0833 -42.6723 -36.0148 -33.1724 -85.9224 -22.4403 -42.8816 -40.0181 -40.7544 -54.0362 -41.1027 -40.0879  -53.317 -46.2477 -35.9567 -22.8821 -47.0806 -52.8418 -45.3292 -55.8301 -41.0775 -38.6166 -46.5225
 -36.467 -50.2098 -50.3732  -33.024 -37.7562  -41.767 -54.6758 -41.9206 -33.8923 -17.7779 -25.9509 -44.2039 -50.2632 -51.1511 -28.3393 -23.8881 -29.0946  -68.133 -41.7524 -37.6487 -30.5667 -22.4403 -97.1732 -34.2384  -63.472 -38.2731 -61.3744 -39.2086 -34.9662 -54.7218 -29.3696 -33.6598 -46.7768 -40.8668  -27.081 -52.6384  -28.055 -72.3681  -16.302 -62.8434
-26.2607 -23.3963 -36.3125 -29.6497 -38.2403 -30.8191 -49.2676 -39.4811 -22.9464  -33.075 -24.8704 -37.4253 -47.8125 -14.8071 -31.9958 -30.5833 -57.1665 -68.7949 -53.3053 -42.8282 -39.8874 -42.8816 -34.2384 -97.5369  -43.477 -30.3282 -33.5703 -27.1032 -31.7183 -35.0545  -39.518 -18.0027 -35.8287 -50.6542 -39.0156 -45.6041 -41.6753 -38.0233  -21.311 -34.5996
-47.0214 -61.2499 -41.3388 -63.5277 -55.1312 -64.8261 -57.3832 -50.7996 -46.7264  -34.963 -33.2383 -54.6673 -66.9327 -53.7245  -58.874 -21.5267 -62.7427 -79.6319 -61.3911  -60.465 -41.1507 -40.0181  -63.472  -43.477 -129.009 -53.1845 -72.7035 -38.3083 -38.8039 -64.8263 -49.2091 -57.7448 -47.6534  -64.021 -40.1323 -51.6807 -47.5936 -76.4915 -53.3787 -83.5069
-33.6419 -38.8973 -22.1477 -19.2022 -32.4751  -44.153 -42.6267 -27.3361 -12.4329 -23.9436 -16.5508 -48.9192 -42.0799 -28.3353 -35.0499 -24.9334 -26.9387 -62.2177 -37.1636 -34.7392 -14.3909 -40.7544 -38.2731 -30.3282 -53.1845 -76.0251 -49.0746 -33.2573 -34.8923 -40.6142 -47.8264 -30.5367 -33.2967 -25.7707 -15.6072 -50.4202  -27.782 -51.1402 -27.0135 -54.5932
-45.9798 -54.8317 -54.3769 -48.5456 -53.8063 -50.4564 -50.1759 -50.4123 -50.7798 -24.4509 -47.7818 -65.2132 -79.2162 -47.5308 -48.8822 -33.0085 -38.0625 -79.8365 -54.7908 -48.7827 -34.1058 -54.0362 -61.3744 -33.5703 -72.7035 -49.0746 -112.099 -56.0615 -40.3841 -62.3823 -49.1284 -50.0871 -44.9607 -50.7442 -53.2972 -63.5962 -60.4289 -65.6704 -38.4595 -75.8415
-34.6186 -58.7483 -47.9569 -49.9512 -35.5104 -41.5629 -46.8654 -30.8561 -41.7187 -27.4323 -36.9097 -37.7396 -46.3969 -32.9581 -32.1786 -26.0804 -27.4303 -57.0718 -20.0075 -28.8665 -29.3764 -41.1027 -39.2086 -27.1032 -38.3083 -33.2573 -56.0615 -87.7729 -23.8573 -44.3936 -31.9109 -21.9978 -20.6863 -42.8239 -34.6677  -43.899 -38.8125 -56.3665 -22.2217 -44.7168
-22.7291 -26.9816 -23.2213 -37.3485  -40.555 -29.6323 -36.1027 -11.2491 -14.9629 -30.1883 -37.6484 -30.3255 -32.3706 -24.6492 -30.0295 -21.3073 -26.9119 -71.0163 -28.8946 -13.0728 -17.6526 -40.0879 -34.9662 -31.7183 -38.8039 -34.8923 -40.3841 -23.8573 -89.7204 -54.2301 -45.6526 -18.2523 -49.4867 -36.5648 -39.6655  -50.317 -47.8697 -36.3135 -29.1589 -55.6851
 -30.516 -34.8486 -26.2224 -49.0856 -56.4129 -41.4075 -42.8151 -32.7902 -44.8117 -32.3649 -32.0315 -46.2268 -69.3804 -48.0397  -31.214 -38.4902 -27.6342  -75.683 -64.1194 -40.9286 -25.0926  -53.317 -54.7218 -35.0545 -64.8263 -40.6142 -62.3823 -44.3936 -54.2301 -109.721 -59.9977 -32.2303 -38.4332 -45.3939 -45.3786 -52.8872 -58.0374 -48.3473 -42.2967 -76.9585
-47.4392 -18.1488 -27.3638 -28.6389 -43.8292  -27.698 -43.2781 -26.9125 -25.5938 -25.4727 -36.8102 -44.4701 -48.6695 -46.0386 -47.3458 -45.1545 -35.7781 -68.5014 -57.4256 -36.7066 -28.4048 -46.2477 -29.3696  -39.518 -49.2091 -47.8264 -49.1284 -31.9109 -45.6526 -59.9977 -103.493 -27.8527 -45.3182 -43.1653 -33.2479 -52.1856 -53.6869 -46.6894 -42.3845 -52.4265
 -27.716 -24.7535  -33.107 -29.5145 -30.8207 -43.3812 -30.8866 -36.8238 -22.3295 -31.2579 -27.8206 -36.4175 -35.3652 -33.7314 -45.3383 -29.1147 -36.7124 -35.7964 -35.4597 -32.0221 -23.0349 -35.9567 -33.6598 -18.0027 -57.7448 -30.5367 -50.0871 -21.9978 -18.2523 -32.2303 -27.8527  -75.816 -12.2784 -25.9099  -32.577 -41.0648 -40.4171  -39.737 -20.0485 -41.6287
-37.1385 -40.8878 -8.62589 -21.0289 -31.8559   -40.94 -30.9097  -21.981 -26.7002 -20.4845 -27.4227 -45.7198 -41.8077 -34.2456  -34.892 -23.6637 -32.6078 -67.6142 -28.6499 -20.3968 -10.5812 -22.8821 -46.7768 -35.8287 -47.6534 -33.2967 -44.9607 -20.6863 -49.4867 -38.4332 -45.3182 -12.2784 -93.5529 -46.6464 -49.3769 -38.0167 -34.8704 -30.8075  -42.798  -45.371
-39.6288 -53.6897 -51.3115 -59.7924 -51.8064 -41.2489 -49.2466 -50.4986 -32.0763 -33.4025 -44.6163   -43.35 -46.9775 -39.6582 -30.2708 -29.9211 -46.9531 -81.0588  -48.703 -39.5214 -35.2614 -47.0806 -40.8668 -50.6542  -64.021 -25.7707 -50.7442 -42.8239 -36.5648 -45.3939 -43.1653 -25.9099 -46.6464 -108.459 -54.0211 -44.5872 -58.4495 -40.6645 -36.9075 -62.5328
-32.7861 -34.9365 -29.5308 -40.3563 -48.0516 -38.4145 -23.4801  -30.703 -24.0883 -27.8869 -37.1119 -40.8764 -54.4246 -32.6931 -48.5758 -40.1953 -46.8762  -54.332 -24.1106 -31.7642  -27.771 -52.8418  -27.081 -39.0156 -40.1323 -15.6072 -53.2972 -34.6677 -39.6655 -45.3786 -33.2479  -32.577 -49.3769 -54.0211  -93.395 -42.2353 -55.8281 -23.7658 -41.0648 -34.9213
-31.8427 -43.5525 -58.3926 -34.8469 -44.5682 -44.6435 -55.5967 -40.2599 -27.8182 -22.8674 -31.5405 -55.3997 -49.7143 -47.8245 -44.6949 -21.1911 -44.3505 -67.5182 -45.1308 -34.4451 -36.8493 -45.3292 -52.6384 -45.6041 -51.6807 -50.4202 -63.5962  -43.899  -50.317 -52.8872 -52.1856 -41.0648 -38.0167 -44.5872 -42.2353 -94.4776 -53.7718 -56.3857 -27.4699 -57.7753
-20.0906 -41.2855 -32.1241 -38.1561 -44.0289 -32.7899 -43.4721 -45.9792 -41.8529 -29.8219 -60.2974 -43.9448 -60.2202 -37.1404 -44.9173 -33.8678 -36.1214  -70.682 -39.7547 -25.6515 -26.2248 -55.8301  -28.055 -41.6753 -47.5936  -27.782 -60.4289 -38.8125 -47.8697 -58.0374 -53.6869 -40.4171 -34.8704 -58.4495 -55.8281 -53.7718 -97.3332 -23.7034 -30.6586 -58.4725
-45.2376 -43.1281  -53.734 -67.5475 -42.2697  -53.645 -57.9657 -41.3508 -41.6254 -35.3654 -35.9598 -37.4023 -54.8508  -49.049 -40.7988 -23.2759 -41.6369 -59.8075 -43.4782 -48.0738  -50.042 -41.0775 -72.3681 -38.0233 -76.4915 -51.1402 -65.6704 -56.3665 -36.3135 -48.3473 -46.6894  -39.737 -30.8075 -40.6645 -23.7658 -56.3857 -23.7034  -128.63 -33.7849 -59.1994
-22.3014 -29.1052 -5.31899 -30.8666 -46.3546 -45.8503 -19.8519 -28.5712 -33.2398 -12.5919  -33.414 -41.7635 -38.2499 -36.2771 -40.8007 -33.1901 -33.7379 -41.6295 -33.2597 -37.8203 -23.3916 -38.6166  -16.302  -21.311 -53.3787 -27.0135 -38.4595 -22.2217 -29.1589 -42.2967 -42.3845 -20.0485  -42.798 -36.9075 -41.0648 -27.4699 -30.6586 -33.7849 -80.5773 -42.0039
-31.3488 -63.4569 -57.3235 -55.6661 -57.6742 -54.6652 -68.5125 -36.1756 -43.7775 -31.5888 -52.5197 -54.4392 -63.7338 -40.0696 -49.9401 -25.4898 -44.5258 -87.9598 -64.7163 -48.3981 -21.8474 -46.5225 -62.8434 -34.5996 -83.5069 -54.5932 -75.8415 -44.7168 -55.6851 -76.9585 -52.4265 -41.6287  -45.371 -62.5328 -34.9213 -57.7753 -58.4725 -59.1994 -42.0039  -116.67
 0.579874   2.16991  0.301868 -0.523957 -0.451043   1.45092   1.28569   1.87369  0.367813   2.05003 -0.516242    1.4616   2.89723   1.03417   0.28623  0.323806   2.70212  0.365623   2.78745   1.21259        -0        -0        -0        -0        -0        -0        -0        -0        -0        -0        -0        -0        -0        -0        -0        -0        -0        -0        -0        -0
   2.16991    2.59154  -0.523329  -0.487078 -0.0138029   0.177541     1.4244 -0.0627119   0.781849   0.419071    1.05072    2.96022  -0.785845   0.820934  -0.968813     1.4815  -0.189838    1.66809     0.2848    2.97141         -0         -0         -0         -0         -0         -0         -0         -0         -0         -0         -0         -0         -0         -0         -0         -0         -0         -0         -0         -0
  0.301868  -0.523329    1.04972   0.498664    2.38389     2.5552  -0.639709  -0.698164    2.29525   0.313733  0.0895516    2.54904 -0.0251259    1.31184    1.72662    2.47897    2.11704    1.33316  -0.635187    1.81954         -0         -0         -0         -0         -0         -0         -0         -0         -0         -0         -0         -0         -0         -0         -0         -0         -0         -0         -0         -0
-0.523957 -0.487078  0.498664  0.202706  0.388066   1.66942   2.89334  0.573496   1.37968 -0.721417  0.814576 -0.255327   2.17537 -0.628268  0.279045   2.40889 -0.781312   1.64185   2.01843   1.33743        -0        -0        -0        -0        -0        -0        -0        -0        -0        -0        -0        -0        -0        -0        -0        -0        -0        -0        -0        -0
 -0.451043 -0.0138029    2.38389   0.388066    1.18054 -0.0762537   0.997157   0.180227    1.12197   0.664982   0.266137     2.3016    2.84654    1.60925     2.7069  -0.467097  -0.757537    1.28366   0.982127  -0.676774         -0         -0         -0         -0         -0         -0         -0         -0         -0         -0         -0         -0         -0         -0         -0         -0         -0         -0         -0         -0
   1.45092   0.177541     2.5552    1.66942 -0.0762537  -0.730005  0.0600752   0.810241  -0.815229    1.49395    1.88159    2.32397    2.43096  -0.975623    2.32422   -0.38589    1.59448    1.76618    2.14487    1.51301         -0         -0         -0         -0         -0         -0         -0         -0         -0         -0         -0         -0         -0         -0         -0         -0         -0         -0         -0         -0
  1.28569    1.4244 -0.639709   2.89334  0.997157 0.0600752 -0.646734   1.45384 -0.684706   2.50429 -0.674379  0.149717   -0.8815   2.97543 -0.426538  0.340525    2.3445   2.62498    1.7823   1.70474        -0        -0        -0        -0        -0        -0        -0        -0        -0        -0        -0        -0        -0        -0        -0        -0        -0        -0        -0        -0
   1.87369 -0.0627119  -0.698164   0.573496   0.180227   0.810241    1.45384    2.02241    1.73209    1.97097     1.2918    1.82776   0.972886    1.27915    1.70658    1.01526    2.69914   0.223446    2.29356    2.26952         -0         -0         -0         -0         -0         -0         -0         -0         -0         -0         -0         -0         -0         -0         -0         -0         -0         -0         -0         -0
 0.367813  0.781849   2.29525   1.37968   1.12197 -0.815229 -0.684706   1.73209  0.344854 -0.972559   2.12747    2.4142   0.39133   1.06253 0.0715414  0.867746   1.04735   2.77266   2.26545  0.550985        -0        -0        -0        -0        -0        -0        -0        -0        -0        -0        -0        -0        -0        -0        -0        -0        -0        -0        -0        -0
  2.05003  0.419071  0.313733 -0.721417  0.664982   1.49395   2.50429   1.97097 -0.972559 -0.498775  0.859073 -0.713152 -0.967406  0.870933   1.69564  0.245043 -0.250525   2.31468 -0.438558   1.77118        -0        -0        -0        -0        -0        -0        -0        -0        -0        -0        -0        -0        -0        -0        -0        -0        -0        -0        -0        -0
-0.516242   1.05072 0.0895516  0.814576  0.266137   1.88159 -0.674379    1.2918   2.12747  0.859073   1.31865   2.69876  -0.87333 0.0765294   0.12046  -0.11105  0.218352  0.234776   1.47275 -0.736824        -0        -0        -0        -0        -0        -0        -0        -0        -0        -0        -0        -0        -0        -0        -0        -0        -0        -0        -0        -0
   1.4616   2.96022   2.54904 -0.255327    2.3016   2.32397  0.149717   1.82776    2.4142 -0.713152   2.69876   2.89796   2.85293  0.959763   2.10571   2.15398   2.37116   2.47478 -0.368927  0.338437        -0        -0        -0        -0        -0        -0        -0        -0        -0        -0        -0        -0        -0        -0        -0        -0        -0        -0        -0        -0
   2.89723  -0.785845 -0.0251259    2.17537    2.84654    2.43096    -0.8815   0.972886    0.39133  -0.967406   -0.87333    2.85293    2.99282    1.08509  -0.483431    0.27623    2.23097  -0.875157    2.22953  -0.944016         -0         -0         -0         -0         -0         -0         -0         -0         -0         -0         -0         -0         -0         -0         -0         -0         -0         -0         -0         -0
  1.03417  0.820934   1.31184 -0.628268   1.60925 -0.975623   2.97543   1.27915   1.06253  0.870933 0.0765294  0.959763   1.08509    1.0514    2.4323   2.61557 -0.302674 -0.648184 -0.194093  -0.37201        -0        -0        -0        -0        -0        -0        -0        -0        -0        -0        -0        -0        -0        -0        -0        -0        -0        -0        -0        -0
  0.28623 -0.968813   1.72662  0.279045    2.7069   2.32422 -0.426538   1.70658 0.0715414   1.69564   0.12046   2.10571 -0.483431    2.4323   2.47744 -0.566979   1.78006   2.69347   2.27293 -0.643137        -0        -0        -0        -0        -0        -0        -0        -0        -0        -0        -0        -0        -0        -0        -0        -0        -0        -0        -0        -0
  0.323806     1.4815    2.47897    2.40889  -0.467097   -0.38589   0.340525    1.01526   0.867746   0.245043   -0.11105    2.15398    0.27623    2.61557  -0.566979 -0.0168746    2.76388  -0.632693   0.513187    1.03811         -0         -0         -0         -0         -0         -0         -0         -0         -0         -0         -0         -0         -0         -0         -0         -0         -0         -0         -0         -0
  2.70212 -0.189838   2.11704 -0.781312 -0.757537   1.59448    2.3445   2.69914   1.04735 -0.250525  0.218352   2.37116   2.23097 -0.302674   1.78006   2.76388  0.311437    1.9463   2.57209   2.77286        -0        -0        -0        -0        -0        -0        -0        -0        -0        -0        -0        -0        -0        -0        -0        -0        -0        -0        -0        -0
 0.365623   1.66809   1.33316   1.64185   1.28366   1.76618   2.62498  0.223446   2.77266   2.31468  0.234776   2.47478 -0.875157 -0.648184   2.69347 -0.632693    1.9463   2.03798    1.8979   2.13917        -0        -0        -0        -0        -0        -0        -0        -0        -0        -0        -0        -0        -0        -0        -0        -0        -0        -0        -0        -0
  2.78745    0.2848 -0.635187   2.01843  0.982127   2.14487    1.7823   2.29356   2.26545 -0.438558   1.47275 -0.368927   2.22953 -0.194093   2.27293  0.513187   2.57209    1.8979   1.73663  0.331674        -0        -0        -0        -0        -0        -0        -0        -0        -0        -0        -0        -0        -0        -0        -0        -0        -0        -0        -0        -0
  1.21259   2.97141   1.81954   1.33743 -0.676774   1.51301   1.70474   2.26952  0.550985   1.77118 -0.736824  0.338437 -0.944016  -0.37201 -0.643137   1.03811   2.77286   2.13917  0.331674   2.03831        -0        -0        -0        -0        -0        -0        -0        -0        -0        -0        -0        -0        -0        -0        -0        -0        -0        -0        -0        -0
       -0        -0        -0        -0        -0        -0        -0        -0        -0        -0        -0        -0        -0        -0        -0        -0        -0        -0        -0        -0 -0.579874  -2.16991 -0.301868  0.523957  0.451043  -1.45092  -1.28569  -1.87369 -0.367813  -2.05003  0.516242   -1.4616  -2.89723  -1.03417  -0.28623 -0.323806  -2.70212 -0.365623  -2.78745  -1.21259
       -0        -0        -0        -0        -0        -0        -0        -0        -0        -0        -0        -0        -0        -0        -0        -0        -0        -0        -0        -0  -2.16991  -2.59154  0.523329  0.487078 0.0138029 -0.177541   -1.4244 0.0627119 -0.781849 -0.419071  -1.05072  -2.96022  0.785845 -0.820934  0.968813   -1.4815  0.189838  -1.66809   -0.2848  -2.97141
        -0         -0         -0         -0         -0         -0         -0         -0         -0         -0         -0         -0         -0         -0         -0         -0         -0         -0         -0         -0  -0.301868   0.523329   -1.04972  -0.498664   -2.38389    -2.5552   0.639709   0.698164   -2.29525  -0.313733 -0.0895516   -2.54904  0.0251259   -1.31184   -1.72662   -2.47897   -2.11704   -1.33316   0.635187   -1.81954
       -0        -0        -0        -0        -0        -0        -0        -0        -0        -0        -0        -0        -0        -0        -0        -0        -0        -0        -0        -0  0.523957  0.487078 -0.498664 -0.202706 -0.388066  -1.66942  -2.89334 -0.573496  -1.37968  0.721417 -0.814576  0.255327  -2.17537  0.628268 -0.279045  -2.40889  0.781312  -1.64185  -2.01843  -1.33743
       -0        -0        -0        -0        -0        -0        -0        -0        -0        -0        -0        -0        -0        -0        -0        -0        -0        -0        -0        -0  0.451043 0.0138029  -2.38389 -0.388066  -1.18054 0.0762537 -0.997157 -0.180227  -1.12197 -0.664982 -0.266137   -2.3016  -2.84654  -1.60925   -2.7069  0.467097  0.757537  -1.28366 -0.982127  0.676774
        -0         -0         -0         -0         -0         -0         -0         -0         -0         -0         -0         -0         -0         -0         -0         -0         -0         -0         -0         -0   -1.45092  -0.177541    -2.5552   -1.66942  0.0762537   0.730005 -0.0600752  -0.810241   0.815229   -1.49395   -1.88159   -2.32397   -2.43096   0.975623   -2.32422    0.38589   -1.59448   -1.76618   -2.14487   -1.51301
        -0         -0         -0         -0         -0         -0         -0         -0         -0         -0         -0         -0         -0         -0         -0         -0         -0         -0         -0         -0   -1.28569    -1.4244   0.639709   -2.89334  -0.997157 -0.0600752   0.646734   -1.45384   0.684706   -2.50429   0.674379  -0.149717     0.8815   -2.97543   0.426538  -0.340525    -2.3445   -2.62498    -1.7823   -1.70474
       -0        -0        -0        -0        -0        -0        -0        -0        -0        -0        -0        -0        -0        -0        -0        -0        -0        -0        -0        -0  -1.87369 0.0627119  0.698164 -0.573496 -0.180227 -0.810241  -1.45384  -2.02241  -1.73209  -1.97097   -1.2918  -1.82776 -0.972886  -1.27915  -1.70658  -1.01526  -2.69914 -0.223446  -2.29356  -2.26952
        -0         -0         -0         -0         -0         -0         -0         -0         -0         -0         -0         -0         -0         -0         -0         -0         -0         -0         -0         -0  -0.367813  -0.781849   -2.29525   -1.37968   -1.12197   0.815229   0.684706   -1.73209  -0.344854   0.972559   -2.12747    -2.4142   -0.39133   -1.06253 -0.0715414  -0.867746   -1.04735   -2.77266   -2.26545  -0.550985
       -0        -0        -0        -0        -0        -0        -0        -0        -0        -0        -0        -0        -0        -0        -0        -0        -0        -0        -0        -0  -2.05003 -0.419071 -0.313733  0.721417 -0.664982  -1.49395  -2.50429  -1.97097  0.972559  0.498775 -0.859073  0.713152  0.967406 -0.870933  -1.69564 -0.245043  0.250525  -2.31468  0.438558  -1.77118
        -0         -0         -0         -0         -0         -0         -0         -0         -0         -0         -0         -0         -0         -0         -0         -0         -0         -0         -0         -0   0.516242   -1.05072 -0.0895516  -0.814576  -0.266137   -1.88159   0.674379    -1.2918   -2.12747  -0.859073   -1.31865   -2.69876    0.87333 -0.0765294   -0.12046    0.11105  -0.218352  -0.234776   -1.47275   0.736824
       -0        -0        -0        -0        -0        -0        -0        -0        -0        -0        -0        -0        -0        -0        -0        -0        -0        -0        -0        -0   -1.4616  -2.96022  -2.54904  0.255327   -2.3016  -2.32397 -0.149717  -1.82776   -2.4142  0.713152  -2.69876  -2.89796  -2.85293 -0.959763  -2.10571  -2.15398  -2.37116  -2.47478  0.368927 -0.338437
       -0        -0        -0        -0        -0        -0        -0        -0        -0        -0        -0        -0        -0        -0        -0        -0        -0        -0        -0        -0  -2.89723  0.785845 0.0251259  -2.17537  -2.84654  -2.43096    0.8815 -0.972886  -0.39133  0.967406   0.87333  -2.85293  -2.99282  -1.08509  0.483431  -0.27623  -2.23097  0.875157  -2.22953  0.944016
        -0         -0         -0         -0         -0         -0         -0         -0         -0         -0         -0         -0         -0         -0         -0         -0         -0         -0         -0         -0   -1.03417  -0.820934   -1.31184   0.628268   -1.60925   0.975623   -2.97543   -1.27915   -1.06253  -0.870933 -0.0765294  -0.959763   -1.08509    -1.0514    -2.4323   -2.61557   0.302674   0.648184   0.194093    0.37201
        -0         -0         -0         -0         -0         -0         -0         -0         -0         -0         -0         -0         -0         -0         -0         -0         -0         -0         -0         -0   -0.28623   0.968813   -1.72662  -0.279045    -2.7069   -2.32422   0.426538   -1.70658 -0.0715414   -1.69564   -0.12046   -2.10571   0.483431    -2.4323   -2.47744   0.566979   -1.78006   -2.69347   -2.27293   0.643137
       -0        -0        -0        -0        -0        -0        -0        -0        -0        -0        -0        -0        -0        -0        -0        -0        -0        -0        -0        -0 -0.323806   -1.4815  -2.47897  -2.40889  0.467097   0.38589 -0.340525  -1.01526 -0.867746 -0.245043   0.11105  -2.15398  -0.27623  -2.61557  0.566979 0.0168746  -2.76388  0.632693 -0.513187  -1.03811
       -0        -0        -0        -0        -0        -0        -0        -0        -0        -0        -0        -0        -0        -0        -0        -0        -0        -0        -0        -0  -2.70212  0.189838  -2.11704  0.781312  0.757537  -1.59448   -2.3445  -2.69914  -1.04735  0.250525 -0.218352  -2.37116  -2.23097  0.302674  -1.78006  -2.76388 -0.311437   -1.9463  -2.57209  -2.77286
       -0        -0        -0        -0        -0        -0        -0        -0        -0        -0        -0        -0        -0        -0        -0        -0        -0        -0        -0        -0 -0.365623  -1.66809  -1.33316  -1.64185  -1.28366  -1.76618  -2.62498 -0.223446  -2.77266  -2.31468 -0.234776  -2.47478  0.875157  0.648184  -2.69347  0.632693   -1.9463  -2.03798   -1.8979  -2.13917
       -0        -0        -0        -0        -0        -0        -0        -0        -0        -0        -0        -0        -0        -0        -0        -0        -0        -0        -0        -0  -2.78745   -0.2848  0.635187  -2.01843 -0.982127  -2.14487   -1.7823  -2.29356  -2.26545  0.438558  -1.47275  0.368927  -2.22953  0.194093  -2.27293 -0.513187  -2.57209   -1.8979  -1.73663 -0.331674
       -0        -0        -0        -0        -0        -0        -0        -0        -0        -0        -0        -0        -0        -0        -0        -0        -0        -0        -0        -0  -1.21259  -2.97141  -1.81954  -1.33743  0.676774  -1.51301  -1.70474  -2.26952 -0.550985  -1.77118  0.736824 -0.338437  0.944016   0.37201  0.643137  -1.03811  -2.77286  -2.13917 -0.331674  -2.03831
   2.70061    2.86615   0.499203    2.47678  -0.581171    2.37819    2.11469    2.31907    2.74164    2.49181    2.32202    2.40231    1.94568    1.23503    1.97515    1.75828    2.73715 -0.0978807    1.98558   0.760804         -0         -0         -0         -0         -0         -0         -0         -0         -0         -0         -0         -0         -0         -0         -0         -0         -0         -0         -0         -0
   2.86615     2.0073    2.41625    2.36646     2.0041   0.555283     1.5567    2.92226    2.12276    2.21661    1.71576    2.89313  -0.167445  -0.485676 -0.0726397  0.0663405    1.37574    1.95189     2.6477    1.15012         -0         -0         -0         -0         -0         -0         -0         -0         -0         -0         -0         -0         -0         -0         -0         -0         -0         -0         -0         -0
 0.499203   2.41625   1.95115   2.07944   1.47015 -0.108043 -0.754808   1.76548 -0.299244   2.20879 -0.538053   2.41395   1.21311   1.45903   1.71971  0.396254 -0.621888  0.533235  0.307992   2.17726        -0        -0        -0        -0        -0        -0        -0        -0        -0        -0        -0        -0        -0        -0        -0        -0        -0        -0        -0        -0
   2.47678    2.36646    2.07944    1.57312    1.29541 -0.0366886    2.20845  -0.394706    1.19792   0.474567   0.921756  -0.856567    2.00248    2.45541  -0.672245  -0.890038    2.55022   0.190529    2.78498  -0.971988         -0         -0         -0         -0         -0         -0         -0         -0         -0         -0         -0         -0         -0         -0         -0         -0         -0         -0         -0         -0
-0.581171    2.0041   1.47015   1.29541    2.7866  0.945224   1.44491   1.23661   2.42134 -0.403685   0.99828   1.68315   2.02884   1.55536    1.3981   1.53138    2.1961   2.20147  0.405492 -0.608043        -0        -0        -0        -0        -0        -0        -0        -0        -0        -0        -0        -0        -0        -0        -0        -0        -0        -0        -0        -0
   2.37819   0.555283  -0.108043 -0.0366886   0.945224    1.31633    2.17473   0.345594   0.426322   0.264916    1.84958   0.459061    1.09482   0.806416    1.14422    2.25632    2.94319   0.608126    1.35858  -0.488855         -0         -0         -0         -0         -0         -0         -0         -0         -0         -0         -0         -0         -0         -0         -0         -0         -0         -0         -0         -0
  2.11469    1.5567 -0.754808   2.20845   1.44491   2.17473 -0.215493  0.678123   1.59943   0.90223    1.7581 -0.694102    2.6556   1.67407 -0.636491 -0.509515  0.918645   2.87704   2.11575  0.491316        -0        -0        -0        -0        -0        -0        -0        -0        -0        -0        -0        -0        -0        -0        -0        -0        -0        -0        -0        -0
  2.31907   2.92226   1.76548 -0.394706   1.23661  0.345594  0.678123  0.245745   1.03626  0.150756   1.62639   1.89948   1.49004   2.44598  0.327909   1.09124  0.822864  0.595279    1.4196   1.57698        -0        -0        -0        -0        -0        -0        -0        -0        -0        -0        -0        -0        -0        -0        -0        -0        -0        -0        -0        -0
  2.74164   2.12276 -0.299244   1.19792   2.42134  0.426322   1.59943   1.03626   1.46327 -0.894446   1.91534    1.1036   2.87877    2.9119  0.874636  -0.22801   1.18234   1.04653   2.89965   2.76368        -0        -0        -0        -0        -0        -0        -0        -0        -0        -0        -0        -0        -0        -0        -0        -0        -0        -0        -0        -0
  2.49181   2.21661   2.20879  0.474567 -0.403685  0.264916   0.90223  0.150756 -0.894446  0.618363 -0.159804   1.50462  0.459477 -0.480872   2.29875   2.36105   2.73305   2.89147 -0.462238 -0.222516        -0        -0        -0        -0        -0        -0        -0        -0        -0        -0        -0        -0        -0        -0        -0        -0        -0        -0        -0        -0
  2.32202   1.71576 -0.538053  0.921756   0.99828   1.84958    1.7581   1.62639   1.91534 -0.159804    1.9875  0.579088    1.0568   2.25193   1.36132  0.529873 -0.638465  0.863724 -0.794299   1.94435        -0        -0        -0        -0        -0        -0        -0        -0        -0        -0        -0        -0        -0        -0        -0        -0        -0        -0        -0        -0
  2.40231   2.89313   2.41395 -0.856567   1.68315  0.459061 -0.694102   1.89948    1.1036   1.50462  0.579088  0.425625   2.28108   1.85758 -0.890333   2.74714 -0.059378  0.783671 -0.198234   1.74926        -0        -0        -0        -0        -0        -0        -0        -0        -0        -0        -0        -0        -0        -0        -0        -0        -0        -0        -0        -0
  1.94568 -0.167445   1.21311   2.00248   2.02884   1.09482    2.6556   1.49004   2.87877  0.459477    1.0568   2.28108  0.352609  0.351683   2.81307  -0.71159 -0.200607   1.26721   2.48965 -0.574813        -0        -0        -0        -0        -0        -0        -0        -0        -0        -0        -0        -0        -0        -0        -0        -0        -0        -0        -0        -0
  1.23503 -0.485676   1.45903   2.45541   1.55536  0.806416   1.67407   2.44598    2.9119 -0.480872   2.25193   1.85758  0.351683  0.465039 -0.179647 -0.750416  0.757789   1.24184  0.738936 -0.747653        -0        -0        -0        -0        -0        -0        -0        -0        -0        -0        -0        -0        -0        -0        -0        -0        -0        -0        -0        -0
   1.97515 -0.0726397    1.71971  -0.672245     1.3981    1.14422  -0.636491   0.327909   0.874636    2.29875    1.36132  -0.890333    2.81307  -0.179647    2.56508  -0.925109  0.0505845   0.333886   0.992295    1.53424         -0         -0         -0         -0         -0         -0         -0         -0         -0         -0         -0         -0         -0         -0         -0         -0         -0         -0         -0         -0
  1.75828 0.0663405  0.396254 -0.890038   1.53138   2.25632 -0.509515   1.09124  -0.22801   2.36105  0.529873   2.74714  -0.71159 -0.750416 -0.925109   1.68651   2.33077  0.463303   1.69112  0.830679        -0        -0        -0        -0        -0        -0        -0        -0        -0        -0        -0        -0        -0        -0        -0        -0        -0        -0        -0        -0
  2.73715   1.37574 -0.621888   2.55022    2.1961   2.94319  0.918645  0.822864   1.18234   2.73305 -0.638465 -0.059378 -0.200607  0.757789 0.0505845   2.33077 0.0141095   1.18503   2.34706   1.61092        -0        -0        -0        -0        -0        -0        -0        -0        -0        -0        -0        -0        -0        -0        -0        -0        -0        -0        -0        -0
-0.0978807    1.95189   0.533235   0.190529    2.20147   0.608126    2.87704   0.595279    1.04653    2.89147   0.863724   0.783671    1.26721    1.24184   0.333886   0.463303    1.18503    2.25253   0.869338   0.649985         -0         -0         -0         -0         -0         -0         -0         -0         -0         -0         -0         -0         -0         -0         -0         -0         -0         -0         -0         -0
  1.98558    2.6477  0.307992   2.78498  0.405492   1.35858   2.11575    1.4196   2.89965 -0.462238 -0.794299 -0.198234   2.48965  0.738936  0.992295   1.69112   2.34706  0.869338 -0.713603 -0.749719        -0        -0        -0        -0        -0        -0        -0        -0        -0        -0        -0        -0        -0        -0        -0        -0        -0        -0        -0        -0
 0.760804   1.15012   2.17726 -0.971988 -0.608043 -0.488855  0.491316   1.57698   2.76368 -0.222516   1.94435   1.74926 -0.574813 -0.747653   1.53424  0.830679   1.61092  0.649985 -0.749719   1.51057        -0        -0        -0        -0        -0        -0        -0        -0        -0        -0        -0        -0        -0        -0        -0        -0        -0        -0        -0        -0
