40
1
40
   0.167783    0.149485    0.195144   -0.353017  -0.0667216   0.0365199    0.302282    0.185499   -0.140046    0.109787    0.268827    0.142686  -0.0875082  -0.0869873    0.170117    0.156954    0.231875   -0.165782   -0.093381 -0.00998866   -0.137096   -0.159865  -0.0357602   0.0550686  -0.0890074   -0.293424    0.152262   -0.120195   -0.103409    0.123897   -0.054553    0.016651  -0.0619712    0.161491     0.20261  -0.0895193   -0.265825   0.0667022   0.0835014   0.0372876
-95.0847 -54.9049 -74.4485 -33.4306 -34.3923 -33.6863 -39.8776  -33.417 -53.7394 -49.6023  -32.902  -45.868 -67.0986 -25.3803 -29.2191 -54.8239  -50.294 -51.3654 -28.7228 -55.6667 -22.2519 -50.4274  -55.635 -42.5551 -54.3313 -33.9902 -56.0029 -51.1402 -46.3182 -77.6538 -27.1316 -46.7281 -46.4975 -63.8045 -28.2247 -35.5363 -56.0696 -42.1922 -20.2531 -50.9682
-54.9049 -100.121   -53.84 -54.3974 -30.4364  -43.638 -34.4476 -30.3679 -45.0726 -35.0436 -38.8292 -34.0252 -47.0499 -15.8711 -16.2765  -52.871 -30.7065 -49.1847 -36.9484 -48.2817  -29.099 -39.3504 -58.6347 -33.6298 -35.8615 -40.8334  -70.949 -58.4399 -61.9724 -74.7842 -31.0004   -25.31 -58.0488 -69.1231 -39.6884 -23.8054 -50.8484 -36.4664 -29.3729 -60.9514
-74.4485   -53.84  -116.17 -32.6679 -48.1704 -41.5559 -18.2262 -42.8892 -73.3044 -55.7419 -52.1128 -62.4185 -74.7046 -28.8949 -42.5481 -68.7907 -58.3896 -44.1787 -33.8306 -73.0215  -26.609 -55.9659 -50.6429 -48.4014 -50.5201 -56.4055 -61.3501 -52.9307 -69.5414 -69.2752 -41.0431 -63.9953 -55.4036 -64.5838 -47.6738 -41.6431 -60.8223 -41.0858 -30.0096 -54.7575
-33.4306 -54.3974 -32.6679 -71.0779 -21.0135 -38.4006 -12.9642 -18.0166 -22.4824 -28.7224 -23.9946 -36.7987  -39.484 -9.07653 -9.63618 -30.0612 -13.6703 -48.2888 -17.5482 -23.7401  -27.212  -20.269 -42.1838 -15.6542 -24.7499 -22.5378 -35.7722   -31.82 -39.4853 -37.6511 -15.4551 -18.9961 -25.6477  -42.152 -22.0819 -12.8474 -31.6701 -18.3587 -21.1674 -39.4612
-34.3923 -30.4364 -48.1704 -21.0135 -58.0571 -40.2469 -28.2594  -30.737 -40.3832 -32.2156  -21.524 -39.9063 -36.6799 -18.7326 -31.2172 -39.8774 -30.1754 -20.7527 -20.7967 -38.1897 -28.1421 -36.6163 -37.7349 -22.5398 -26.7784 -28.5493 -34.1196 -30.6888 -43.9225 -43.4673 -26.1772 -32.8574 -35.8965 -44.1449 -35.5669 -10.1562 -44.0825 -32.8061 -21.4644 -21.7426
-33.6863  -43.638 -41.5559 -38.4006 -40.2469  -77.173  -37.928 -19.8039  -46.985 -28.9319 -22.6936 -35.2177 -33.7521 -8.42202 -20.7496 -30.8015 -23.6054  -34.055 -20.8301 -26.9517 -28.5007 -30.2468 -37.8639  -30.513 -28.1737 -15.5854  -40.382 -16.5017 -46.9914  -59.208 -29.6343 -38.1117 -31.4094 -56.0991 -50.0916 -8.49406 -41.7388 -31.5342  -33.442 -28.6915
-39.8776 -34.4476 -18.2262 -12.9642 -28.2594  -37.928 -84.1199 -30.5164 -39.3671 -20.9851 -11.8515 -15.5325 -34.2074 -3.43899 -21.3755 -43.0496 -35.4252 -28.8341 -16.2949 -26.7351 -20.3225 -42.0699 -44.0102 -24.1882 -19.0009 -12.0955 -30.8649 -26.2284 -38.1179 -55.8767 -22.8853 -21.6095 -27.7981 -41.4036 -27.8487 -22.1254 -43.5948 -37.2588 -24.0614 -21.2282
 -33.417 -30.3679 -42.8892 -18.0166  -30.737 -19.8039 -30.5164  -107.68 -46.3972 -56.6022 -30.6158 -40.9542 -69.0398 -6.74616 -30.5107 -57.0236 -54.8723 -28.9576 -37.0039 -56.6451 -24.5094 -38.3326 -41.4345 -30.5046 -37.1541 -36.3895 -42.7619 -46.7398 -40.9241 -55.0904 -35.3441 -41.7618 -51.2301  -43.729 -52.3118 -21.9913 -39.9378 -48.5308 -26.6671 -40.1063
-53.7394 -45.0726 -73.3044 -22.4824 -40.3832  -46.985 -39.3671 -46.3972 -100.913  -50.062  -34.731 -30.1322 -63.2153  -28.101 -30.7784 -60.9255 -51.7576 -33.8874 -31.0079 -59.3907 -19.3591 -38.8946 -53.5686 -31.8786 -43.2233 -45.4772 -55.1456 -35.8592 -55.0893 -61.2626 -40.5471 -58.4644 -31.6191 -52.8149 -35.2061 -32.9541 -42.9608 -34.0176 -15.4016  -31.428
-49.6023 -35.0436 -55.7419 -28.7224 -32.2156 -28.9319 -20.9851 -56.6022  -50.062 -74.1908 -43.7886 -41.0822 -64.3136 -22.8812 -26.5966 -48.4303 -46.1002 -23.1849 -37.0431 -56.2579 -20.5627 -36.5684 -43.3223 -28.1512 -32.5582 -39.7563 -44.4958  -38.338 -43.3223 -48.3575 -35.2871 -46.6763  -37.263  -55.488 -37.5575 -26.4861  -30.078 -43.8199 -17.9517 -35.0744
 -32.902 -38.8292 -52.1128 -23.9946  -21.524 -22.6936 -11.8515 -30.6158  -34.731 -43.7886 -83.3854 -36.0914 -42.8389 -26.6488 -30.7189  -48.479 -37.3662 -25.4578 -34.1003  -42.202 -13.5511 -33.9759 -36.5717 -18.3893 -19.2066 -39.6885 -30.7307 -34.7135 -45.8259 -49.4691 -41.0887 -47.6058 -25.0025  -41.095 -35.3639 -37.8928 -29.7445 -23.8318  -9.7143 -37.3256
 -45.868 -34.0252 -62.4185 -36.7987 -39.9063 -35.2177 -15.5325 -40.9542 -30.1322 -41.0822 -36.0914 -99.2619 -48.3655 -14.3693 -29.9115 -48.9081 -41.0331 -57.6341 -13.8604 -41.6387  -29.331 -37.3787 -37.7603 -26.6194 -46.0519 -40.6229 -22.5627 -44.2501 -35.4588 -49.5818 -32.2144 -43.4827 -45.2628 -55.0346 -31.5436 -31.3389 -53.5003  -30.104 -41.9613   -49.91
-67.0986 -47.0499 -74.7046  -39.484 -36.6799 -33.7521 -34.2074 -69.0398 -63.2153 -64.3136 -42.8389 -48.3655 -109.715 -24.0825 -36.2953 -62.8426 -49.9407 -51.0733 -41.6186 -63.2279 -15.7766 -43.7121  -49.994 -40.4382 -42.5456 -46.5318 -54.3844 -56.6625 -62.7918 -74.7862 -35.2812 -43.8418 -49.2406 -64.8707 -47.1025 -32.8479 -47.4561 -52.6432 -23.5562 -42.1796
-25.3803 -15.8711 -28.8949 -9.07653 -18.7326 -8.42202 -3.43899 -6.74616  -28.101 -22.8812 -26.6488 -14.3693 -24.0825 -53.1639 -21.5134 -28.1268 -30.7572 -13.6341 -7.69302 -33.1382 -17.5906 -12.1257 -34.4645  4.35409 -13.1551 -25.0949  -22.512 -20.2113 -22.2263 -35.2143 -21.2706 -25.0857 -8.90874 -19.6169 -11.9415 -24.2594 -15.9086 -28.0616 -5.08638  -11.405
-29.2191 -16.2765 -42.5481 -9.63618 -31.2172 -20.7496 -21.3755 -30.5107 -30.7784 -26.5966 -30.7189 -29.9115 -36.2953 -21.5134 -81.0891 -42.3746 -41.0386 -32.6433 -11.8992 -31.3829 -9.95824 -47.8225 -17.4731 -12.3057 -20.8713 -19.8563 -30.5075 -15.9936 -40.3086 -45.5334 -10.9195 -26.0236 -31.0627 -31.4202 -26.6884 -23.3847 -42.9703 -22.7947 -13.5857 -22.7213
-54.8239  -52.871 -68.7907 -30.0612 -39.8774 -30.8015 -43.0496 -57.0236 -60.9255 -48.4303  -48.479 -48.9081 -62.8426 -28.1268 -42.3746 -110.469 -69.7264 -40.3689 -44.4247 -82.9722 -23.7513  -69.493 -55.0068 -29.4157 -44.0042 -46.7984 -60.0003 -55.3326 -54.1664 -69.0723 -52.9444 -51.6995 -56.4359 -59.6175 -41.7062 -32.2376 -55.5203 -57.1146 -20.0534  -60.132
 -50.294 -30.7065 -58.3896 -13.6703 -30.1754 -23.6054 -35.4252 -54.8723 -51.7576 -46.1002 -37.3662 -41.0331 -49.9407 -30.7572 -41.0386 -69.7264 -95.7836 -31.5907 -30.8694 -64.2188 -20.8106 -47.0773 -52.1092  -28.094 -41.0692 -35.2149 -39.8715 -43.2478 -39.9881 -58.0968 -39.6677 -48.1771 -28.0332 -36.1112 -35.8061  -35.009 -39.7092 -45.5323 -17.3393 -59.7882
-51.3654 -49.1847 -44.1787 -48.2888 -20.7527  -34.055 -28.8341 -28.9576 -33.8874 -23.1849 -25.4578 -57.6341 -51.0733 -13.6341 -32.6433 -40.3689 -31.5907 -94.9231 -13.2912  -33.706 -29.5789 -29.7417 -39.0858 -19.9786 -47.1735 -23.1155 -35.0513 -44.6613  -39.481 -64.6198 -11.9002 -30.0629 -49.1622 -54.5749 -16.9973 -43.0197 -52.5747 -24.3382 -26.8798  -43.936
-28.7228 -36.9484 -33.8306 -17.5482 -20.7967 -20.8301 -16.2949 -37.0039 -31.0079 -37.0431 -34.1003 -13.8604 -41.6186 -7.69302 -11.8992 -44.4247 -30.8694 -13.2912 -68.8448 -51.6616  -3.4927 -25.4437 -18.2074 -29.0447 -16.5248 -16.1256  -43.267 -34.6487 -31.8267 -34.9335 -35.0066 -17.6351 -40.7641 -36.3342 -31.0972 -19.1496 -18.8153 -31.6854  1.94918  -22.539
-55.6667 -48.2817 -73.0215 -23.7401 -38.1897 -26.9517 -26.7351 -56.6451 -59.3907 -56.2579  -42.202 -41.6387 -63.2279 -33.1382 -31.3829 -82.9722 -64.2188  -33.706 -51.6616 -114.799 -34.7009 -49.2412 -42.2619 -41.7973 -33.8754 -60.6453 -63.5167 -61.2186 -57.0172 -64.0885  -63.187 -58.3455 -63.3271 -65.9571 -38.4364  -42.848 -44.7742 -63.0068 -22.2805 -49.7606
-22.2519  -29.099  -26.609  -27.212 -28.1421 -28.5007 -20.3225 -24.5094 -19.3591 -20.5627 -13.5511  -29.331 -15.7766 -17.5906 -9.95824 -23.7513 -20.8106 -29.5789  -3.4927 -34.7009 -60.0884 -17.4346 -32.1671 -11.4696 -18.5773 -17.5357 -18.4561 -43.1145 -31.0333 -36.9584 -24.8523 -30.3003 -29.2112 -36.5736 -28.8223 -24.0006 -34.5946 -34.7789 -25.3822 -24.4845
-50.4274 -39.3504 -55.9659  -20.269 -36.6163 -30.2468 -42.0699 -38.3326 -38.8946 -36.5684 -33.9759 -37.3787 -43.7121 -12.1257 -47.8225  -69.493 -47.0773 -29.7417 -25.4437 -49.2412 -17.4346  -96.697 -28.5202 -35.6197 -39.8276 -21.5785 -58.2676 -40.2996 -48.5279 -63.9303 -33.3043 -37.4747 -43.9849 -45.9178 -38.7306 -20.9714 -44.1218 -49.7376 -26.9945 -33.2007
 -55.635 -58.6347 -50.6429 -42.1838 -37.7349 -37.8639 -44.0102 -41.4345 -53.5686 -43.3223 -36.5717 -37.7603  -49.994 -34.4645 -17.4731 -55.0068 -52.1092 -39.0858 -18.2074 -42.2619 -32.1671 -28.5202  -102.91 -27.1095 -39.2003  -34.268 -42.2763 -47.1441 -44.2244 -59.0101 -32.2258 -42.2936 -36.7368 -59.3177  -32.719 -32.2578 -50.9561 -52.6173 -28.9617 -54.9195
-42.5551 -33.6298 -48.4014 -15.6542 -22.5398  -30.513 -24.1882 -30.5046 -31.8786 -28.1512 -18.3893 -26.6194 -40.4382  4.35409 -12.3057 -29.4157  -28.094 -19.9786 -29.0447 -41.7973 -11.4696 -35.6197 -27.1095 -56.2155 -28.1238 -14.1124 -36.0598 -28.6084 -40.5686 -42.7441   -33.03  -27.664 -40.9019 -45.3064 -27.7308 -18.6959 -36.6081 -29.7802 -27.9853 -34.3274
-54.3313 -35.8615 -50.5201 -24.7499 -26.7784 -28.1737 -19.0009 -37.1541 -43.2233 -32.5582 -19.2066 -46.0519 -42.5456 -13.1551 -20.8713 -44.0042 -41.0692 -47.1735 -16.5248 -33.8754 -18.5773 -39.8276 -39.2003 -28.1238 -70.3213 -21.6139 -50.0361 -30.0406 -32.2818 -58.0346 -20.4651  -38.392 -37.1505 -33.6493 -15.0137 -24.4325  -42.547 -27.1449 -25.8896  -49.807
-33.9902 -40.8334 -56.4055 -22.5378 -28.5493 -15.5854 -12.0955 -36.3895 -45.4772 -39.7563 -39.6885 -40.6229 -46.5318 -25.0949 -19.8563 -46.7984 -35.2149 -23.1155 -16.1256 -60.6453 -17.5357 -21.5785  -34.268 -14.1124 -21.6139 -83.8721 -43.4876 -29.9604 -38.5087 -34.4013 -24.2989 -40.6443 -31.6999 -40.6619 -29.7992 -20.7664 -30.3073 -19.8524 -18.9774 -37.8721
-56.0029  -70.949 -61.3501 -35.7722 -34.1196  -40.382 -30.8649 -42.7619 -55.1456 -44.4958 -30.7307 -22.5627 -54.3844  -22.512 -30.5075 -60.0003 -39.8715 -35.0513  -43.267 -63.5167 -18.4561 -58.2676 -42.2763 -36.0598 -50.0361 -43.4876 -103.386 -30.3697 -57.6316 -74.1217 -30.6358 -34.8625 -60.0641 -51.0303 -45.8056  -26.018 -45.4326 -45.0286 -29.8913 -48.9505
-51.1402 -58.4399 -52.9307   -31.82 -30.6888 -16.5017 -26.2284 -46.7398 -35.8592  -38.338 -34.7135 -44.2501 -56.6625 -20.2113 -15.9936 -55.3326 -43.2478 -44.6613 -34.6487 -61.2186 -43.1145 -40.2996 -47.1441 -28.6084 -30.0406 -29.9604 -30.3697 -106.334 -48.0485 -61.0359 -48.7748 -32.3479 -51.9949 -55.3327 -29.4456  -32.818 -36.4061 -55.7857 -15.6953 -36.8502
-46.3182 -61.9724 -69.5414 -39.4853 -43.9225 -46.9914 -38.1179 -40.9241 -55.0893 -43.3223 -45.8259 -35.4588 -62.7918 -22.2263 -40.3086 -54.1664 -39.9881  -39.481 -31.8267 -57.0172 -31.0333 -48.5279 -44.2244 -40.5686 -32.2818 -38.5087 -57.6316 -48.0485 -119.295 -77.1637 -45.1031 -42.3086 -57.7245 -76.6871 -49.5676  -35.308  -49.614 -35.4032 -41.7615  -52.697
-77.6538 -74.7842 -69.2752 -37.6511 -43.4673  -59.208 -55.8767 -55.0904 -61.2626 -48.3575 -49.4691 -49.5818 -74.7862 -35.2143 -45.5334 -69.0723 -58.0968 -64.6198 -34.9335 -64.0885 -36.9584 -63.9303 -59.0101 -42.7441 -58.0346 -34.4013 -74.1217 -61.0359 -77.1637  -138.48 -49.5119 -48.0422 -64.9157 -77.8221 -49.7725 -43.9162 -70.9946 -60.6273 -43.7179 -61.4208
-27.1316 -31.0004 -41.0431 -15.4551 -26.1772 -29.6343 -22.8853 -35.3441 -40.5471 -35.2871 -41.0887 -32.2144 -35.2812 -21.2706 -10.9195 -52.9444 -39.6677 -11.9002 -35.0066  -63.187 -24.8523 -33.3043 -32.2258   -33.03 -20.4651 -24.2989 -30.6358 -48.7748 -45.1031 -49.5119 -75.7694 -39.9824 -33.3006 -37.3165 -27.4916 -32.1528 -25.3726 -42.4688  -23.138 -22.6183
-46.7281   -25.31 -63.9953 -18.9961 -32.8574 -38.1117 -21.6095 -41.7618 -58.4644 -46.6763 -47.6058 -43.4827 -43.8418 -25.0857 -26.0236 -51.6995 -48.1771 -30.0629 -17.6351 -58.3455 -30.3003 -37.4747 -42.2936  -27.664  -38.392 -40.6443 -34.8625 -32.3479 -42.3086 -48.0422 -39.9824 -96.3588 -29.0575 -45.9419  -32.281 -33.7471 -37.9323 -38.2442 -23.4277 -44.9573
-46.4975 -58.0488 -55.4036 -25.6477 -35.8965 -31.4094 -27.7981 -51.2301 -31.6191  -37.263 -25.0025 -45.2628 -49.2406 -8.90874 -31.0627 -56.4359 -28.0332 -49.1622 -40.7641 -63.3271 -29.2112 -43.9849 -36.7368 -40.9019 -37.1505 -31.6999 -60.0641 -51.9949 -57.7245 -64.9157 -33.3006 -29.0575 -94.8005 -72.9801  -42.798 -30.2975 -48.7803 -46.2214 -40.9787  -44.155
-63.8045 -69.1231 -64.5838  -42.152 -44.1449 -56.0991 -41.4036  -43.729 -52.8149  -55.488  -41.095 -55.0346 -64.8707 -19.6169 -31.4202 -59.6175 -36.1112 -54.5749 -36.3342 -65.9571 -36.5736 -45.9178 -59.3177 -45.3064 -33.6493 -40.6619 -51.0303 -55.3327 -76.6871 -77.8221 -37.3165 -45.9419 -72.9801 -124.318 -62.8045 -32.2043 -54.1386 -50.7576 -37.6491 -58.3013
-28.2247 -39.6884 -47.6738 -22.0819 -35.5669 -50.0916 -27.8487 -52.3118 -35.2061 -37.5575 -35.3639 -31.5436 -47.1025 -11.9415 -26.6884 -41.7062 -35.8061 -16.9973 -31.0972 -38.4364 -28.8223 -38.7306  -32.719 -27.7308 -15.0137 -29.7992 -45.8056 -29.4456 -49.5676 -49.7725 -27.4916  -32.281  -42.798 -62.8045 -93.5653 -11.4467 -29.9453 -38.9345 -33.8439 -30.0224
-35.5363 -23.8054 -41.6431 -12.8474 -10.1562 -8.49406 -22.1254 -21.9913 -32.9541 -26.4861 -37.8928 -31.3389 -32.8479 -24.2594 -23.3847 -32.2376  -35.009 -43.0197 -19.1496  -42.848 -24.0006 -20.9714 -32.2578 -18.6959 -24.4325 -20.7664  -26.018  -32.818  -35.308 -43.9162 -32.1528 -33.7471 -30.2975 -32.2043 -11.4467 -76.7849 -35.2757 -23.7564 -19.2331 -29.1844
-56.0696 -50.8484 -60.8223 -31.6701 -44.0825 -41.7388 -43.5948 -39.9378 -42.9608  -30.078 -29.7445 -53.5003 -47.4561 -15.9086 -42.9703 -55.5203 -39.7092 -52.5747 -18.8153 -44.7742 -34.5946 -44.1218 -50.9561 -36.6081  -42.547 -30.3073 -45.4326 -36.4061  -49.614 -70.9946 -25.3726 -37.9323 -48.7803 -54.1386 -29.9453 -35.2757  -88.087 -45.0533  -31.145 -52.4043
-42.1922 -36.4664 -41.0858 -18.3587 -32.8061 -31.5342 -37.2588 -48.5308 -34.0176 -43.8199 -23.8318  -30.104 -52.6432 -28.0616 -22.7947 -57.1146 -45.5323 -24.3382 -31.6854 -63.0068 -34.7789 -49.7376 -52.6173 -29.7802 -27.1449 -19.8524 -45.0286 -55.7857 -35.4032 -60.6273 -42.4688 -38.2442 -46.2214 -50.7576 -38.9345 -23.7564 -45.0533 -90.7119  -22.487 -31.7222
-20.2531 -29.3729 -30.0096 -21.1674 -21.4644  -33.442 -24.0614 -26.6671 -15.4016 -17.9517  -9.7143 -41.9613 -23.5562 -5.08638 -13.5857 -20.0534 -17.3393 -26.8798  1.94918 -22.2805 -25.3822 -26.9945 -28.9617 -27.9853 -25.8896 -18.9774 -29.8913 -15.6953 -41.7615 -43.7179  -23.138 -23.4277 -40.9787 -37.6491 -33.8439 -19.2331  -31.145  -22.487 -67.6445 -29.6148
-50.9682 -60.9514 -54.7575 -39.4612 -21.7426 -28.6915 -21.2282 -40.1063  -31.428 -35.0744 -37.3256   -49.91 -42.1796  -11.405 -22.7213  -60.132 -59.7882  -43.936  -22.539 -49.7606 -24.4845 -33.2007 -54.9195 -34.3274  -49.807 -37.8721 -48.9505 -36.8502  -52.697 -61.4208 -22.6183 -44.9573  -44.155 -58.3013 -30.0224 -29.1844 -52.4043 -31.7222 -29.6148 -103.114
-0.653229  0.210532  0.634259  0.244231   2.70607   2.60719  -0.36713 -0.801116   2.16244 -0.037893  0.533244     2.231  0.409049 -0.692038   1.92159  0.909683   1.80458 -0.939871  0.473868 0.0759599        -0        -0        -0        -0        -0        -0        -0        -0        -0        -0        -0        -0        -0        -0        -0        -0        -0        -0        -0        -0
  0.210532    1.38759   0.839129     1.6763   0.440424   0.912436    1.60354   0.357965  -0.773743    1.88448  -0.805171  -0.631831    1.39967 0.00602213    1.75786   0.268883    0.60132   -0.40832   0.377583    2.22158         -0         -0         -0         -0         -0         -0         -0         -0         -0         -0         -0         -0         -0         -0         -0         -0         -0         -0         -0         -0
  0.634259   0.839129  -0.454479   0.772472    1.57406 0.00791996   0.695865  -0.227125     1.2303    1.88596     1.9977  -0.371933    1.65567   0.590012  -0.217103   0.421537    2.83308    2.71862    1.85219    1.60188         -0         -0         -0         -0         -0         -0         -0         -0         -0         -0         -0         -0         -0         -0         -0         -0         -0         -0         -0         -0
 0.244231    1.6763  0.772472 0.0321968 -0.271743   1.25894 0.0877271    1.2896 -0.504824  0.914972   2.61859 -0.910141 -0.955594   2.86087   0.45784   1.14931   1.51452   1.61232    1.4473   1.18301        -0        -0        -0        -0        -0        -0        -0        -0        -0        -0        -0        -0        -0        -0        -0        -0        -0        -0        -0        -0
  2.70607  0.440424   1.57406 -0.271743  0.310171 -0.872585   1.32071   1.51793   1.01638   2.93581 -0.230455   2.41413   1.02866  0.714041   1.76707  0.427399  0.218506  0.913987  0.989131 -0.133807        -0        -0        -0        -0        -0        -0        -0        -0        -0        -0        -0        -0        -0        -0        -0        -0        -0        -0        -0        -0
   2.60719   0.912436 0.00791996    1.25894  -0.872585   0.711254    2.99421    2.98992    1.88522    2.45078    2.91999    2.47861  -0.934473    2.02632    1.76768    2.55948    2.71948  -0.588942    1.70039  -0.567309         -0         -0         -0         -0         -0         -0         -0         -0         -0         -0         -0         -0         -0         -0         -0         -0         -0         -0         -0         -0
 -0.36713   1.60354  0.695865 0.0877271   1.32071   2.99421   2.17732  0.690485  0.955324  0.188545 -0.778138   1.96509   1.61557 -0.816674   2.40822 -0.582399   2.93851   2.93159 -0.151873 -0.491429        -0        -0        -0        -0        -0        -0        -0        -0        -0        -0        -0        -0        -0        -0        -0        -0        -0        -0        -0        -0
 -0.801116   0.357965  -0.227125     1.2896    1.51793    2.98992   0.690485    1.92574   0.517751 -0.0186586   0.334177   0.345321   0.108437    1.34205    1.25488   0.651441    2.86201    1.00398    1.16016    1.23029         -0         -0         -0         -0         -0         -0         -0         -0         -0         -0         -0         -0         -0         -0         -0         -0         -0         -0         -0         -0
  2.16244 -0.773743    1.2303 -0.504824   1.01638   1.88522  0.955324  0.517751   1.43381   2.19293   1.53278 -0.715523   1.66393 -0.315509   2.71756    -0.687   2.78921 -0.488287   1.96619   1.20201        -0        -0        -0        -0        -0        -0        -0        -0        -0        -0        -0        -0        -0        -0        -0        -0        -0        -0        -0        -0
 -0.037893    1.88448    1.88596   0.914972    2.93581    2.45078   0.188545 -0.0186586    2.19293  -0.367399    2.75088    2.35808    1.16808   0.839959    1.70392    2.79433    2.70455    2.50573 -0.0996031    1.69614         -0         -0         -0         -0         -0         -0         -0         -0         -0         -0         -0         -0         -0         -0         -0         -0         -0         -0         -0         -0
 0.533244 -0.805171    1.9977   2.61859 -0.230455   2.91999 -0.778138  0.334177   1.53278   2.75088 -0.256963  0.710321   2.38114  0.502843   1.02717  -0.46059   2.19001  0.811534   1.64419   2.38359        -0        -0        -0        -0        -0        -0        -0        -0        -0        -0        -0        -0        -0        -0        -0        -0        -0        -0        -0        -0
    2.231 -0.631831 -0.371933 -0.910141   2.41413   2.47861   1.96509  0.345321 -0.715523   2.35808  0.710321  0.817721  0.894928   1.09354 -0.974473   2.23459  0.698888   2.31629   2.02632   2.67588        -0        -0        -0        -0        -0        -0        -0        -0        -0        -0        -0        -0        -0        -0        -0        -0        -0        -0        -0        -0
  0.409049    1.39967    1.65567  -0.955594    1.02866  -0.934473    1.61557   0.108437    1.66393    1.16808    2.38114   0.894928    1.53625  -0.760372    2.70994    1.55219 -0.0265699   0.107053   0.492077  -0.926273         -0         -0         -0         -0         -0         -0         -0         -0         -0         -0         -0         -0         -0         -0         -0         -0         -0         -0         -0         -0
 -0.692038 0.00602213   0.590012    2.86087   0.714041    2.02632  -0.816674    1.34205  -0.315509   0.839959   0.502843    1.09354  -0.760372  -0.841484    2.61719   0.322307  -0.388452   0.644616    1.36282    1.23578         -0         -0         -0         -0         -0         -0         -0         -0         -0         -0         -0         -0         -0         -0         -0         -0         -0         -0         -0         -0
  1.92159   1.75786 -0.217103   0.45784   1.76707   1.76768   2.40822   1.25488   2.71756   1.70392   1.02717 -0.974473   2.70994   2.61719    2.8864 -0.307566    2.8482  0.830813  0.638641   1.12318        -0        -0        -0        -0        -0        -0        -0        -0        -0        -0        -0        -0        -0        -0        -0        -0        -0        -0        -0        -0
 0.909683  0.268883  0.421537   1.14931  0.427399   2.55948 -0.582399  0.651441    -0.687   2.79433  -0.46059   2.23459   1.55219  0.322307 -0.307566  0.319263   1.40083   1.32556   2.40606   1.06286        -0        -0        -0        -0        -0        -0        -0        -0        -0        -0        -0        -0        -0        -0        -0        -0        -0        -0        -0        -0
   1.80458    0.60132    2.83308    1.51452   0.218506    2.71948    2.93851    2.86201    2.78921    2.70455    2.19001   0.698888 -0.0265699  -0.388452     2.8482    1.40083  -0.828969   0.364097    1.77387 -0.0638286         -0         -0         -0         -0         -0         -0         -0         -0         -0         -0         -0         -0         -0         -0         -0         -0         -0         -0         -0         -0
-0.939871  -0.40832   2.71862   1.61232  0.913987 -0.588942   2.93159   1.00398 -0.488287   2.50573  0.811534   2.31629  0.107053  0.644616  0.830813   1.32556  0.364097  0.769321  0.570228    1.9713        -0        -0        -0        -0        -0        -0        -0        -0        -0        -0        -0        -0        -0        -0        -0        -0        -0        -0        -0        -0
  0.473868   0.377583    1.85219     1.4473   0.989131    1.70039  -0.151873    1.16016    1.96619 -0.0996031    1.64419    2.02632   0.492077    1.36282   0.638641    2.40606    1.77387   0.570228   0.410043   -0.77698         -0         -0         -0         -0         -0         -0         -0         -0         -0         -0         -0         -0         -0         -0         -0         -0         -0         -0         -0         -0
 0.0759599    2.22158    1.60188    1.18301  -0.133807  -0.567309  -0.491429    1.23029    1.20201    1.69614    2.38359    2.67588  -0.926273    1.23578    1.12318    1.06286 -0.0638286     1.9713   -0.77698    2.90236         -0         -0         -0         -0         -0         -0         -0         -0         -0         -0         -0         -0         -0         -0         -0         -0         -0         -0         -0         -0
        -0         -0         -0         -0         -0         -0         -0         -0         -0         -0         -0         -0         -0         -0         -0         -0         -0         -0         -0         -0   0.653229  -0.210532  -0.634259  -0.244231   -2.70607   -2.60719    0.36713   0.801116   -2.16244   0.037893  -0.533244     -2.231  -0.409049   0.692038   -1.92159  -0.909683   -1.80458   0.939871  -0.473868 -0.0759599
         -0          -0          -0          -0          -0          -0          -0          -0          -0          -0          -0          -0          -0          -0          -0          -0          -0          -0          -0          -0   -0.210532    -1.38759   -0.839129     -1.6763   -0.440424   -0.912436    -1.60354   -0.357965    0.773743    -1.88448    0.805171    0.631831    -1.39967 -0.00602213    -1.75786   -0.268883    -0.60132     0.40832   -0.377583    -2.22158
         -0          -0          -0          -0          -0          -0          -0          -0          -0          -0          -0          -0          -0          -0          -0          -0          -0          -0          -0          -0   -0.634259   -0.839129    0.454479   -0.772472    -1.57406 -0.00791996   -0.695865    0.227125     -1.2303    -1.88596     -1.9977    0.371933    -1.65567   -0.590012    0.217103   -0.421537    -2.83308    -2.71862    -1.85219    -1.60188
        -0         -0         -0         -0         -0         -0         -0         -0         -0         -0         -0         -0         -0         -0         -0         -0         -0         -0         -0         -0  -0.244231    -1.6763  -0.772472 -0.0321968   0.271743   -1.25894 -0.0877271    -1.2896   0.504824  -0.914972   -2.61859   0.910141   0.955594   -2.86087   -0.45784   -1.14931   -1.51452   -1.61232    -1.4473   -1.18301
       -0        -0        -0        -0        -0        -0        -0        -0        -0        -0        -0        -0        -0        -0        -0        -0        -0        -0        -0        -0  -2.70607 -0.440424  -1.57406  0.271743 -0.310171  0.872585  -1.32071  -1.51793  -1.01638  -2.93581  0.230455  -2.41413  -1.02866 -0.714041  -1.76707 -0.427399 -0.218506 -0.913987 -0.989131  0.133807
         -0          -0          -0          -0          -0          -0          -0          -0          -0          -0          -0          -0          -0          -0          -0          -0          -0          -0          -0          -0    -2.60719   -0.912436 -0.00791996    -1.25894    0.872585   -0.711254    -2.99421    -2.98992    -1.88522    -2.45078    -2.91999    -2.47861    0.934473    -2.02632    -1.76768    -2.55948    -2.71948    0.588942    -1.70039    0.567309
        -0         -0         -0         -0         -0         -0         -0         -0         -0         -0         -0         -0         -0         -0         -0         -0         -0         -0         -0         -0    0.36713   -1.60354  -0.695865 -0.0877271   -1.32071   -2.99421   -2.17732  -0.690485  -0.955324  -0.188545   0.778138   -1.96509   -1.61557   0.816674   -2.40822   0.582399   -2.93851   -2.93159   0.151873   0.491429
       -0        -0        -0        -0        -0        -0        -0        -0        -0        -0        -0        -0        -0        -0        -0        -0        -0        -0        -0        -0  0.801116 -0.357965  0.227125   -1.2896  -1.51793  -2.98992 -0.690485  -1.92574 -0.517751 0.0186586 -0.334177 -0.345321 -0.108437  -1.34205  -1.25488 -0.651441  -2.86201  -1.00398  -1.16016  -1.23029
       -0        -0        -0        -0        -0        -0        -0        -0        -0        -0        -0        -0        -0        -0        -0        -0        -0        -0        -0        -0  -2.16244  0.773743   -1.2303  0.504824  -1.01638  -1.88522 -0.955324 -0.517751  -1.43381  -2.19293  -1.53278  0.715523  -1.66393  0.315509  -2.71756     0.687  -2.78921  0.488287  -1.96619  -1.20201
       -0        -0        -0        -0        -0        -0        -0        -0        -0        -0        -0        -0        -0        -0        -0        -0        -0        -0        -0        -0  0.037893  -1.88448  -1.88596 -0.914972  -2.93581  -2.45078 -0.188545 0.0186586  -2.19293  0.367399  -2.75088  -2.35808  -1.16808 -0.839959  -1.70392  -2.79433  -2.70455  -2.50573 0.0996031  -1.69614
       -0        -0        -0        -0        -0        -0        -0        -0        -0        -0        -0        -0        -0        -0        -0        -0        -0        -0        -0        -0 -0.533244  0.805171   -1.9977  -2.61859  0.230455  -2.91999  0.778138 -0.334177  -1.53278  -2.75088  0.256963 -0.710321  -2.38114 -0.502843  -1.02717   0.46059  -2.19001 -0.811534  -1.64419  -2.38359
       -0        -0        -0        -0        -0        -0        -0        -0        -0        -0        -0        -0        -0        -0        -0        -0        -0        -0        -0        -0    -2.231  0.631831  0.371933  0.910141  -2.41413  -2.47861  -1.96509 -0.345321  0.715523  -2.35808 -0.710321 -0.817721 -0.894928  -1.09354  0.974473  -2.23459 -0.698888  -2.31629  -2.02632  -2.67588
       -0        -0        -0        -0        -0        -0        -0        -0        -0        -0        -0        -0        -0        -0        -0        -0        -0        -0        -0        -0 -0.409049  -1.39967  -1.65567  0.955594  -1.02866  0.934473  -1.61557 -0.108437  -1.66393  -1.16808  -2.38114 -0.894928  -1.53625  0.760372  -2.70994  -1.55219 0.0265699 -0.107053 -0.492077  0.926273
         -0          -0          -0          -0          -0          -0          -0          -0          -0          -0          -0          -0          -0          -0          -0          -0          -0          -0          -0          -0    0.692038 -0.00602213   -0.590012    -2.86087   -0.714041    -2.02632    0.816674    -1.34205    0.315509   -0.839959   -0.502843    -1.09354    0.760372    0.841484    -2.61719   -0.322307    0.388452   -0.644616    -1.36282    -1.23578
       -0        -0        -0        -0        -0        -0        -0        -0        -0        -0        -0        -0        -0        -0        -0        -0        -0        -0        -0        -0  -1.92159  -1.75786  0.217103  -0.45784  -1.76707  -1.76768  -2.40822  -1.25488  -2.71756  -1.70392  -1.02717  0.974473  -2.70994  -2.61719   -2.8864  0.307566   -2.8482 -0.830813 -0.638641  -1.12318
       -0        -0        -0        -0        -0        -0        -0        -0        -0        -0        -0        -0        -0        -0        -0        -0        -0        -0        -0        -0 -0.909683 -0.268883 -0.421537  -1.14931 -0.427399  -2.55948  0.582399 -0.651441     0.687  -2.79433   0.46059  -2.23459  -1.55219 -0.322307  0.307566 -0.319263  -1.40083  -1.32556  -2.40606  -1.06286
       -0        -0        -0        -0        -0        -0        -0        -0        -0        -0        -0        -0        -0        -0        -0        -0        -0        -0        -0        -0  -1.80458  -0.60132  -2.83308  -1.51452 -0.218506  -2.71948  -2.93851  -2.86201  -2.78921  -2.70455  -2.19001 -0.698888 0.0265699  0.388452   -2.8482  -1.40083  0.828969 -0.364097  -1.77387 0.0638286
       -0        -0        -0        -0        -0        -0        -0        -0        -0        -0        -0        -0        -0        -0        -0        -0        -0        -0        -0        -0  0.939871   0.40832  -2.71862  -1.61232 -0.913987  0.588942  -2.93159  -1.00398  0.488287  -2.50573 -0.811534  -2.31629 -0.107053 -0.644616 -0.830813  -1.32556 -0.364097 -0.769321 -0.570228   -1.9713
       -0        -0        -0        -0        -0        -0        -0        -0        -0        -0        -0        -0        -0        -0        -0        -0        -0        -0        -0        -0 -0.473868 -0.377583  -1.85219   -1.4473 -0.989131  -1.70039  0.151873  -1.16016  -1.96619 0.0996031  -1.64419  -2.02632 -0.492077  -1.36282 -0.638641  -2.40606  -1.77387 -0.570228 -0.410043   0.77698
        -0         -0         -0         -0         -0         -0         -0         -0         -0         -0         -0         -0         -0         -0         -0         -0         -0         -0         -0         -0 -0.0759599   -2.22158   -1.60188   -1.18301   0.133807   0.567309   0.491429   -1.23029   -1.20201   -1.69614   -2.38359   -2.67588   0.926273   -1.23578   -1.12318   -1.06286  0.0638286    -1.9713    0.77698   -2.90236
   2.8717 -0.398765  0.481644   1.07938 0.0825137 -0.125632   1.76632   1.23069 -0.952204   0.81329   2.75453   2.37415   2.08878  0.432315 -0.594512 -0.684512 -0.602785   1.01835 -0.435809  -0.44487        -0        -0        -0        -0        -0        -0        -0        -0        -0        -0        -0        -0        -0        -0        -0        -0        -0        -0        -0        -0
-0.398765   2.88154   1.35147  0.656914   1.28167   1.73575   1.23183   2.65686   1.49857  0.893976   1.20594   2.69533  0.499597 -0.971614  0.488212  0.631071 -0.230485  0.522171   2.59589  0.576221        -0        -0        -0        -0        -0        -0        -0        -0        -0        -0        -0        -0        -0        -0        -0        -0        -0        -0        -0        -0
 0.481644   1.35147   2.80291 -0.915385   1.39531   1.13248   1.43578   2.30552  -0.56742   2.73749 -0.398785  0.110599   2.33165 0.0562998   1.24296  0.704332   1.69513  0.787589    2.7564  0.153928        -0        -0        -0        -0        -0        -0        -0        -0        -0        -0        -0        -0        -0        -0        -0        -0        -0        -0        -0        -0
  1.07938  0.656914 -0.915385   2.90743   1.61276  0.253329  0.384627  0.576184   1.48097   1.66211  0.707805 -0.664581    2.5087   1.24284 -0.899569   1.39082    1.1818   1.01686   1.24265   2.47998        -0        -0        -0        -0        -0        -0        -0        -0        -0        -0        -0        -0        -0        -0        -0        -0        -0        -0        -0        -0
0.0825137   1.28167   1.39531   1.61276  0.576587  0.121353 -0.570437  0.448104  -0.39258 -0.193023   2.01692 -0.440774 -0.768769   2.25639   1.27411  0.769176  -0.27052   2.62978 -0.957635 -0.556161        -0        -0        -0        -0        -0        -0        -0        -0        -0        -0        -0        -0        -0        -0        -0        -0        -0        -0        -0        -0
-0.125632   1.73575   1.13248  0.253329  0.121353 -0.584483   1.31715   1.85011   2.72431 -0.456521   0.29925 -0.466788 -0.697394 -0.490036   2.16658  0.374622 -0.635403 -0.925993   1.56705   1.44796        -0        -0        -0        -0        -0        -0        -0        -0        -0        -0        -0        -0        -0        -0        -0        -0        -0        -0        -0        -0
  1.76632   1.23183   1.43578  0.384627 -0.570437   1.31715   2.54438   1.49827    1.0355   2.94049  0.109181  0.904111 -0.264412   1.07028   -0.6454  -0.30261   2.22277 -0.710514   0.69028   2.13431        -0        -0        -0        -0        -0        -0        -0        -0        -0        -0        -0        -0        -0        -0        -0        -0        -0        -0        -0        -0
   1.23069    2.65686    2.30552   0.576184   0.448104    1.85011    1.49827    1.01538    2.13178    1.03713    1.67801   0.147426    2.50634    2.78365    2.59322    1.20989   0.199409 -0.0960198   0.863466    2.67605         -0         -0         -0         -0         -0         -0         -0         -0         -0         -0         -0         -0         -0         -0         -0         -0         -0         -0         -0         -0
-0.952204   1.49857  -0.56742   1.48097  -0.39258   2.72431    1.0355   2.13178 -0.108836 -0.106155 -0.504447  0.991327  0.214053 0.0728097  0.994311    0.7805 -0.895654   1.71503    1.0751   1.96477        -0        -0        -0        -0        -0        -0        -0        -0        -0        -0        -0        -0        -0        -0        -0        -0        -0        -0        -0        -0
  0.81329  0.893976   2.73749   1.66211 -0.193023 -0.456521   2.94049   1.03713 -0.106155    1.4627   1.52594   1.60459   2.99961 -0.424262  0.756196    1.5103 -0.952614   1.15534    2.3478   2.98805        -0        -0        -0        -0        -0        -0        -0        -0        -0        -0        -0        -0        -0        -0        -0        -0        -0        -0        -0        -0
  2.75453   1.20594 -0.398785  0.707805   2.01692   0.29925  0.109181   1.67801 -0.504447   1.52594   1.99414   1.62679    2.6753 -0.193547   1.90366   2.86465   1.74215 -0.827514  0.465066   2.01262        -0        -0        -0        -0        -0        -0        -0        -0        -0        -0        -0        -0        -0        -0        -0        -0        -0        -0        -0        -0
  2.37415   2.69533  0.110599 -0.664581 -0.440774 -0.466788  0.904111  0.147426  0.991327   1.60459   1.62679   0.74586 -0.411801 -0.838407   2.42663   1.18599 -0.580166   2.11224 -0.906552   2.52896        -0        -0        -0        -0        -0        -0        -0        -0        -0        -0        -0        -0        -0        -0        -0        -0        -0        -0        -0        -0
  2.08878  0.499597   2.33165    2.5087 -0.768769 -0.697394 -0.264412   2.50634  0.214053   2.99961    2.6753 -0.411801   2.69494   1.07534  0.784582   2.99851  0.678457   1.92485  -0.13003   2.58394        -0        -0        -0        -0        -0        -0        -0        -0        -0        -0        -0        -0        -0        -0        -0        -0        -0        -0        -0        -0
 0.432315 -0.971614 0.0562998   1.24284   2.25639 -0.490036   1.07028   2.78365 0.0728097 -0.424262 -0.193547 -0.838407   1.07534 -0.861895   2.95996   1.10761 -0.553521   1.86762   2.25265   1.76901        -0        -0        -0        -0        -0        -0        -0        -0        -0        -0        -0        -0        -0        -0        -0        -0        -0        -0        -0        -0
-0.594512  0.488212   1.24296 -0.899569   1.27411   2.16658   -0.6454   2.59322  0.994311  0.756196   1.90366   2.42663  0.784582   2.95996  0.669465   1.28642   1.81066  0.294037   1.11031  0.771608        -0        -0        -0        -0        -0        -0        -0        -0        -0        -0        -0        -0        -0        -0        -0        -0        -0        -0        -0        -0
-0.684512  0.631071  0.704332   1.39082  0.769176  0.374622  -0.30261   1.20989    0.7805    1.5103   2.86465   1.18599   2.99851   1.10761   1.28642   1.27262   2.44763   2.65433 -0.500245    2.6263        -0        -0        -0        -0        -0        -0        -0        -0        -0        -0        -0        -0        -0        -0        -0        -0        -0        -0        -0        -0
-0.602785 -0.230485   1.69513    1.1818  -0.27052 -0.635403   2.22277  0.199409 -0.895654 -0.952614   1.74215 -0.580166  0.678457 -0.553521   1.81066   2.44763  0.821101   2.23222   2.32666  0.336063        -0        -0        -0        -0        -0        -0        -0        -0        -0        -0        -0        -0        -0        -0        -0        -0        -0        -0        -0        -0
   1.01835   0.522171   0.787589    1.01686    2.62978  -0.925993  -0.710514 -0.0960198    1.71503    1.15534  -0.827514    2.11224    1.92485    1.86762   0.294037    2.65433    2.23222  -0.483195    1.39979    2.46189         -0         -0         -0         -0         -0         -0         -0         -0         -0         -0         -0         -0         -0         -0         -0         -0         -0         -0         -0         -0
-0.435809   2.59589    2.7564   1.24265 -0.957635   1.56705   0.69028  0.863466    1.0751    2.3478  0.465066 -0.906552  -0.13003   2.25265   1.11031 -0.500245   2.32666   1.39979  0.403735  0.489766        -0        -0        -0        -0        -0        -0        -0        -0        -0        -0        -0        -0        -0        -0        -0        -0        -0        -0        -0        -0
 -0.44487  0.576221  0.153928   2.47998 -0.556161   1.44796   2.13431   2.67605   1.96477   2.98805   2.01262   2.52896   2.58394   1.76901  0.771608    2.6263  0.336063   2.46189  0.489766   2.41116        -0        -0        -0        -0        -0        -0        -0        -0        -0        -0        -0        -0        -0        -0        -0        -0        -0        -0        -0        -0
