40
1
40
  0.184369   0.243519   0.357082 -0.0158576 -0.0872433   -0.20812   0.129194    0.15066  -0.178669 -0.0476154  0.0139256 -0.0514344   0.212046 -0.0544705  0.0839129   0.114269  0.0222101 -0.0722702  -0.179481  -0.332339   0.327788  0.0802834   0.158269 -0.0454477  -0.200973  -0.116157  -0.115443  -0.071833   0.164551   0.127983 -0.0845924  -0.159479  0.0316586 0.00239527   0.164869   0.137226 -0.0589525   0.269437  -0.146785 -0.0337101
-98.8084  -58.952 -57.7475 -47.4558 -45.1766 -45.3975 -40.0125 -37.5583 -28.3378 -48.1501  -50.603 -29.1017 -21.9718 -30.0708  -47.818 -48.5071 -37.2764 -60.4384 -50.8815 -48.5951 -45.7882 -42.2725 -41.2064 -34.9075 -59.3768 -45.6587 -30.9853 -58.1308 -35.5364 -59.9939 -38.5016 -42.2074 -43.0058 -39.0615 -40.7659 -39.7253 -43.2131 -41.0424    -34.9  -50.785
 -58.952 -143.325 -68.9079 -54.0155 -33.9732 -57.1987 -74.3968 -55.7281 -47.5875 -70.7915 -80.6171 -39.1461 -48.9436 -44.0945 -64.9492  -36.351 -54.1333 -72.3282 -59.7223 -64.6294 -40.1416 -65.9213 -65.5845 -70.4901 -68.3142 -91.4166 -31.8377 -73.1409 -55.9716 -66.6066 -24.7163 -42.5327 -44.0394 -45.5273 -55.9589 -57.3991 -44.9282 -64.3806 -40.8634 -60.7569
-57.7475 -68.9079 -112.082 -52.7871 -51.2949 -57.6258 -52.8489 -41.2381  -59.034 -62.0018 -59.5129  -30.859 -61.3548 -38.4464 -52.5778 -44.9128 -50.4774 -62.4621  -42.959 -55.6467 -61.4023 -62.9715 -51.6869 -48.5622 -81.0497 -58.5603  -30.995 -75.0806 -62.9023 -68.1127 -30.1494 -42.6915 -43.4232 -49.8908 -45.1649 -43.5986  -51.746 -48.7672 -35.0089 -65.0049
-47.4558 -54.0155 -52.7871 -85.1289 -52.4087 -32.3632 -34.8066 -41.3251   -22.41  -48.361 -37.8448  -16.614 -39.2243 -26.8854 -39.5766 -28.9538 -48.5605 -51.5111 -40.6305 -46.4661 -32.7595 -36.9801 -50.0117 -35.5774 -39.6804 -47.4111 -25.4458 -53.5735 -36.5317 -38.7806 -22.5107 -28.9287  -33.757  -26.236 -25.6581 -25.1899 -39.4577 -35.4809 -24.2371 -36.1992
-45.1766 -33.9732 -51.2949 -52.4087  -90.461 -22.6842 -19.9546  -32.317 -12.5237  -41.533 -30.1627 -28.3196 -39.0529 -33.7803  -25.151 -23.0031 -42.4133 -27.5005 -28.9089 -34.1011 -27.5951 -25.5753 -31.6464 -26.1838 -33.9599 -46.0644 -17.8394 -30.0374 -32.4184 -41.4201 -18.9531 -34.4652 -25.9807 -38.1921 -21.0084 -7.88292 -26.3843 -28.9673 -23.2404 -35.0546
-45.3975 -57.1987 -57.6258 -32.3632 -22.6842 -79.0642 -46.5725 -30.5458 -44.0369 -45.9529 -62.0455 -34.5277 -29.0905 -32.7295 -37.8445 -36.1422 -44.0894 -47.7426 -35.8667 -58.0876 -34.3875 -51.9458 -39.2501 -38.6525 -43.6546 -36.8642 -27.2525 -59.5743    -30.3 -36.6918 -9.35129 -41.8244 -35.6208  -44.071 -23.3312 -37.2145 -37.6163 -27.1627 -34.3393 -28.5791
-40.0125 -74.3968 -52.8489 -34.8066 -19.9546 -46.5725 -91.7579 -47.4255 -34.5794 -47.8359 -49.7578 -34.9823 -44.9239 -31.7029 -56.3082 -37.5848 -39.0821 -53.3089 -45.1289 -50.0674 -42.9117 -47.0789 -48.1136 -45.5935 -49.9841 -53.3112 -37.5698 -45.9263 -45.1975 -56.2512 -26.8488 -23.6656 -33.2255 -51.4706 -27.8485 -36.5418 -36.0135 -34.1568 -32.8941 -49.8374
-37.5583 -55.7281 -41.2381 -41.3251  -32.317 -30.5458 -47.4255 -102.314 -40.0302 -34.4878 -49.3488 -46.0115 -40.9735 -40.6707 -41.4335 -45.0181  -36.821  -50.107 -46.1938 -54.5598 -50.0307 -48.3529 -37.9189 -44.0059 -33.1374 -57.1892 -46.9588 -30.5814 -28.4913   -47.72 -29.7007  -39.479 -37.3576  -59.847 -29.8421 -25.6015 -42.0033 -54.6699 -22.2706 -40.0193
-28.3378 -47.5875  -59.034   -22.41 -12.5237 -44.0369 -34.5794 -40.0302 -98.2869 -40.9687 -42.8873 -26.0693 -38.5906 -20.5055 -55.6385 -35.6558 -35.5151  -50.704 -35.8462 -34.4094 -34.0208 -44.0846 -39.4285 -42.6345 -48.1143 -43.1812 -22.7893 -60.3938 -36.6339 -55.3167 -27.7616 -43.8446 -48.9702  -44.809 -27.6211  -40.746 -42.8158  -34.035 -22.0057 -45.6656
-48.1501 -70.7915 -62.0018  -48.361  -41.533 -45.9529 -47.8359 -34.4878 -40.9687 -93.4107 -57.1321 -30.9171 -55.5974 -31.4638  -50.303 -32.4936 -31.2002 -57.4132 -34.7294 -43.5642 -46.2041 -54.4709 -54.0686 -53.3887 -65.0228 -59.6189 -23.2834  -62.306 -38.0626 -50.5624 -32.4622 -47.2342 -42.5961 -39.0566 -36.1934 -38.2021 -45.9576 -52.5815 -45.4432 -60.1703
 -50.603 -80.6171 -59.5129 -37.8448 -30.1627 -62.0455 -49.7578 -49.3488 -42.8873 -57.1321 -97.5206 -32.8996 -32.6193 -28.1085 -45.9809 -32.1515 -46.4968 -50.8652 -42.0917 -59.2131 -50.4529 -57.6435 -45.2428 -45.0742 -49.2359 -62.2702 -37.4802 -63.1948 -33.2464 -48.6528 -17.3847 -56.1046 -45.8523 -54.4646   -45.31 -45.9386  -42.375 -46.4632 -37.6112 -28.7403
-29.1017 -39.1461  -30.859  -16.614 -28.3196 -34.5277 -34.9823 -46.0115 -26.0693 -30.9171 -32.8996 -82.4377 -20.9801 -32.5715 -33.1191 -41.2563 -35.9571 -51.2232 -28.6458 -43.1428 -31.3932 -47.1893 -23.9487  -37.935 -29.4268 -43.1651  -25.412  -26.721  -41.137 -52.3292 -20.7814 -30.4475 -30.1828 -39.3901 -20.3692 -25.8382 -36.2658 -35.4693 -21.5132  -44.866
-21.9718 -48.9436 -61.3548 -39.2243 -39.0529 -29.0905 -44.9239 -40.9735 -38.5906 -55.5974 -32.6193 -20.9801 -92.2823 -40.0274 -41.0228 -35.4804 -30.3093  -37.785  -43.737 -25.5497 -46.1705 -17.0492 -51.3955 -55.5429 -47.3172 -55.5201 -21.8406 -42.9787 -34.4941 -53.3134 -32.8022 -15.2987 -25.7742 -43.9806 -25.1199 -26.3071  -35.101 -50.0734 -31.2209 -57.9517
-30.0708 -44.0945 -38.4464 -26.8854 -33.7803 -32.7295 -31.7029 -40.6707 -20.5055 -31.4638 -28.1085 -32.5715 -40.0274 -70.9309 -28.6133  -36.269 -32.8544 -24.4213 -44.8716 -43.9719 -30.0189 -23.3543 -37.4263 -28.0613 -29.0478 -48.5245 -22.6362 -21.5923 -22.1655 -42.8352 -12.8095 -25.7044 -20.3079 -36.5807 -21.6855  -14.482 -28.9761 -33.8607 -18.9053  -30.002
 -47.818 -64.9492 -52.5778 -39.5766  -25.151 -37.8445 -56.3082 -41.4335 -55.6385  -50.303 -45.9809 -33.1191 -41.0228 -28.6133 -109.863 -51.2437 -31.5719 -47.1551 -61.5982  -36.152  -44.823 -51.3355 -56.0037 -55.0023 -62.4063 -57.5733 -38.8671 -51.9227 -33.6119  -53.417 -53.5688 -27.5426 -36.2534 -45.4292 -51.0746 -24.0926 -45.0165 -45.9988 -37.4086 -56.8744
-48.5071  -36.351 -44.9128 -28.9538 -23.0031 -36.1422 -37.5848 -45.0181 -35.6558 -32.4936 -32.1515 -41.2563 -35.4804  -36.269 -51.2437  -78.682 -31.5037 -41.8392 -45.4309 -36.8801 -47.4449 -37.4493 -34.9597 -36.3948 -45.2063 -40.5138 -34.9988 -44.7412  -25.271 -54.8042 -49.0724 -34.5355 -28.9596 -41.8808 -29.7974  -34.203 -26.3911  -46.179 -39.8082 -37.2187
-37.2764 -54.1333 -50.4774 -48.5605 -42.4133 -44.0894 -39.0821  -36.821 -35.5151 -31.2002 -46.4968 -35.9571 -30.3093 -32.8544 -31.5719 -31.5037 -84.5463 -36.6133  -56.202 -50.7802 -31.9744 -33.5596 -44.7045 -45.7678 -34.8292 -70.4225 -22.9644 -41.5112   -35.94 -47.3835 -17.9432 -37.2647 -35.9108 -23.6628 -23.3997 -45.4228 -43.9902 -23.6217 -26.5228 -31.5446
-60.4384 -72.3282 -62.4621 -51.5111 -27.5005 -47.7426 -53.3089  -50.107  -50.704 -57.4132 -50.8652 -51.2232  -37.785 -24.4213 -47.1551 -41.8392 -36.6133 -116.238 -24.9833 -54.7944 -39.6669 -52.2198 -43.3313 -48.3515 -55.4483 -44.9799 -33.1458 -77.1356  -63.753 -64.1252 -27.5486 -36.5531 -51.4458 -45.4678 -42.5927 -45.7491  -41.026 -49.4313 -25.2198 -67.9376
-50.8815 -59.7223  -42.959 -40.6305 -28.9089 -35.8667 -45.1289 -46.1938 -35.8462 -34.7294 -42.0917 -28.6458  -43.737 -44.8716 -61.5982 -45.4309  -56.202 -24.9833 -92.7705 -39.1038 -50.5861 -30.9146 -54.3357 -55.5823  -39.494 -72.1694 -27.4406 -32.8705 -30.8808 -53.6375 -39.1438 -22.7329 -41.9156 -30.6926 -38.2078 -43.6886 -46.0438 -41.9814 -28.6971 -44.6848
-48.5951 -64.6294 -55.6467 -46.4661 -34.1011 -58.0876 -50.0674 -54.5598 -34.4094 -43.5642 -59.2131 -43.1428 -25.5497 -43.9719  -36.152 -36.8801 -50.7802 -54.7944 -39.1038 -93.6594 -45.6067 -60.6378 -32.2541 -31.3572 -45.1748 -57.4803  -41.109 -49.3215  -29.095 -54.6639 -6.54156 -36.5016 -42.7434  -45.189 -38.8276 -21.5843 -44.3753 -35.7793 -25.0664   -34.23
-45.7882 -40.1416 -61.4023 -32.7595 -27.5951 -34.3875 -42.9117 -50.0307 -34.0208 -46.2041 -50.4529 -31.3932 -46.1705 -30.0189  -44.823 -47.4449 -31.9744 -39.6669 -50.5861 -45.6067 -87.9567  -49.352 -34.5363 -29.0053 -51.0942  -52.279 -24.3243 -39.7711  -30.813 -59.8815 -42.7879 -27.6018 -48.1475 -33.3206 -41.6958 -37.7198 -40.2951 -51.7395 -24.4285 -39.9882
-42.2725 -65.9213 -62.9715 -36.9801 -25.5753 -51.9458 -47.0789 -48.3529 -44.0846 -54.4709 -57.6435 -47.1893 -17.0492 -23.3543 -51.3355 -37.4493 -33.5596 -52.2198 -30.9146 -60.6378  -49.352 -117.266 -35.5646 -40.3509 -78.4773 -55.2483 -37.1898  -52.954 -39.3851 -56.1321 -13.5221 -42.3428 -35.3848 -48.2144 -33.9056 -29.7407 -37.3362 -34.8241 -34.4483 -52.7625
-41.2064 -65.5845 -51.6869 -50.0117 -31.6464 -39.2501 -48.1136 -37.9189 -39.4285 -54.0686 -45.2428 -23.9487 -51.3955 -37.4263 -56.0037 -34.9597 -44.7045 -43.3313 -54.3357 -32.2541 -34.5363 -35.5646 -81.6034 -51.4431 -47.8034 -47.9449 -31.4338 -55.4218 -46.4772 -45.0814 -27.2693 -31.6474 -28.8558 -37.0697 -30.9553 -37.6763 -31.6537 -45.4772 -32.6682 -48.9442
-34.9075 -70.4901 -48.5622 -35.5774 -26.1838 -38.6525 -45.5935 -44.0059 -42.6345 -53.3887 -45.0742  -37.935 -55.5429 -28.0613 -55.0023 -36.3948 -45.7678 -48.3515 -55.5823 -31.3572 -29.0053 -40.3509 -51.4431 -94.5541 -57.6743 -62.2812 -35.1691 -38.9527 -36.0982 -43.2595  -34.556 -18.3487 -29.8163 -34.0218 -27.4764 -42.5146 -43.9173 -45.5673 -28.5411 -59.0927
-59.3768 -68.3142 -81.0497 -39.6804 -33.9599 -43.6546 -49.9841 -33.1374 -48.1143 -65.0228 -49.2359 -29.4268 -47.3172 -29.0478 -62.4063 -45.2063 -34.8292 -55.4483  -39.494 -45.1748 -51.0942 -78.4773 -47.8034 -57.6743 -114.677 -59.7481 -36.9181 -56.2654 -42.8149 -70.4865 -28.7766 -30.2755 -36.7923 -47.6188 -45.4916 -36.6502 -52.6691 -44.8681  -43.972 -74.6389
-45.6587 -91.4166 -58.5603 -47.4111 -46.0644 -36.8642 -53.3112 -57.1892 -43.1812 -59.6189 -62.2702 -43.1651 -55.5201 -48.5245 -57.5733 -40.5138 -70.4225 -44.9799 -72.1694 -57.4803  -52.279 -55.2483 -47.9449 -62.2812 -59.7481  -133.12 -22.5262  -40.517 -29.5133 -70.2205  -46.173 -46.4694 -48.6483 -49.7734 -59.7556 -44.8282 -50.9815 -41.9561 -45.0791 -54.2665
-30.9853 -31.8377  -30.995 -25.4458 -17.8394 -27.2525 -37.5698 -46.9588 -22.7893 -23.2834 -37.4802  -25.412 -21.8406 -22.6362 -38.8671 -34.9988 -22.9644 -33.1458 -27.4406  -41.109 -24.3243 -37.1898 -31.4338 -35.1691 -36.9181 -22.5262 -56.5316 -29.1299 -25.2645   -30.32 -11.8732 -16.7394 -20.5021 -47.1261 -19.8396 -11.2873 -31.7159 -24.3823 -20.0657 -32.8385
-58.1308 -73.1409 -75.0806 -53.5735 -30.0374 -59.5743 -45.9263 -30.5814 -60.3938  -62.306 -63.1948  -26.721 -42.9787 -21.5923 -51.9227 -44.7412 -41.5112 -77.1356 -32.8705 -49.3215 -39.7711  -52.954 -55.4218 -38.9527 -56.2654  -40.517 -29.1299 -107.829 -49.8757 -64.0076 -29.1572 -49.9817 -50.2247 -43.9256 -35.5699 -51.6241 -37.5946 -46.0556 -45.7263 -49.9017
-35.5364 -55.9716 -62.9023 -36.5317 -32.4184    -30.3 -45.1975 -28.4913 -36.6339 -38.0626 -33.2464  -41.137 -34.4941 -22.1655 -33.6119  -25.271   -35.94  -63.753 -30.8808  -29.095  -30.813 -39.3851 -46.4772 -36.0982 -42.8149 -29.5133 -25.2645 -49.8757 -87.6706 -53.1313 -12.2726 -20.7926 -31.1245 -31.0234 -19.9385 -35.5007 -30.9335 -41.6542 -15.4661 -61.6875
-59.9939 -66.6066 -68.1127 -38.7806 -41.4201 -36.6918 -56.2512   -47.72 -55.3167 -50.5624 -48.6528 -52.3292 -53.3134 -42.8352  -53.417 -54.8042 -47.3835 -64.1252 -53.6375 -54.6639 -59.8815 -56.1321 -45.0814 -43.2595 -70.4865 -70.2205   -30.32 -64.0076 -53.1313 -108.728 -37.9082 -38.6508  -52.487 -49.7289 -39.4702 -46.0755 -43.4618 -55.3939  -41.642 -72.7968
-38.5016 -24.7163 -30.1494 -22.5107 -18.9531 -9.35129 -26.8488 -29.7007 -27.7616 -32.4622 -17.3847 -20.7814 -32.8022 -12.8095 -53.5688 -49.0724 -17.9432 -27.5486 -39.1438 -6.54156 -42.7879 -13.5221 -27.2693  -34.556 -28.7766  -46.173 -11.8732 -29.1572 -12.2726 -37.9082 -72.2182 -22.0224 -24.8149  -19.275 -28.6508 -26.6167 -17.7202 -36.9405 -28.1069 -30.5276
-42.2074 -42.5327 -42.6915 -28.9287 -34.4652 -41.8244 -23.6656  -39.479 -43.8446 -47.2342 -56.1046 -30.4475 -15.2987 -25.7044 -27.5426 -34.5355 -37.2647 -36.5531 -22.7329 -36.5016 -27.6018 -42.3428 -31.6474 -18.3487 -30.2755 -46.4694 -16.7394 -49.9817 -20.7926 -38.6508 -22.0224 -83.1209  -41.092 -46.5114 -30.0106  -40.564 -20.7766 -32.2498 -40.5852 -22.7146
-43.0058 -44.0394 -43.4232  -33.757 -25.9807 -35.6208 -33.2255 -37.3576 -48.9702 -42.5961 -45.8523 -30.1828 -25.7742 -20.3079 -36.2534 -28.9596 -35.9108 -51.4458 -41.9156 -42.7434 -48.1475 -35.3848 -28.8558 -29.8163 -36.7923 -48.6483 -20.5021 -50.2247 -31.1245  -52.487 -24.8149  -41.092 -77.6716 -34.8234 -40.6444 -43.1852 -42.8606 -23.9609 -16.1137 -37.9141
-39.0615 -45.5273 -49.8908  -26.236 -38.1921  -44.071 -51.4706  -59.847  -44.809 -39.0566 -54.4646 -39.3901 -43.9806 -36.5807 -45.4292 -41.8808 -23.6628 -45.4678 -30.6926  -45.189 -33.3206 -48.2144 -37.0697 -34.0218 -47.6188 -49.7734 -47.1261 -43.9256 -31.0234 -49.7289  -19.275 -46.5114 -34.8234 -98.4161 -35.1655 -18.8272 -33.6508 -30.1138 -39.9064 -40.5442
-40.7659 -55.9589 -45.1649 -25.6581 -21.0084 -23.3312 -27.8485 -29.8421 -27.6211 -36.1934   -45.31 -20.3692 -25.1199 -21.6855 -51.0746 -29.7974 -23.3997 -42.5927 -38.2078 -38.8276 -41.6958 -33.9056 -30.9553 -27.4764 -45.4916 -59.7556 -19.8396 -35.5699 -19.9385 -39.4702 -28.6508 -30.0106 -40.6444 -35.1655 -80.7688 -27.9096 -29.8593 -27.8583 -37.0444 -41.1543
-39.7253 -57.3991 -43.5986 -25.1899 -7.88292 -37.2145 -36.5418 -25.6015  -40.746 -38.2021 -45.9386 -25.8382 -26.3071  -14.482 -24.0926  -34.203 -45.4228 -45.7491 -43.6886 -21.5843 -37.7198 -29.7407 -37.6763 -42.5146 -36.6502 -44.8282 -11.2873 -51.6241 -35.5007 -46.0755 -26.6167  -40.564 -43.1852 -18.8272 -27.9096  -75.803 -32.5344 -36.8851 -31.2721 -40.0274
-43.2131 -44.9282  -51.746 -39.4577 -26.3843 -37.6163 -36.0135 -42.0033 -42.8158 -45.9576  -42.375 -36.2658  -35.101 -28.9761 -45.0165 -26.3911 -43.9902  -41.026 -46.0438 -44.3753 -40.2951 -37.3362 -31.6537 -43.9173 -52.6691 -50.9815 -31.7159 -37.5946 -30.9335 -43.4618 -17.7202 -20.7766 -42.8606 -33.6508 -29.8593 -32.5344 -82.8165 -25.5911 -25.7325 -50.9634
-41.0424 -64.3806 -48.7672 -35.4809 -28.9673 -27.1627 -34.1568 -54.6699  -34.035 -52.5815 -46.4632 -35.4693 -50.0734 -33.8607 -45.9988  -46.179 -23.6217 -49.4313 -41.9814 -35.7793 -51.7395 -34.8241 -45.4772 -45.5673 -44.8681 -41.9561 -24.3823 -46.0556 -41.6542 -55.3939 -36.9405 -32.2498 -23.9609 -30.1138 -27.8583 -36.8851 -25.5911 -90.5879 -27.3001 -50.0432
   -34.9 -40.8634 -35.0089 -24.2371 -23.2404 -34.3393 -32.8941 -22.2706 -22.0057 -45.4432 -37.6112 -21.5132 -31.2209 -18.9053 -37.4086 -39.8082 -26.5228 -25.2198 -28.6971 -25.0664 -24.4285 -34.4483 -32.6682 -28.5411  -43.972 -45.0791 -20.0657 -45.7263 -15.4661  -41.642 -28.1069 -40.5852 -16.1137 -39.9064 -37.0444 -31.2721 -25.7325 -27.3001 -81.9039 -40.9315
 -50.785 -60.7569 -65.0049 -36.1992 -35.0546 -28.5791 -49.8374 -40.0193 -45.6656 -60.1703 -28.7403  -44.866 -57.9517  -30.002 -56.8744 -37.2187 -31.5446 -67.9376 -44.6848   -34.23 -39.9882 -52.7625 -48.9442 -59.0927 -74.6389 -54.2665 -32.8385 -49.9017 -61.6875 -72.7968 -30.5276 -22.7146 -37.9141 -40.5442 -41.1543 -40.0274 -50.9634 -50.0432 -40.9315 -104.415
0.0699125   2.90484  0.339313 -0.985486   2.53044  -0.75904  0.415742   1.01019   2.12013     1.538   2.51588 -0.593741   1.09721 0.0877692  0.165707    0.7228 0.0529049   2.11507  0.350555   1.33921        -0        -0        -0        -0        -0        -0        -0        -0        -0        -0        -0        -0        -0        -0        -0        -0        -0        -0        -0        -0
   2.90484   0.831827    2.13781    2.70831   0.967393    2.31994  -0.283081    1.74869  -0.776134    2.76143   0.397616   0.514104 -0.0630398   0.719098   0.655469  -0.491958    1.51865   0.725588  -0.769918     1.0816         -0         -0         -0         -0         -0         -0         -0         -0         -0         -0         -0         -0         -0         -0         -0         -0         -0         -0         -0         -0
 0.339313   2.13781  0.924319 -0.668071   1.31926   0.62833 -0.214619   0.43111 -0.714363  0.173887   2.24062 -0.384008  0.687178    1.7198   2.86462  0.716586   1.96784   2.38678    2.6496  0.540705        -0        -0        -0        -0        -0        -0        -0        -0        -0        -0        -0        -0        -0        -0        -0        -0        -0        -0        -0        -0
-0.985486   2.70831 -0.668071   2.90191  0.741478   2.83066 -0.557199 0.0714503   1.60577   2.65045    1.4819  0.189233  0.697799  0.107018    2.0471   1.65991 -0.576371   1.44507   1.72174   2.07879        -0        -0        -0        -0        -0        -0        -0        -0        -0        -0        -0        -0        -0        -0        -0        -0        -0        -0        -0        -0
  2.53044  0.967393   1.31926  0.741478   1.43983   1.34331   2.94278 -0.965996   1.22263  0.951028  0.799542   1.19597  0.973469 -0.848348   2.82288  0.786124   2.13411 -0.734378   2.05755   2.26903        -0        -0        -0        -0        -0        -0        -0        -0        -0        -0        -0        -0        -0        -0        -0        -0        -0        -0        -0        -0
 -0.75904   2.31994   0.62833   2.83066   1.34331   2.19981   2.42564 0.0540787   2.57197    1.1835   1.81056   2.47981 -0.171342   2.49593   1.13592   2.26559  0.764686   2.66359   2.51964   1.08211        -0        -0        -0        -0        -0        -0        -0        -0        -0        -0        -0        -0        -0        -0        -0        -0        -0        -0        -0        -0
 0.415742 -0.283081 -0.214619 -0.557199   2.94278   2.42564  0.944816   1.57254 -0.565285 -0.294328  0.481933 -0.805166   2.24941   1.92581   2.12446  0.570483   2.94601  0.597958   0.87905   1.95249        -0        -0        -0        -0        -0        -0        -0        -0        -0        -0        -0        -0        -0        -0        -0        -0        -0        -0        -0        -0
   1.01019    1.74869    0.43111  0.0714503  -0.965996  0.0540787    1.57254    2.35719     2.4212    2.56627    2.25555     1.4498   0.193478   0.394762   0.470096    2.89286     2.2455 -0.0584225   0.150614    1.22115         -0         -0         -0         -0         -0         -0         -0         -0         -0         -0         -0         -0         -0         -0         -0         -0         -0         -0         -0         -0
   2.12013  -0.776134  -0.714363    1.60577    1.22263    2.57197  -0.565285     2.4212  -0.511703   0.137928 -0.0469669    1.77835   -0.32419    0.75399  -0.397942  -0.935994    2.48734    2.06487 -0.0398263    1.56952         -0         -0         -0         -0         -0         -0         -0         -0         -0         -0         -0         -0         -0         -0         -0         -0         -0         -0         -0         -0
    1.538   2.76143  0.173887   2.65045  0.951028    1.1835 -0.294328   2.56627  0.137928 -0.440893   2.83915   1.62163 -0.632709 -0.999853  0.651627  0.674538 -0.136857   1.22094 -0.070776   1.07169        -0        -0        -0        -0        -0        -0        -0        -0        -0        -0        -0        -0        -0        -0        -0        -0        -0        -0        -0        -0
   2.51588   0.397616    2.24062     1.4819   0.799542    1.81056   0.481933    2.25555 -0.0469669    2.83915    2.86262    2.19193   0.551415     2.5909   0.895667    1.67541   0.110885    1.21959    2.30768  -0.339391         -0         -0         -0         -0         -0         -0         -0         -0         -0         -0         -0         -0         -0         -0         -0         -0         -0         -0         -0         -0
-0.593741  0.514104 -0.384008  0.189233   1.19597   2.47981 -0.805166    1.4498   1.77835   1.62163   2.19193   1.29423 0.0820694    2.8512  0.689827  0.229713   0.21014 -0.882223 -0.924759   2.92008        -0        -0        -0        -0        -0        -0        -0        -0        -0        -0        -0        -0        -0        -0        -0        -0        -0        -0        -0        -0
   1.09721 -0.0630398   0.687178   0.697799   0.973469  -0.171342    2.24941   0.193478   -0.32419  -0.632709   0.551415  0.0820694   0.881395 -0.0628933    2.37072    2.33001   0.371185  -0.260416    1.65481    1.30177         -0         -0         -0         -0         -0         -0         -0         -0         -0         -0         -0         -0         -0         -0         -0         -0         -0         -0         -0         -0
 0.0877692   0.719098     1.7198   0.107018  -0.848348    2.49593    1.92581   0.394762    0.75399  -0.999853     2.5909     2.8512 -0.0628933   0.278082  -0.384535    1.54003    1.82747   0.187432    1.69446  -0.689794         -0         -0         -0         -0         -0         -0         -0         -0         -0         -0         -0         -0         -0         -0         -0         -0         -0         -0         -0         -0
 0.165707  0.655469   2.86462    2.0471   2.82288   1.13592   2.12446  0.470096 -0.397942  0.651627  0.895667  0.689827   2.37072 -0.384535   1.79685 -0.723185   2.87005 -0.458593   1.52032   1.64182        -0        -0        -0        -0        -0        -0        -0        -0        -0        -0        -0        -0        -0        -0        -0        -0        -0        -0        -0        -0
   0.7228 -0.491958  0.716586   1.65991  0.786124   2.26559  0.570483   2.89286 -0.935994  0.674538   1.67541  0.229713   2.33001   1.54003 -0.723185   2.15288   2.15731   2.87369   1.92043  0.359322        -0        -0        -0        -0        -0        -0        -0        -0        -0        -0        -0        -0        -0        -0        -0        -0        -0        -0        -0        -0
0.0529049   1.51865   1.96784 -0.576371   2.13411  0.764686   2.94601    2.2455   2.48734 -0.136857  0.110885   0.21014  0.371185   1.82747   2.87005   2.15731   1.09306   1.95212   1.35806   2.82985        -0        -0        -0        -0        -0        -0        -0        -0        -0        -0        -0        -0        -0        -0        -0        -0        -0        -0        -0        -0
   2.11507   0.725588    2.38678    1.44507  -0.734378    2.66359   0.597958 -0.0584225    2.06487    1.22094    1.21959  -0.882223  -0.260416   0.187432  -0.458593    2.87369    1.95212  -0.512588  -0.881726   -0.47913         -0         -0         -0         -0         -0         -0         -0         -0         -0         -0         -0         -0         -0         -0         -0         -0         -0         -0         -0         -0
  0.350555  -0.769918     2.6496    1.72174    2.05755    2.51964    0.87905   0.150614 -0.0398263  -0.070776    2.30768  -0.924759    1.65481    1.69446    1.52032    1.92043    1.35806  -0.881726    2.86201    1.50994         -0         -0         -0         -0         -0         -0         -0         -0         -0         -0         -0         -0         -0         -0         -0         -0         -0         -0         -0         -0
  1.33921    1.0816  0.540705   2.07879   2.26903   1.08211   1.95249   1.22115   1.56952   1.07169 -0.339391   2.92008   1.30177 -0.689794   1.64182  0.359322   2.82985  -0.47913   1.50994 -0.209977        -0        -0        -0        -0        -0        -0        -0        -0        -0        -0        -0        -0        -0        -0        -0        -0        -0        -0        -0        -0
        -0         -0         -0         -0         -0         -0         -0         -0         -0         -0         -0         -0         -0         -0         -0         -0         -0         -0         -0         -0 -0.0699125   -2.90484  -0.339313   0.985486   -2.53044    0.75904  -0.415742   -1.01019   -2.12013     -1.538   -2.51588   0.593741   -1.09721 -0.0877692  -0.165707    -0.7228 -0.0529049   -2.11507  -0.350555   -1.33921
       -0        -0        -0        -0        -0        -0        -0        -0        -0        -0        -0        -0        -0        -0        -0        -0        -0        -0        -0        -0  -2.90484 -0.831827  -2.13781  -2.70831 -0.967393  -2.31994  0.283081  -1.74869  0.776134  -2.76143 -0.397616 -0.514104 0.0630398 -0.719098 -0.655469  0.491958  -1.51865 -0.725588  0.769918   -1.0816
       -0        -0        -0        -0        -0        -0        -0        -0        -0        -0        -0        -0        -0        -0        -0        -0        -0        -0        -0        -0 -0.339313  -2.13781 -0.924319  0.668071  -1.31926  -0.62833  0.214619  -0.43111  0.714363 -0.173887  -2.24062  0.384008 -0.687178   -1.7198  -2.86462 -0.716586  -1.96784  -2.38678   -2.6496 -0.540705
        -0         -0         -0         -0         -0         -0         -0         -0         -0         -0         -0         -0         -0         -0         -0         -0         -0         -0         -0         -0   0.985486   -2.70831   0.668071   -2.90191  -0.741478   -2.83066   0.557199 -0.0714503   -1.60577   -2.65045    -1.4819  -0.189233  -0.697799  -0.107018    -2.0471   -1.65991   0.576371   -1.44507   -1.72174   -2.07879
       -0        -0        -0        -0        -0        -0        -0        -0        -0        -0        -0        -0        -0        -0        -0        -0        -0        -0        -0        -0  -2.53044 -0.967393  -1.31926 -0.741478  -1.43983  -1.34331  -2.94278  0.965996  -1.22263 -0.951028 -0.799542  -1.19597 -0.973469  0.848348  -2.82288 -0.786124  -2.13411  0.734378  -2.05755  -2.26903
        -0         -0         -0         -0         -0         -0         -0         -0         -0         -0         -0         -0         -0         -0         -0         -0         -0         -0         -0         -0    0.75904   -2.31994   -0.62833   -2.83066   -1.34331   -2.19981   -2.42564 -0.0540787   -2.57197    -1.1835   -1.81056   -2.47981   0.171342   -2.49593   -1.13592   -2.26559  -0.764686   -2.66359   -2.51964   -1.08211
       -0        -0        -0        -0        -0        -0        -0        -0        -0        -0        -0        -0        -0        -0        -0        -0        -0        -0        -0        -0 -0.415742  0.283081  0.214619  0.557199  -2.94278  -2.42564 -0.944816  -1.57254  0.565285  0.294328 -0.481933  0.805166  -2.24941  -1.92581  -2.12446 -0.570483  -2.94601 -0.597958  -0.87905  -1.95249
        -0         -0         -0         -0         -0         -0         -0         -0         -0         -0         -0         -0         -0         -0         -0         -0         -0         -0         -0         -0   -1.01019   -1.74869   -0.43111 -0.0714503   0.965996 -0.0540787   -1.57254   -2.35719    -2.4212   -2.56627   -2.25555    -1.4498  -0.193478  -0.394762  -0.470096   -2.89286    -2.2455  0.0584225  -0.150614   -1.22115
       -0        -0        -0        -0        -0        -0        -0        -0        -0        -0        -0        -0        -0        -0        -0        -0        -0        -0        -0        -0  -2.12013  0.776134  0.714363  -1.60577  -1.22263  -2.57197  0.565285   -2.4212  0.511703 -0.137928 0.0469669  -1.77835   0.32419  -0.75399  0.397942  0.935994  -2.48734  -2.06487 0.0398263  -1.56952
       -0        -0        -0        -0        -0        -0        -0        -0        -0        -0        -0        -0        -0        -0        -0        -0        -0        -0        -0        -0    -1.538  -2.76143 -0.173887  -2.65045 -0.951028   -1.1835  0.294328  -2.56627 -0.137928  0.440893  -2.83915  -1.62163  0.632709  0.999853 -0.651627 -0.674538  0.136857  -1.22094  0.070776  -1.07169
       -0        -0        -0        -0        -0        -0        -0        -0        -0        -0        -0        -0        -0        -0        -0        -0        -0        -0        -0        -0  -2.51588 -0.397616  -2.24062   -1.4819 -0.799542  -1.81056 -0.481933  -2.25555 0.0469669  -2.83915  -2.86262  -2.19193 -0.551415   -2.5909 -0.895667  -1.67541 -0.110885  -1.21959  -2.30768  0.339391
        -0         -0         -0         -0         -0         -0         -0         -0         -0         -0         -0         -0         -0         -0         -0         -0         -0         -0         -0         -0   0.593741  -0.514104   0.384008  -0.189233   -1.19597   -2.47981   0.805166    -1.4498   -1.77835   -1.62163   -2.19193   -1.29423 -0.0820694    -2.8512  -0.689827  -0.229713   -0.21014   0.882223   0.924759   -2.92008
        -0         -0         -0         -0         -0         -0         -0         -0         -0         -0         -0         -0         -0         -0         -0         -0         -0         -0         -0         -0   -1.09721  0.0630398  -0.687178  -0.697799  -0.973469   0.171342   -2.24941  -0.193478    0.32419   0.632709  -0.551415 -0.0820694  -0.881395  0.0628933   -2.37072   -2.33001  -0.371185   0.260416   -1.65481   -1.30177
        -0         -0         -0         -0         -0         -0         -0         -0         -0         -0         -0         -0         -0         -0         -0         -0         -0         -0         -0         -0 -0.0877692  -0.719098    -1.7198  -0.107018   0.848348   -2.49593   -1.92581  -0.394762   -0.75399   0.999853    -2.5909    -2.8512  0.0628933  -0.278082   0.384535   -1.54003   -1.82747  -0.187432   -1.69446   0.689794
       -0        -0        -0        -0        -0        -0        -0        -0        -0        -0        -0        -0        -0        -0        -0        -0        -0        -0        -0        -0 -0.165707 -0.655469  -2.86462   -2.0471  -2.82288  -1.13592  -2.12446 -0.470096  0.397942 -0.651627 -0.895667 -0.689827  -2.37072  0.384535  -1.79685  0.723185  -2.87005  0.458593  -1.52032  -1.64182
       -0        -0        -0        -0        -0        -0        -0        -0        -0        -0        -0        -0        -0        -0        -0        -0        -0        -0        -0        -0   -0.7228  0.491958 -0.716586  -1.65991 -0.786124  -2.26559 -0.570483  -2.89286  0.935994 -0.674538  -1.67541 -0.229713  -2.33001  -1.54003  0.723185  -2.15288  -2.15731  -2.87369  -1.92043 -0.359322
        -0         -0         -0         -0         -0         -0         -0         -0         -0         -0         -0         -0         -0         -0         -0         -0         -0         -0         -0         -0 -0.0529049   -1.51865   -1.96784   0.576371   -2.13411  -0.764686   -2.94601    -2.2455   -2.48734   0.136857  -0.110885   -0.21014  -0.371185   -1.82747   -2.87005   -2.15731   -1.09306   -1.95212   -1.35806   -2.82985
       -0        -0        -0        -0        -0        -0        -0        -0        -0        -0        -0        -0        -0        -0        -0        -0        -0        -0        -0        -0  -2.11507 -0.725588  -2.38678  -1.44507  0.734378  -2.66359 -0.597958 0.0584225  -2.06487  -1.22094  -1.21959  0.882223  0.260416 -0.187432  0.458593  -2.87369  -1.95212  0.512588  0.881726   0.47913
       -0        -0        -0        -0        -0        -0        -0        -0        -0        -0        -0        -0        -0        -0        -0        -0        -0        -0        -0        -0 -0.350555  0.769918   -2.6496  -1.72174  -2.05755  -2.51964  -0.87905 -0.150614 0.0398263  0.070776  -2.30768  0.924759  -1.65481  -1.69446  -1.52032  -1.92043  -1.35806  0.881726  -2.86201  -1.50994
       -0        -0        -0        -0        -0        -0        -0        -0        -0        -0        -0        -0        -0        -0        -0        -0        -0        -0        -0        -0  -1.33921   -1.0816 -0.540705  -2.07879  -2.26903  -1.08211  -1.95249  -1.22115  -1.56952  -1.07169  0.339391  -2.92008  -1.30177  0.689794  -1.64182 -0.359322  -2.82985   0.47913  -1.50994  0.209977
  0.450094   0.946036  0.0358667    1.36184   0.141368     1.9765  -0.346621   0.393095   0.424363   -0.51613    2.27429    1.76619    2.26117   -0.09094   0.759441  0.0922456   0.886895 0.00026881  -0.537122   0.664934         -0         -0         -0         -0         -0         -0         -0         -0         -0         -0         -0         -0         -0         -0         -0         -0         -0         -0         -0         -0
 0.946036   2.11975  0.609953   1.56129   1.31844 -0.877482  0.720648  0.263003 -0.183215   2.90955  0.112146   1.83612   1.08371   2.60857   2.69237   1.98264   2.84596   1.77875   0.65301   1.18849        -0        -0        -0        -0        -0        -0        -0        -0        -0        -0        -0        -0        -0        -0        -0        -0        -0        -0        -0        -0
  0.0358667    0.609953    0.647595    0.884228     1.63228  -0.0280004     1.68624    0.240076     2.46603     1.50963     2.41259     0.57197 -0.00989178   -0.785477     2.53823     1.35968   0.0513107     1.71921     2.63176     2.56182          -0          -0          -0          -0          -0          -0          -0          -0          -0          -0          -0          -0          -0          -0          -0          -0          -0          -0          -0          -0
   1.36184    1.56129   0.884228  -0.703484 -0.0369297  -0.353382   0.940865   0.945434  -0.207453    1.25919    2.91995    1.02975    2.54117    2.05331    2.60066   0.383868    1.57882    1.25217    1.29928     1.5089         -0         -0         -0         -0         -0         -0         -0         -0         -0         -0         -0         -0         -0         -0         -0         -0         -0         -0         -0         -0
   0.141368     1.31844     1.63228  -0.0369297     1.56893      0.3517     1.33755     2.28807     1.53085    0.988543     1.25643     2.94291     2.92313     1.93114 -0.00419407     1.30351     2.40832   -0.606001     2.19116    0.514337          -0          -0          -0          -0          -0          -0          -0          -0          -0          -0          -0          -0          -0          -0          -0          -0          -0          -0          -0          -0
    1.9765  -0.877482 -0.0280004  -0.353382     0.3517     2.1686    1.85929    1.95253  -0.135227   0.983597    1.77509    2.95118    1.93745    2.25157    2.59103    2.30431  -0.518335    1.13797   0.473873    1.96904         -0         -0         -0         -0         -0         -0         -0         -0         -0         -0         -0         -0         -0         -0         -0         -0         -0         -0         -0         -0
-0.346621  0.720648   1.68624  0.940865   1.33755   1.85929   1.70474 0.0666972  0.512431   1.37206   2.85367   2.82416  0.809716   2.45398  0.384779  0.598623   1.20189  -0.50012   1.43919   1.76119        -0        -0        -0        -0        -0        -0        -0        -0        -0        -0        -0        -0        -0        -0        -0        -0        -0        -0        -0        -0
 0.393095  0.263003  0.240076  0.945434   2.28807   1.95253 0.0666972 -0.416938   2.41352   1.92683   1.35325   0.91446   2.74615 0.0288079   1.25042 -0.438171   1.22225  0.600272 -0.966383  0.321847        -0        -0        -0        -0        -0        -0        -0        -0        -0        -0        -0        -0        -0        -0        -0        -0        -0        -0        -0        -0
  0.424363  -0.183215    2.46603  -0.207453    1.53085  -0.135227   0.512431    2.41352  -0.976029  -0.837705    2.20429    2.84281    2.25686    1.14229    2.46799    1.05866      2.366     1.9415 -0.0853893  -0.421854         -0         -0         -0         -0         -0         -0         -0         -0         -0         -0         -0         -0         -0         -0         -0         -0         -0         -0         -0         -0
   -0.51613     2.90955     1.50963     1.25919    0.988543    0.983597     1.37206     1.92683   -0.837705     1.44678   -0.629545   0.0320998     2.00509     1.20791   0.0833606    0.559531     1.85377 -0.00199618     2.14093    0.235725          -0          -0          -0          -0          -0          -0          -0          -0          -0          -0          -0          -0          -0          -0          -0          -0          -0          -0          -0          -0
  2.27429  0.112146   2.41259   2.91995   1.25643   1.77509   2.85367   1.35325   2.20429 -0.629545   2.32979   2.90998   2.73146   1.33076   2.34784   1.07701   2.17847   1.27453   1.93473 -0.504641        -0        -0        -0        -0        -0        -0        -0        -0        -0        -0        -0        -0        -0        -0        -0        -0        -0        -0        -0        -0
  1.76619   1.83612   0.57197   1.02975   2.94291   2.95118   2.82416   0.91446   2.84281 0.0320998   2.90998    2.1171   1.02305  0.403459 -0.622952    2.8181 -0.541753 -0.171602   0.91488 0.0410239        -0        -0        -0        -0        -0        -0        -0        -0        -0        -0        -0        -0        -0        -0        -0        -0        -0        -0        -0        -0
    2.26117     1.08371 -0.00989178     2.54117     2.92313     1.93745    0.809716     2.74615     2.25686     2.00509     2.73146     1.02305    0.841217   -0.708378   -0.308073    0.251902    0.836405   -0.156035    0.919686     1.88874          -0          -0          -0          -0          -0          -0          -0          -0          -0          -0          -0          -0          -0          -0          -0          -0          -0          -0          -0          -0
 -0.09094   2.60857 -0.785477   2.05331   1.93114   2.25157   2.45398 0.0288079   1.14229   1.20791   1.33076  0.403459 -0.708378   2.32087   2.56236  0.615246  0.538149   2.32585  0.653946 -0.872883        -0        -0        -0        -0        -0        -0        -0        -0        -0        -0        -0        -0        -0        -0        -0        -0        -0        -0        -0        -0
   0.759441     2.69237     2.53823     2.60066 -0.00419407     2.59103    0.384779     1.25042     2.46799   0.0833606     2.34784   -0.622952   -0.308073     2.56236     2.43035     2.41876    0.842114     2.40722   -0.832949     2.34031          -0          -0          -0          -0          -0          -0          -0          -0          -0          -0          -0          -0          -0          -0          -0          -0          -0          -0          -0          -0
0.0922456   1.98264   1.35968  0.383868   1.30351   2.30431  0.598623 -0.438171   1.05866  0.559531   1.07701    2.8181  0.251902  0.615246   2.41876   1.24771 -0.860089 -0.747713   1.31368   1.07989        -0        -0        -0        -0        -0        -0        -0        -0        -0        -0        -0        -0        -0        -0        -0        -0        -0        -0        -0        -0
 0.886895   2.84596 0.0513107   1.57882   2.40832 -0.518335   1.20189   1.22225     2.366   1.85377   2.17847 -0.541753  0.836405  0.538149  0.842114 -0.860089 -0.157542   2.80751   2.79192   0.60099        -0        -0        -0        -0        -0        -0        -0        -0        -0        -0        -0        -0        -0        -0        -0        -0        -0        -0        -0        -0
 0.00026881     1.77875     1.71921     1.25217   -0.606001     1.13797    -0.50012    0.600272      1.9415 -0.00199618     1.27453   -0.171602   -0.156035     2.32585     2.40722   -0.747713     2.80751     0.60911   -0.333069    0.779501          -0          -0          -0          -0          -0          -0          -0          -0          -0          -0          -0          -0          -0          -0          -0          -0          -0          -0          -0          -0
 -0.537122    0.65301    2.63176    1.29928    2.19116   0.473873    1.43919  -0.966383 -0.0853893    2.14093    1.93473    0.91488   0.919686   0.653946  -0.832949    1.31368    2.79192  -0.333069    2.91396    1.11351         -0         -0         -0         -0         -0         -0         -0         -0         -0         -0         -0         -0         -0         -0         -0         -0         -0         -0         -0         -0
