40
1
40
 -0.0778439   0.0514584 -0.00273352    0.135553  -0.0788924 -0.00683712   -0.067702   -0.329183  -0.0778902  -0.0215406   0.0150828   -0.189509    0.245496   -0.270055  -0.0738905   0.0681716  -0.0640928   -0.133394   -0.101258  -0.0418258   0.0359313   -0.270899   -0.128694   -0.132333 0.000172367   0.0673243    0.284476   -0.096187   0.0181927   -0.109973    0.222938   -0.236164   0.0811444   -0.198475     0.13173   -0.131881    0.122848   -0.146115   -0.295291     0.32877
-76.5134 -35.4047  -40.253 -29.1403 -33.5092 -15.1026 -32.2814  -17.056 -19.6572 -26.5292 -19.0052 -27.7127 -21.4883 -44.2198 -32.7245  -31.281 -15.4188 -45.7989 -29.0457 -20.2832 -40.5171 -32.7661 -12.3443 -37.2178 -22.7594 -18.8873 -36.2219 -34.7431  -8.4619  -36.558 -15.2732 -12.6499 -32.0613 -23.1246 -53.6706 -30.7894 -33.6138 -32.0748 -35.2335 -37.9633
-35.4047 -102.228 -54.6978 -41.2132 -43.2282 -32.5222 -44.8196 -55.6318 -34.8281 -59.8058 -39.0222 -49.2339 -42.6171 -51.5193 -43.9777 -58.1254 -29.3838 -75.4632 -42.1102 -51.1178 -47.7885 -59.0209 -46.4964 -61.0405 -59.5981 -44.3057 -43.9038 -59.2102 -34.4216 -49.8309 -42.5187 -46.2671 -50.9545 -63.2781 -43.7776 -49.8403 -27.2098 -47.4108 -45.1778 -58.2901
 -40.253 -54.6978 -108.021 -33.7274 -54.4515 -22.4433 -33.2314 -49.4263 -47.3472 -71.8038 -38.7183 -42.0074  -52.151 -56.6497 -37.7164 -68.5104 -49.9648 -72.3381 -39.3877 -27.2122  -49.557 -50.0261 -32.8805 -54.6433 -56.0648 -37.2371 -58.2889 -70.9113 -25.3191 -52.1309 -43.4162 -32.6492 -41.5026 -63.6974 -52.4152 -56.7559 -44.9696 -38.7135 -59.0978 -72.0625
-29.1403 -41.2132 -33.7274 -97.6949 -37.0141 -37.0617 -40.5233 -30.7363 -50.7395 -34.3794 -25.9872 -50.5428 -58.9089 -51.6933 -49.9646 -39.9582 -44.2208 -58.0605  -34.248 -32.6218 -39.7939  -34.008 -38.3839 -42.9438 -20.4598 -35.7197 -41.7679 -62.3269 -25.4876 -27.7922 -45.3708 -40.1954 -49.7839  -56.761 -55.7199 -49.3211 -55.9693 -39.9995 -56.5355 -58.7181
-33.5092 -43.2282 -54.4515 -37.0141 -87.6054  -24.924 -41.0566 -42.3313 -31.1766 -39.4631 -42.4447 -45.7092 -35.1802 -49.7214 -23.2251 -46.8177 -30.3715 -61.8027 -16.0121 -29.7498 -42.7186 -34.5523 -30.8842 -40.0244 -36.5207 -23.3081 -28.8373 -53.6009  -18.395 -32.8296 -37.9333 -35.3509 -42.2037 -36.9206 -37.4057 -54.0418 -45.5391 -24.4118 -54.6553 -50.5529
-15.1026 -32.5222 -22.4433 -37.0617  -24.924 -66.3962 -34.4366 -11.4571 -15.9107 -27.2008 -26.5718 -40.4343 -27.3052 -29.1924 -27.2572  -23.205 -22.5001 -43.1967 -24.7075 -29.3505 -42.6915 -40.6196 -35.5769 -27.6856 -18.8579 -28.8493 -30.8344 -37.5789 -15.5402 -18.5373 -36.6295 -30.9751 -30.4292 -37.7052 -44.8697 -38.7647 -29.4526  -36.332 -42.7102 -29.4828
-32.2814 -44.8196 -33.2314 -40.5233 -41.0566 -34.4366 -105.964 -38.1187  -34.764 -34.4631 -44.2937 -50.2345 -52.7586 -66.6473 -42.7027 -36.7849 -39.6184 -77.0971 -42.7086 -45.5961 -72.6571 -54.5432 -39.4901 -36.0966  -37.963 -48.1769 -49.3638 -45.5993 -36.4213 -28.0503 -47.4968 -43.7216 -51.9561 -52.7679 -54.6063 -71.9757 -35.3681  -36.064 -45.5255 -55.9695
 -17.056 -55.6318 -49.4263 -30.7363 -42.3313 -11.4571 -38.1187 -93.2355 -40.5704 -49.5365 -33.9843 -37.5589 -46.0712 -45.4826 -28.1667 -61.6996 -39.0027 -68.4044 -33.7356 -34.1156 -37.1325 -51.9351 -38.5033 -32.3309  -45.987 -45.9616 -45.0884 -40.6268 -28.3841 -49.6403  -29.964 -43.3622 -36.8378 -47.1881 -39.5523 -38.6384 -35.0817 -40.0612 -38.6156 -48.6748
-19.6572 -34.8281 -47.3472 -50.7395 -31.1766 -15.9107  -34.764 -40.5704 -88.4944  -32.648 -22.7602 -58.2706 -63.6448 -38.7974 -50.9692 -44.4799 -39.4473 -61.7068 -30.3146 -11.5998 -46.5471 -20.9656 -39.7505 -46.4952 -35.6586 -30.4893 -31.7857 -55.2547 -25.7691 -48.8615 -29.6332  -40.682 -27.0566 -59.1175 -28.7952 -52.0132 -44.7777 -48.5493 -45.1058 -63.7306
-26.5292 -59.8058 -71.8038 -34.3794 -39.4631 -27.2008 -34.4631 -49.5365  -32.648 -103.676 -48.3971  -51.314 -50.5516 -61.2784 -23.1401 -76.0762 -31.4016 -66.4782 -33.1972 -36.1908 -63.5719 -53.8782 -37.3001 -46.2049 -44.6921  -36.322 -58.6988 -49.8088 -30.1643 -49.1858 -29.9575 -38.3329 -37.0421 -49.8347 -48.8588 -35.0301 -41.5464 -26.7739 -56.7943 -55.1065
-19.0052 -39.0222 -38.7183 -25.9872 -42.4447 -26.5718 -44.2937 -33.9843 -22.7602 -48.3971 -78.1734 -50.2965  -43.156 -43.7263 -29.2773 -52.0905  -29.807 -58.4145 -18.1719 -19.5355 -28.9303 -50.1528 -29.8873 -33.6285 -28.5387 -37.0434 -30.4861 -37.1126 -19.8879 -37.6238 -24.9941  -37.957 -34.7117 -45.2736 -36.3521 -33.4009 -34.3756 -18.3385 -31.3674 -42.4183
-27.7127 -49.2339 -42.0074 -50.5428 -45.7092 -40.4343 -50.2345 -37.5589 -58.2706  -51.314 -50.2965 -101.604 -55.1751 -50.8612 -49.3438 -56.7589 -41.9793 -79.9543 -33.7061 -33.2556 -63.6129 -51.8615 -43.9345 -46.7745 -21.9421  -40.633 -37.6463 -50.9375 -26.0778 -50.2115 -38.0271 -47.9498 -48.6285 -63.6889 -52.3517  -52.076 -58.0856 -41.0142  -68.012 -68.9395
-21.4883 -42.6171  -52.151 -58.9089 -35.1802 -27.3052 -52.7586 -46.0712 -63.6448 -50.5516  -43.156 -55.1751 -103.967 -51.2525 -41.5543 -53.1802   -38.33 -61.8738  -38.834  -20.865  -66.826 -52.4126 -26.3738 -47.5557  -28.651 -43.8861 -25.5165 -57.3555 -24.0193 -43.1238 -45.5182 -49.0864 -31.5267 -54.5852 -36.8176 -60.7216 -32.6086 -34.8666 -42.3074  -67.132
-44.2198 -51.5193 -56.6497 -51.6933 -49.7214 -29.1924 -66.6473 -45.4826 -38.7974 -61.2784 -43.7263 -50.8612 -51.2525 -116.138 -42.0134 -70.3632 -41.1039 -88.8634 -39.5194 -44.9139 -61.7876 -68.0991 -45.8757 -55.4515 -39.1482 -43.6119 -49.9085 -58.1171 -57.1536 -52.5554 -26.8636 -46.2843 -56.3111 -51.2795 -67.2225 -57.9506 -50.4576 -50.2931 -85.2189 -59.0888
-32.7245 -43.9777 -37.7164 -49.9646 -23.2251 -27.2572 -42.7027 -28.1667 -50.9692 -23.1401 -29.2773 -49.3438 -41.5543 -42.0134 -96.6612 -44.1298 -36.5454 -65.4416 -23.4141 -32.6669 -39.2809 -45.0228 -37.8782 -49.4133 -30.4357 -27.7372   -43.03 -45.9504 -30.8321 -45.8862 -31.7495 -27.6618 -31.3417 -63.0292 -45.3287 -48.3008 -42.7537 -43.7235  -40.655 -58.8656
 -31.281 -58.1254 -68.5104 -39.9582 -46.8177  -23.205 -36.7849 -61.6996 -44.4799 -76.0762 -52.0905 -56.7589 -53.1802 -70.3632 -44.1298  -101.83 -42.5022 -74.9911 -34.6068 -34.7995 -54.2244 -69.5735 -45.6385 -45.2094  -42.021 -33.4205 -51.2494 -59.2022 -37.0515 -65.9691  -27.516 -42.6669 -41.8307 -67.9837 -53.9019 -46.0724 -58.1854 -43.1255 -67.3685 -56.9951
-15.4188 -29.3838 -49.9648 -44.2208 -30.3715 -22.5001 -39.6184 -39.0027 -39.4473 -31.4016  -29.807 -41.9793   -38.33 -41.1039 -36.5454 -42.5022 -83.8184 -59.5121 -19.9561 -24.7726 -24.7977  -36.032 -42.0365 -26.4935 -30.9781 -26.2282  -41.776 -39.3847 -20.0637 -20.3413 -29.5973 -40.9687 -36.3059 -63.8724 -39.1507 -39.2193 -54.7258 -37.3513 -49.0592 -56.4437
-45.7989 -75.4632 -72.3381 -58.0605 -61.8027 -43.1967 -77.0971 -68.4044 -61.7068 -66.4782 -58.4145 -79.9543 -61.8738 -88.8634 -65.4416 -74.9911 -59.5121 -139.382 -39.3426 -55.5329 -81.0533 -77.9598 -68.4236 -67.4477 -64.2377 -73.3107 -72.3762 -77.5331 -49.1086 -73.8723 -45.7612 -55.3728 -54.5444 -77.3589 -73.7292  -84.315  -59.385 -60.9742  -78.577 -73.2962
-29.0457 -42.1102 -39.3877  -34.248 -16.0121 -24.7075 -42.7086 -33.7356 -30.3146 -33.1972 -18.1719 -33.7061  -38.834 -39.5194 -23.4141 -34.6068 -19.9561 -39.3426 -76.4584 -25.0094 -33.5145 -26.9071 -24.5859 -23.7166 -11.1398 -50.7548   -28.38 -32.7887 -17.4892 -30.9501  -42.103 -32.2309 -43.2616 -43.0741 -38.2395 -37.2297 -26.9285 -39.6118 -35.6911 -46.1892
-20.2832 -51.1178 -27.2122 -32.6218 -29.7498 -29.3505 -45.5961 -34.1156 -11.5998 -36.1908 -19.5355 -33.2556  -20.865 -44.9139 -32.6669 -34.7995 -24.7726 -55.5329 -25.0094 -91.1503 -41.3808 -41.0326 -41.7514 -28.9488 -35.3799 -31.4714 -51.0227  -37.543 -32.6961 -16.5228 -30.0097 -29.9326 -53.0473 -23.9157 -31.2453 -32.2295  -10.488 -22.6601 -36.2342  -40.084
-40.5171 -47.7885  -49.557 -39.7939 -42.7186 -42.6915 -72.6571 -37.1325 -46.5471 -63.5719 -28.9303 -63.6129  -66.826 -61.7876 -39.2809 -54.2244 -24.7977 -81.0533 -33.5145 -41.3808 -116.687 -65.0692 -26.4604 -45.9517 -36.4787 -44.3739  -51.191 -49.9779 -31.2447 -38.7639 -46.6056 -30.0394 -19.4239 -45.9383  -51.094 -67.1409 -34.4564 -33.3034 -59.3934 -47.7482
-32.7661 -59.0209 -50.0261  -34.008 -34.5523 -40.6196 -54.5432 -51.9351 -20.9656 -53.8782 -50.1528 -51.8615 -52.4126 -68.0991 -45.0228 -69.5735  -36.032 -77.9598 -26.9071 -41.0326 -65.0692 -106.197 -39.6576 -38.8988 -36.5179 -42.0872 -48.0091 -48.6269 -30.2848 -55.5981 -33.4001 -37.9681 -36.8432 -49.3335 -64.2283 -53.7618 -38.5023 -39.0261 -55.3311 -39.4349
-12.3443 -46.4964 -32.8805 -38.3839 -30.8842 -35.5769 -39.4901 -38.5033 -39.7505 -37.3001 -29.8873 -43.9345 -26.3738 -45.8757 -37.8782 -45.6385 -42.0365 -68.4236 -24.5859 -41.7514 -26.4604 -39.6576 -78.8741 -27.1727  -41.684 -36.2884 -49.6965 -44.5541 -38.3816 -48.0228 -33.0442 -44.5612 -50.0628 -51.0096 -43.2782 -47.6038 -43.8658 -46.7825 -54.7183 -45.8759
-37.2178 -61.0405 -54.6433 -42.9438 -40.0244 -27.6856 -36.0966 -32.3309 -46.4952 -46.2049 -33.6285 -46.7745 -47.5557 -55.4515 -49.4133 -45.2094 -26.4935 -67.4477 -23.7166 -28.9488 -45.9517 -38.8988 -27.1727 -82.6883 -43.2406 -24.8472 -36.6261 -57.0648 -33.8465 -43.2274 -26.0633 -29.4121 -34.1503 -48.5895 -45.5618 -46.4621  -30.723 -43.5521 -43.0659 -49.2854
-22.7594 -59.5981 -56.0648 -20.4598 -36.5207 -18.8579  -37.963  -45.987 -35.6586 -44.6921 -28.5387 -21.9421  -28.651 -39.1482 -30.4357  -42.021 -30.9781 -64.2377 -11.1398 -35.3799 -36.4787 -36.5179  -41.684 -43.2406 -84.4472 -30.6477 -49.7432 -57.9541 -32.2592 -46.5271 -24.8706 -37.0047 -33.0981 -49.6903 -34.8372 -47.3739 -23.4594 -38.9786 -34.1051 -40.0163
-18.8873 -44.3057 -37.2371 -35.7197 -23.3081 -28.8493 -48.1769 -45.9616 -30.4893  -36.322 -37.0434  -40.633 -43.8861 -43.6119 -27.7372 -33.4205 -26.2282 -73.3107 -50.7548 -31.4714 -44.3739 -42.0872 -36.2884 -24.8472 -30.6477 -84.8647 -34.3182 -38.1735 -25.3571 -29.2784 -49.8501 -33.7845 -32.4544 -39.0627  -36.194 -47.4174 -30.7236 -38.4722 -34.4467 -37.7466
-36.2219 -43.9038 -58.2889 -41.7679 -28.8373 -30.8344 -49.3638 -45.0884 -31.7857 -58.6988 -30.4861 -37.6463 -25.5165 -49.9085   -43.03 -51.2494  -41.776 -72.3762   -28.38 -51.0227  -51.191 -48.0091 -49.6965 -36.6261 -49.7432 -34.3182 -98.9008 -50.5283   -27.98 -48.6606  -33.957 -28.0961 -45.6225 -53.8164 -57.2951 -40.7148 -39.8356 -29.4592 -49.8788 -50.4072
-34.7431 -59.2102 -70.9113 -62.3269 -53.6009 -37.5789 -45.5993 -40.6268 -55.2547 -49.8088 -37.1126 -50.9375 -57.3555 -58.1171 -45.9504 -59.2022 -39.3847 -77.5331 -32.7887  -37.543 -49.9779 -48.6269 -44.5541 -57.0648 -57.9541 -38.1735 -50.5283 -104.205 -37.9934 -54.1915 -40.5071 -47.1202 -50.0067 -66.2358 -57.2521 -71.2443 -42.2556 -52.6095 -55.6965 -63.6838
 -8.4619 -34.4216 -25.3191 -25.4876  -18.395 -15.5402 -36.4213 -28.3841 -25.7691 -30.1643 -19.8879 -26.0778 -24.0193 -57.1536 -30.8321 -37.0515 -20.0637 -49.1086 -17.4892 -32.6961 -31.2447 -30.2848 -38.3816 -33.8465 -32.2592 -25.3571   -27.98 -37.9934 -70.9525  -32.423 -25.1207 -27.1205 -30.3116  -42.329 -29.1586  -32.932 -10.2599 -31.4025 -44.1581 -31.5262
 -36.558 -49.8309 -52.1309 -27.7922 -32.8296 -18.5373 -28.0503 -49.6403 -48.8615 -49.1858 -37.6238 -50.2115 -43.1238 -52.5554 -45.8862 -65.9691 -20.3413 -73.8723 -30.9501 -16.5228 -38.7639 -55.5981 -48.0228 -43.2274 -46.5271 -29.2784 -48.6606 -54.1915  -32.423 -107.272 -24.3575 -33.4936 -45.9011 -47.1276 -50.7901 -46.8817 -38.7315  -46.468 -46.2974 -45.6593
-15.2732 -42.5187 -43.4162 -45.3708 -37.9333 -36.6295 -47.4968  -29.964 -29.6332 -29.9575 -24.9941 -38.0271 -45.5182 -26.8636 -31.7495  -27.516 -29.5973 -45.7612  -42.103 -30.0097 -46.6056 -33.4001 -33.0442 -26.0633 -24.8706 -49.8501  -33.957 -40.5071 -25.1207 -24.3575 -83.6116 -25.1799 -48.1613    -43.7 -26.5756 -55.5228 -33.3639 -28.9461 -31.9107 -53.5416
-12.6499 -46.2671 -32.6492 -40.1954 -35.3509 -30.9751 -43.7216 -43.3622  -40.682 -38.3329  -37.957 -47.9498 -49.0864 -46.2843 -27.6618 -42.6669 -40.9687 -55.3728 -32.2309 -29.9326 -30.0394 -37.9681 -44.5612 -29.4121 -37.0047 -33.7845 -28.0961 -47.1202 -27.1205 -33.4936 -25.1799  -80.062 -36.1785 -54.9649 -30.5674 -45.7827 -30.7192  -35.926 -40.3404 -59.5063
-32.0613 -50.9545 -41.5026 -49.7839 -42.2037 -30.4292 -51.9561 -36.8378 -27.0566 -37.0421 -34.7117 -48.6285 -31.5267 -56.3111 -31.3417 -41.8307 -36.3059 -54.5444 -43.2616 -53.0473 -19.4239 -36.8432 -50.0628 -34.1503 -33.0981 -32.4544 -45.6225 -50.0067 -30.3116 -45.9011 -48.1613 -36.1785 -101.192 -40.3373  -55.477 -46.8646 -52.7566 -37.9472 -48.2047 -62.5521
-23.1246 -63.2781 -63.6974  -56.761 -36.9206 -37.7052 -52.7679 -47.1881 -59.1175 -49.8347 -45.2736 -63.6889 -54.5852 -51.2795 -63.0292 -67.9837 -63.8724 -77.3589 -43.0741 -23.9157 -45.9383 -49.3335 -51.0096 -48.5895 -49.6903 -39.0627 -53.8164 -66.2358  -42.329 -47.1276    -43.7 -54.9649 -40.3373 -117.904 -50.7484 -52.8117 -51.0389 -51.7435 -67.7383 -80.3839
-53.6706 -43.7776 -52.4152 -55.7199 -37.4057 -44.8697 -54.6063 -39.5523 -28.7952 -48.8588 -36.3521 -52.3517 -36.8176 -67.2225 -45.3287 -53.9019 -39.1507 -73.7292 -38.2395 -31.2453  -51.094 -64.2283 -43.2782 -45.5618 -34.8372  -36.194 -57.2951 -57.2521 -29.1586 -50.7901 -26.5756 -30.5674  -55.477 -50.7484 -105.766 -57.7623 -64.2467 -50.5508 -68.3966 -44.8645
-30.7894 -49.8403 -56.7559 -49.3211 -54.0418 -38.7647 -71.9757 -38.6384 -52.0132 -35.0301 -33.4009  -52.076 -60.7216 -57.9506 -48.3008 -46.0724 -39.2193  -84.315 -37.2297 -32.2295 -67.1409 -53.7618 -47.6038 -46.4621 -47.3739 -47.4174 -40.7148 -71.2443  -32.932 -46.8817 -55.5228 -45.7827 -46.8646 -52.8117 -57.7623  -102.16 -48.6662 -46.5281 -54.5656 -56.3988
-33.6138 -27.2098 -44.9696 -55.9693 -45.5391 -29.4526 -35.3681 -35.0817 -44.7777 -41.5464 -34.3756 -58.0856 -32.6086 -50.4576 -42.7537 -58.1854 -54.7258  -59.385 -26.9285  -10.488 -34.4564 -38.5023 -43.8658  -30.723 -23.4594 -30.7236 -39.8356 -42.2556 -10.2599 -38.7315 -33.3639 -30.7192 -52.7566 -51.0389 -64.2467 -48.6662 -106.307 -46.6662  -67.582 -44.2933
-32.0748 -47.4108 -38.7135 -39.9995 -24.4118  -36.332  -36.064 -40.0612 -48.5493 -26.7739 -18.3385 -41.0142 -34.8666 -50.2931 -43.7235 -43.1255 -37.3513 -60.9742 -39.6118 -22.6601 -33.3034 -39.0261 -46.7825 -43.5521 -38.9786 -38.4722 -29.4592 -52.6095 -31.4025  -46.468 -28.9461  -35.926 -37.9472 -51.7435 -50.5508 -46.5281 -46.6662   -80.83 -53.4524 -43.1115
-35.2335 -45.1778 -59.0978 -56.5355 -54.6553 -42.7102 -45.5255 -38.6156 -45.1058 -56.7943 -31.3674  -68.012 -42.3074 -85.2189  -40.655 -67.3685 -49.0592  -78.577 -35.6911 -36.2342 -59.3934 -55.3311 -54.7183 -43.0659 -34.1051 -34.4467 -49.8788 -55.6965 -44.1581 -46.2974 -31.9107 -40.3404 -48.2047 -67.7383 -68.3966 -54.5656  -67.582 -53.4524 -115.465 -61.6384
-37.9633 -58.2901 -72.0625 -58.7181 -50.5529 -29.4828 -55.9695 -48.6748 -63.7306 -55.1065 -42.4183 -68.9395  -67.132 -59.0888 -58.8656 -56.9951 -56.4437 -73.2962 -46.1892  -40.084 -47.7482 -39.4349 -45.8759 -49.2854 -40.0163 -37.7466 -50.4072 -63.6838 -31.5262 -45.6593 -53.5416 -59.5063 -62.5521 -80.3839 -44.8645 -56.3988 -44.2933 -43.1115 -61.6384 -110.638
   2.74416   0.244274 -0.0702747    1.70125    2.97508  0.0108605    1.31479  -0.500558    2.08794  -0.672323  -0.035758  -0.365513    1.32264    1.85331    2.02712     1.2654   0.744237   0.243722    1.36934    1.11951         -0         -0         -0         -0         -0         -0         -0         -0         -0         -0         -0         -0         -0         -0         -0         -0         -0         -0         -0         -0
 0.244274    1.7501  0.817215  0.460051 -0.906993 -0.326245   1.72038 -0.580276   2.20576  0.193981  0.718473   0.66093   1.53589   2.49988  0.311738 -0.625582   1.92176   1.58386 -0.357726   1.29876        -0        -0        -0        -0        -0        -0        -0        -0        -0        -0        -0        -0        -0        -0        -0        -0        -0        -0        -0        -0
-0.0702747   0.817215    2.53242  0.0625271  -0.814874   0.709649   0.577173  -0.102184 -0.0245392  -0.643936     1.8544    2.42818    2.21518  0.0539968    1.78181    1.88565    1.56515    2.57698    2.82875    2.10711         -0         -0         -0         -0         -0         -0         -0         -0         -0         -0         -0         -0         -0         -0         -0         -0         -0         -0         -0         -0
  1.70125  0.460051 0.0625271    2.8708 -0.699406   2.06071    2.0381   1.50996 -0.896478  0.969593   2.65126  0.317518   2.30614   2.29903   2.50086 -0.471876   2.68701 -0.128479 -0.538873   2.12654        -0        -0        -0        -0        -0        -0        -0        -0        -0        -0        -0        -0        -0        -0        -0        -0        -0        -0        -0        -0
  2.97508 -0.906993 -0.814874 -0.699406   2.31681   1.75507   2.41905   1.63145  0.674463  0.145354  0.282531   1.91949   1.72829   1.30536  0.254736   1.18179    1.5663 -0.655062   2.76863   1.55569        -0        -0        -0        -0        -0        -0        -0        -0        -0        -0        -0        -0        -0        -0        -0        -0        -0        -0        -0        -0
0.0108605 -0.326245  0.709649   2.06071   1.75507 -0.448428   1.15226  -0.87528   2.97751 -0.114793 -0.576754   1.25095   2.34184    1.6174   2.23287  0.664968 -0.923566   2.98422  0.237272   2.82392        -0        -0        -0        -0        -0        -0        -0        -0        -0        -0        -0        -0        -0        -0        -0        -0        -0        -0        -0        -0
   1.31479    1.72038   0.577173     2.0381    2.41905    1.15226    1.21697     2.8373    2.87417    2.03056 -0.0302699    2.67501   0.434984  0.0272771     1.8941   0.519143    2.93515   0.754055  -0.265289    1.69988         -0         -0         -0         -0         -0         -0         -0         -0         -0         -0         -0         -0         -0         -0         -0         -0         -0         -0         -0         -0
 -0.500558  -0.580276  -0.102184    1.50996    1.63145   -0.87528     2.8373   0.501311  -0.305263    2.24898 -0.0286901  -0.844435     2.8059   0.534084    2.44869      2.331  -0.171766   0.338888  -0.440044    1.88905         -0         -0         -0         -0         -0         -0         -0         -0         -0         -0         -0         -0         -0         -0         -0         -0         -0         -0         -0         -0
   2.08794    2.20576 -0.0245392  -0.896478   0.674463    2.97751    2.87417  -0.305263    1.55944    2.63132   0.829388 -0.0520982    1.49906   0.150535    2.35894   0.879268      1.615    2.28556  -0.835066  -0.524118         -0         -0         -0         -0         -0         -0         -0         -0         -0         -0         -0         -0         -0         -0         -0         -0         -0         -0         -0         -0
-0.672323  0.193981 -0.643936  0.969593  0.145354 -0.114793   2.03056   2.24898   2.63132  0.477269   2.78951   1.72724   1.81281   2.72683    1.4429   1.31606  0.717373   1.08528 -0.660702   2.10145        -0        -0        -0        -0        -0        -0        -0        -0        -0        -0        -0        -0        -0        -0        -0        -0        -0        -0        -0        -0
 -0.035758   0.718473     1.8544    2.65126   0.282531  -0.576754 -0.0302699 -0.0286901   0.829388    2.78951    2.83634    2.95108  -0.485179     1.5922    1.59054    1.97927  -0.759294   0.691779    2.23055   0.837408         -0         -0         -0         -0         -0         -0         -0         -0         -0         -0         -0         -0         -0         -0         -0         -0         -0         -0         -0         -0
 -0.365513    0.66093    2.42818   0.317518    1.91949    1.25095    2.67501  -0.844435 -0.0520982    1.72724    2.95108   0.912144    2.13354    2.47318    1.21226 -0.0936165  -0.119605  0.0297976   0.408656    1.84522         -0         -0         -0         -0         -0         -0         -0         -0         -0         -0         -0         -0         -0         -0         -0         -0         -0         -0         -0         -0
   1.32264    1.53589    2.21518    2.30614    1.72829    2.34184   0.434984     2.8059    1.49906    1.81281  -0.485179    2.13354  -0.526255    1.26273   0.942778     2.6278    1.09179 0.00703652    1.92316    2.74372         -0         -0         -0         -0         -0         -0         -0         -0         -0         -0         -0         -0         -0         -0         -0         -0         -0         -0         -0         -0
  1.85331   2.49988 0.0539968   2.29903   1.30536    1.6174 0.0272771  0.534084  0.150535   2.72683    1.5922   2.47318   1.26273  0.807375   2.64454   0.76108   2.12636 -0.743073   1.80753   0.66616        -0        -0        -0        -0        -0        -0        -0        -0        -0        -0        -0        -0        -0        -0        -0        -0        -0        -0        -0        -0
  2.02712  0.311738   1.78181   2.50086  0.254736   2.23287    1.8941   2.44869   2.35894    1.4429   1.59054   1.21226  0.942778   2.64454  0.511286 -0.592756  0.408519 -0.283188   1.28018   2.30635        -0        -0        -0        -0        -0        -0        -0        -0        -0        -0        -0        -0        -0        -0        -0        -0        -0        -0        -0        -0
    1.2654  -0.625582    1.88565  -0.471876    1.18179   0.664968   0.519143      2.331   0.879268    1.31606    1.97927 -0.0936165     2.6278    0.76108  -0.592756  -0.117466  -0.726417    2.57333    2.26809    2.51235         -0         -0         -0         -0         -0         -0         -0         -0         -0         -0         -0         -0         -0         -0         -0         -0         -0         -0         -0         -0
 0.744237   1.92176   1.56515   2.68701    1.5663 -0.923566   2.93515 -0.171766     1.615  0.717373 -0.759294 -0.119605   1.09179   2.12636  0.408519 -0.726417 -0.208675 -0.666639   1.79175   1.90343        -0        -0        -0        -0        -0        -0        -0        -0        -0        -0        -0        -0        -0        -0        -0        -0        -0        -0        -0        -0
  0.243722    1.58386    2.57698  -0.128479  -0.655062    2.98422   0.754055   0.338888    2.28556    1.08528   0.691779  0.0297976 0.00703652  -0.743073  -0.283188    2.57333  -0.666639  -0.348036  -0.965768  -0.958943         -0         -0         -0         -0         -0         -0         -0         -0         -0         -0         -0         -0         -0         -0         -0         -0         -0         -0         -0         -0
  1.36934 -0.357726   2.82875 -0.538873   2.76863  0.237272 -0.265289 -0.440044 -0.835066 -0.660702   2.23055  0.408656   1.92316   1.80753   1.28018   2.26809   1.79175 -0.965768 -0.393017 -0.927693        -0        -0        -0        -0        -0        -0        -0        -0        -0        -0        -0        -0        -0        -0        -0        -0        -0        -0        -0        -0
  1.11951   1.29876   2.10711   2.12654   1.55569   2.82392   1.69988   1.88905 -0.524118   2.10145  0.837408   1.84522   2.74372   0.66616   2.30635   2.51235   1.90343 -0.958943 -0.927693   2.06837        -0        -0        -0        -0        -0        -0        -0        -0        -0        -0        -0        -0        -0        -0        -0        -0        -0        -0        -0        -0
        -0         -0         -0         -0         -0         -0         -0         -0         -0         -0         -0         -0         -0         -0         -0         -0         -0         -0         -0         -0   -2.74416  -0.244274  0.0702747   -1.70125   -2.97508 -0.0108605   -1.31479   0.500558   -2.08794   0.672323   0.035758   0.365513   -1.32264   -1.85331   -2.02712    -1.2654  -0.744237  -0.243722   -1.36934   -1.11951
       -0        -0        -0        -0        -0        -0        -0        -0        -0        -0        -0        -0        -0        -0        -0        -0        -0        -0        -0        -0 -0.244274   -1.7501 -0.817215 -0.460051  0.906993  0.326245  -1.72038  0.580276  -2.20576 -0.193981 -0.718473  -0.66093  -1.53589  -2.49988 -0.311738  0.625582  -1.92176  -1.58386  0.357726  -1.29876
        -0         -0         -0         -0         -0         -0         -0         -0         -0         -0         -0         -0         -0         -0         -0         -0         -0         -0         -0         -0  0.0702747  -0.817215   -2.53242 -0.0625271   0.814874  -0.709649  -0.577173   0.102184  0.0245392   0.643936    -1.8544   -2.42818   -2.21518 -0.0539968   -1.78181   -1.88565   -1.56515   -2.57698   -2.82875   -2.10711
        -0         -0         -0         -0         -0         -0         -0         -0         -0         -0         -0         -0         -0         -0         -0         -0         -0         -0         -0         -0   -1.70125  -0.460051 -0.0625271    -2.8708   0.699406   -2.06071    -2.0381   -1.50996   0.896478  -0.969593   -2.65126  -0.317518   -2.30614   -2.29903   -2.50086   0.471876   -2.68701   0.128479   0.538873   -2.12654
       -0        -0        -0        -0        -0        -0        -0        -0        -0        -0        -0        -0        -0        -0        -0        -0        -0        -0        -0        -0  -2.97508  0.906993  0.814874  0.699406  -2.31681  -1.75507  -2.41905  -1.63145 -0.674463 -0.145354 -0.282531  -1.91949  -1.72829  -1.30536 -0.254736  -1.18179   -1.5663  0.655062  -2.76863  -1.55569
        -0         -0         -0         -0         -0         -0         -0         -0         -0         -0         -0         -0         -0         -0         -0         -0         -0         -0         -0         -0 -0.0108605   0.326245  -0.709649   -2.06071   -1.75507   0.448428   -1.15226    0.87528   -2.97751   0.114793   0.576754   -1.25095   -2.34184    -1.6174   -2.23287  -0.664968   0.923566   -2.98422  -0.237272   -2.82392
        -0         -0         -0         -0         -0         -0         -0         -0         -0         -0         -0         -0         -0         -0         -0         -0         -0         -0         -0         -0   -1.31479   -1.72038  -0.577173    -2.0381   -2.41905   -1.15226   -1.21697    -2.8373   -2.87417   -2.03056  0.0302699   -2.67501  -0.434984 -0.0272771    -1.8941  -0.519143   -2.93515  -0.754055   0.265289   -1.69988
       -0        -0        -0        -0        -0        -0        -0        -0        -0        -0        -0        -0        -0        -0        -0        -0        -0        -0        -0        -0  0.500558  0.580276  0.102184  -1.50996  -1.63145   0.87528   -2.8373 -0.501311  0.305263  -2.24898 0.0286901  0.844435   -2.8059 -0.534084  -2.44869    -2.331  0.171766 -0.338888  0.440044  -1.88905
       -0        -0        -0        -0        -0        -0        -0        -0        -0        -0        -0        -0        -0        -0        -0        -0        -0        -0        -0        -0  -2.08794  -2.20576 0.0245392  0.896478 -0.674463  -2.97751  -2.87417  0.305263  -1.55944  -2.63132 -0.829388 0.0520982  -1.49906 -0.150535  -2.35894 -0.879268    -1.615  -2.28556  0.835066  0.524118
       -0        -0        -0        -0        -0        -0        -0        -0        -0        -0        -0        -0        -0        -0        -0        -0        -0        -0        -0        -0  0.672323 -0.193981  0.643936 -0.969593 -0.145354  0.114793  -2.03056  -2.24898  -2.63132 -0.477269  -2.78951  -1.72724  -1.81281  -2.72683   -1.4429  -1.31606 -0.717373  -1.08528  0.660702  -2.10145
       -0        -0        -0        -0        -0        -0        -0        -0        -0        -0        -0        -0        -0        -0        -0        -0        -0        -0        -0        -0  0.035758 -0.718473   -1.8544  -2.65126 -0.282531  0.576754 0.0302699 0.0286901 -0.829388  -2.78951  -2.83634  -2.95108  0.485179   -1.5922  -1.59054  -1.97927  0.759294 -0.691779  -2.23055 -0.837408
        -0         -0         -0         -0         -0         -0         -0         -0         -0         -0         -0         -0         -0         -0         -0         -0         -0         -0         -0         -0   0.365513   -0.66093   -2.42818  -0.317518   -1.91949   -1.25095   -2.67501   0.844435  0.0520982   -1.72724   -2.95108  -0.912144   -2.13354   -2.47318   -1.21226  0.0936165   0.119605 -0.0297976  -0.408656   -1.84522
         -0          -0          -0          -0          -0          -0          -0          -0          -0          -0          -0          -0          -0          -0          -0          -0          -0          -0          -0          -0    -1.32264    -1.53589    -2.21518    -2.30614    -1.72829    -2.34184   -0.434984     -2.8059    -1.49906    -1.81281    0.485179    -2.13354    0.526255    -1.26273   -0.942778     -2.6278    -1.09179 -0.00703652    -1.92316    -2.74372
        -0         -0         -0         -0         -0         -0         -0         -0         -0         -0         -0         -0         -0         -0         -0         -0         -0         -0         -0         -0   -1.85331   -2.49988 -0.0539968   -2.29903   -1.30536    -1.6174 -0.0272771  -0.534084  -0.150535   -2.72683    -1.5922   -2.47318   -1.26273  -0.807375   -2.64454   -0.76108   -2.12636   0.743073   -1.80753   -0.66616
       -0        -0        -0        -0        -0        -0        -0        -0        -0        -0        -0        -0        -0        -0        -0        -0        -0        -0        -0        -0  -2.02712 -0.311738  -1.78181  -2.50086 -0.254736  -2.23287   -1.8941  -2.44869  -2.35894   -1.4429  -1.59054  -1.21226 -0.942778  -2.64454 -0.511286  0.592756 -0.408519  0.283188  -1.28018  -2.30635
       -0        -0        -0        -0        -0        -0        -0        -0        -0        -0        -0        -0        -0        -0        -0        -0        -0        -0        -0        -0   -1.2654  0.625582  -1.88565  0.471876  -1.18179 -0.664968 -0.519143    -2.331 -0.879268  -1.31606  -1.97927 0.0936165   -2.6278  -0.76108  0.592756  0.117466  0.726417  -2.57333  -2.26809  -2.51235
       -0        -0        -0        -0        -0        -0        -0        -0        -0        -0        -0        -0        -0        -0        -0        -0        -0        -0        -0        -0 -0.744237  -1.92176  -1.56515  -2.68701   -1.5663  0.923566  -2.93515  0.171766    -1.615 -0.717373  0.759294  0.119605  -1.09179  -2.12636 -0.408519  0.726417  0.208675  0.666639  -1.79175  -1.90343
         -0          -0          -0          -0          -0          -0          -0          -0          -0          -0          -0          -0          -0          -0          -0          -0          -0          -0          -0          -0   -0.243722    -1.58386    -2.57698    0.128479    0.655062    -2.98422   -0.754055   -0.338888    -2.28556    -1.08528   -0.691779  -0.0297976 -0.00703652    0.743073    0.283188    -2.57333    0.666639    0.348036    0.965768    0.958943
       -0        -0        -0        -0        -0        -0        -0        -0        -0        -0        -0        -0        -0        -0        -0        -0        -0        -0        -0        -0  -1.36934  0.357726  -2.82875  0.538873  -2.76863 -0.237272  0.265289  0.440044  0.835066  0.660702  -2.23055 -0.408656  -1.92316  -1.80753  -1.28018  -2.26809  -1.79175  0.965768  0.393017  0.927693
       -0        -0        -0        -0        -0        -0        -0        -0        -0        -0        -0        -0        -0        -0        -0        -0        -0        -0        -0        -0  -1.11951  -1.29876  -2.10711  -2.12654  -1.55569  -2.82392  -1.69988  -1.88905  0.524118  -2.10145 -0.837408  -1.84522  -2.74372  -0.66616  -2.30635  -2.51235  -1.90343  0.958943  0.927693  -2.06837
 -0.619645    0.83881    1.01303    2.79231    1.72272  -0.573196   0.366656    2.69437  0.0681201   0.632491    2.38007 -0.0167622   0.983566    1.23791  -0.560788  -0.942985   0.179174    2.15591    2.00358  -0.957847         -0         -0         -0         -0         -0         -0         -0         -0         -0         -0         -0         -0         -0         -0         -0         -0         -0         -0         -0         -0
  0.83881 -0.240503     1.462   2.35721 -0.359754 -0.743136   2.56011   1.29352   1.22835   1.65041   1.74065   2.05642   2.22057   1.78929  0.706311 -0.649232   2.48756   1.31517  0.809027 -0.298214        -0        -0        -0        -0        -0        -0        -0        -0        -0        -0        -0        -0        -0        -0        -0        -0        -0        -0        -0        -0
   1.01303      1.462    2.33405  -0.846881    2.04867    0.60867    2.79833    0.65236    2.31166    1.99991    1.49376   0.507009   0.584289    2.30458  -0.508468   0.932368    1.95587 -0.0848945    1.41259    2.36006         -0         -0         -0         -0         -0         -0         -0         -0         -0         -0         -0         -0         -0         -0         -0         -0         -0         -0         -0         -0
  2.79231   2.35721 -0.846881 -0.737648  0.927726  0.214143     2.242   1.67953 -0.355593 -0.391207 -0.905213   2.58492   0.69392   2.96557  0.662046 -0.702073   1.42545  0.674392   2.10676   2.34118        -0        -0        -0        -0        -0        -0        -0        -0        -0        -0        -0        -0        -0        -0        -0        -0        -0        -0        -0        -0
  1.72272 -0.359754   2.04867  0.927726   1.71716  0.877386 -0.760976   2.31258  0.516156 -0.838704    2.8494 -0.176347  0.963357  0.323873   1.60965   2.52901  0.270765 -0.587656  0.820541   2.63426        -0        -0        -0        -0        -0        -0        -0        -0        -0        -0        -0        -0        -0        -0        -0        -0        -0        -0        -0        -0
 -0.573196  -0.743136    0.60867   0.214143   0.877386    1.36247    2.05701 -0.0575107    1.11109    2.39957  -0.671799  -0.632195    1.37008  -0.893883  -0.960328     1.6396  -0.550085    2.92875    1.25413   0.615625         -0         -0         -0         -0         -0         -0         -0         -0         -0         -0         -0         -0         -0         -0         -0         -0         -0         -0         -0         -0
   0.366656     2.56011     2.79833       2.242   -0.760976     2.05701    0.349032   -0.618136     1.09808     2.82412   -0.877914     2.70275    0.565569    0.542638     2.70853      1.5022 -0.00439748     1.80253     1.73896     2.91098          -0          -0          -0          -0          -0          -0          -0          -0          -0          -0          -0          -0          -0          -0          -0          -0          -0          -0          -0          -0
   2.69437    1.29352    0.65236    1.67953    2.31258 -0.0575107  -0.618136 -0.0894427    2.16643  -0.270804   0.900634  -0.298028  -0.894289  -0.813338     2.8808  0.0773338    2.16008    1.54919  -0.528349    2.01664         -0         -0         -0         -0         -0         -0         -0         -0         -0         -0         -0         -0         -0         -0         -0         -0         -0         -0         -0         -0
 0.0681201    1.22835    2.31166  -0.355593   0.516156    1.11109    1.09808    2.16643    2.46054   0.148268     1.5445    0.32668    1.97999  0.0297413    2.29056 -0.0876079    2.48659    1.65094  -0.402144   -0.13321         -0         -0         -0         -0         -0         -0         -0         -0         -0         -0         -0         -0         -0         -0         -0         -0         -0         -0         -0         -0
 0.632491   1.65041   1.99991 -0.391207 -0.838704   2.39957   2.82412 -0.270804  0.148268  -0.62667 0.0599419   1.98702   1.16642 0.0203366   1.45699 -0.187825   2.75242   2.81147   2.44849   2.64086        -0        -0        -0        -0        -0        -0        -0        -0        -0        -0        -0        -0        -0        -0        -0        -0        -0        -0        -0        -0
  2.38007   1.74065   1.49376 -0.905213    2.8494 -0.671799 -0.877914  0.900634    1.5445 0.0599419   2.74288 -0.959173   2.39633  0.593955   1.47862  0.605642   1.07915    2.9766 -0.964847  0.885624        -0        -0        -0        -0        -0        -0        -0        -0        -0        -0        -0        -0        -0        -0        -0        -0        -0        -0        -0        -0
-0.0167622    2.05642   0.507009    2.58492  -0.176347  -0.632195    2.70275  -0.298028    0.32668    1.98702  -0.959173  -0.293248    2.96322    2.01331   0.528468   0.351604    2.54361    2.83011    2.75376    2.87037         -0         -0         -0         -0         -0         -0         -0         -0         -0         -0         -0         -0         -0         -0         -0         -0         -0         -0         -0         -0
 0.983566   2.22057  0.584289   0.69392  0.963357   1.37008  0.565569 -0.894289   1.97999   1.16642   2.39633   2.96322  0.222834 -0.759088  0.246278   1.51849 -0.896817   2.29903  0.763657  0.449888        -0        -0        -0        -0        -0        -0        -0        -0        -0        -0        -0        -0        -0        -0        -0        -0        -0        -0        -0        -0
   1.23791    1.78929    2.30458    2.96557   0.323873  -0.893883   0.542638  -0.813338  0.0297413  0.0203366   0.593955    2.01331  -0.759088    2.17824   0.783203    1.09717  -0.988486    1.93247 -0.0497419  -0.701787         -0         -0         -0         -0         -0         -0         -0         -0         -0         -0         -0         -0         -0         -0         -0         -0         -0         -0         -0         -0
-0.560788  0.706311 -0.508468  0.662046   1.60965 -0.960328   2.70853    2.8808   2.29056   1.45699   1.47862  0.528468  0.246278  0.783203  0.494041   2.01365   2.84154   1.25556  0.428154   1.97714        -0        -0        -0        -0        -0        -0        -0        -0        -0        -0        -0        -0        -0        -0        -0        -0        -0        -0        -0        -0
 -0.942985  -0.649232   0.932368  -0.702073    2.52901     1.6396     1.5022  0.0773338 -0.0876079  -0.187825   0.605642   0.351604    1.51849    1.09717    2.01365   0.128139    2.63219  -0.430204      1.176    2.27043         -0         -0         -0         -0         -0         -0         -0         -0         -0         -0         -0         -0         -0         -0         -0         -0         -0         -0         -0         -0
   0.179174     2.48756     1.95587     1.42545    0.270765   -0.550085 -0.00439748     2.16008     2.48659     2.75242     1.07915     2.54361   -0.896817   -0.988486     2.84154     2.63219     1.65111     2.38239   -0.120987     1.55234          -0          -0          -0          -0          -0          -0          -0          -0          -0          -0          -0          -0          -0          -0          -0          -0          -0          -0          -0          -0
   2.15591    1.31517 -0.0848945   0.674392  -0.587656    2.92875    1.80253    1.54919    1.65094    2.81147     2.9766    2.83011    2.29903    1.93247    1.25556  -0.430204    2.38239    2.25117  -0.769315   0.716094         -0         -0         -0         -0         -0         -0         -0         -0         -0         -0         -0         -0         -0         -0         -0         -0         -0         -0         -0         -0
   2.00358   0.809027    1.41259    2.10676   0.820541    1.25413    1.73896  -0.528349  -0.402144    2.44849  -0.964847    2.75376   0.763657 -0.0497419   0.428154      1.176  -0.120987  -0.769315   -0.27481    2.74208         -0         -0         -0         -0         -0         -0         -0         -0         -0         -0         -0         -0         -0         -0         -0         -0         -0         -0         -0         -0
